case_id,task,question,questionnaire,expected_answer,prompt,Response,Correct
case_2,conceptual_aggregation,How many respondents have Situation score of 3?,"@prefix : <http://example.org/survey#> .
@prefix pred: <http://example.org/predicate#> .

# Questions
:QDate pred:Text ""What is the date of the session? [Open-ended]"" .
:QSessionName pred:Text ""What is the name of the session? [Open-ended]"" .
:QIdentification pred:Text ""Identification of self, role, and patient. [Rubric: 0 = Requires direct prompting, 1 = Introduces themselves but only after a hint, 2 = Introduces themselves but information is incomplete, 3 = Introduces themselves and information is complete]"" .
:QSituation pred:Text ""Identifies the main problem(s). [Rubric: 0 = Unable to identify the main problem(s), 1 = Identifies the main problem(s) after extended prompting, 2 = Identifies the main problem(s) with fewer prompts needed, 3 = Identifies and prioritizes the main problem(s) unprompted]"" .
:QBackground_history pred:Text ""Gives appropriate history. [Rubric: 0 = History is unstructured or non-relevant, 1 = Relevant history but frequent clarification needed, 2 = Relevant history with few further questions needed, 3 = Comprehensive focused history]"" .
:QBackground_examination pred:Text ""Gives appropriate examination/observations. [Rubric: 0 = Observations are omitted or irrelevant, 1 = Observations reported but frequent clarification needed, 2 = Observations reported with few further questions needed, 3 = Comprehensive focused examination/observations]"" .
:QAssessment pred:Text ""Makes logical assessment (correlates problem, history, exam, context). [Rubric: 0 = No logical assessment, 1 = Assessment only after extended questioning, 2 = Assessment after minimal questioning, 3 = Comprehensive logical assessment without questioning]"" .
:QRecommendation_clear_recommendation pred:Text ""Makes a clear recommendation. [Rubric: 0 = No recommendation, 1 = Clear recommendation only after extended questioning, 2 = Clear recommendation after minimal questioning, 3 = Clear comprehensive recommendation without questioning]"" .
:QRecommendation_global_rating_scale pred:Text ""Global Rating Scale (GRS) - How confident am I that I received an accurate picture of the patient? [Rubric: 0 = Not at all confident, 1 = Confident but required extended questioning, 2 = Confident but required some further questioning, 3 = Confident and required little or no questioning]"" .
:QComments pred:Text ""Comments on the session. [Open-ended]"" .

# Responses
:Respondent6 a :Person ;
    pred:Date ""2025-04-04"" ;
    pred:SessionName ""III-Sepsis"" ;
    pred:Identification ""-1"" ;
    pred:Situation ""2"" ;
    pred:Background_history ""3"" ;
    pred:Background_examination ""3"" ;
    pred:Assessment ""3"" ;
    pred:Recommendation_clear_recommendation ""3"" ;
    pred:Recommendation_global_rating_scale ""3"" ;
    pred:Comments ""The patient/simulation is not oriented in TPP.
Clear communication between Reg and colleague during handover"" .

:Respondent5 a :Person ;
    pred:Date ""2025-03-14"" ;
    pred:SessionName ""(MI)-VT"" ;
    pred:Identification ""0"" ;
    pred:Situation ""2"" ;
    pred:Background_history ""2"" ;
    pred:Background_examination ""2"" ;
    pred:Assessment ""2"" ;
    pred:Recommendation_clear_recommendation ""2"" ;
    pred:Recommendation_global_rating_scale ""2"" ;
    pred:Comments ""Time: (15:53-16:14)"" .

:Respondent14 a :Person ;
    pred:Date ""2025-05-02"" ;
    pred:SessionName ""V (Hypoglycemia)"" ;
    pred:Identification ""3"" ;
    pred:Situation ""2"" ;
    pred:Background_history ""2"" ;
    pred:Background_examination ""2"" ;
    pred:Assessment ""3"" ;
    pred:Recommendation_clear_recommendation ""2"" ;
    pred:Recommendation_global_rating_scale ""3"" ;
    pred:Comments ""Satisfactory"" .

:Respondent1 a :Person ;
    pred:Date ""2025-03-14"" ;
    pred:SessionName ""III-Sepsis"" ;
    pred:Identification ""3"" ;
    pred:Situation ""3"" ;
    pred:Background_history ""2"" ;
    pred:Background_examination ""3"" ;
    pred:Assessment ""2"" ;
    pred:Recommendation_clear_recommendation ""2"" ;
    pred:Recommendation_global_rating_scale ""2"" ;
    pred:Comments ""Time: (1:00-1:17)"" .

",1,"How many respondents have Identification score of 3?

DATA:

@prefix : <http://example.org/survey#> .
@prefix pred: <http://example.org/predicate#> .

# Questions
:QDate pred:Text ""What is the date of the session? [Open-ended]"" .
:QSessionName pred:Text ""What is the name of the session? [Open-ended]"" .
:QIdentification pred:Text ""Identification of self, role, and patient. [Rubric: 0 = Requires direct prompting, 1 = Introduces themselves but only after a hint, 2 = Introduces themselves but information is incomplete, 3 = Introduces themselves and information is complete]"" .
:QSituation pred:Text ""Identifies the main problem(s). [Rubric: 0 = Unable to identify the main problem(s), 1 = Identifies the main problem(s) after extended prompting, 2 = Identifies the main problem(s) with fewer prompts needed, 3 = Identifies and prioritizes the main problem(s) unprompted]"" .
:QBackground_history pred:Text ""Gives appropriate history. [Rubric: 0 = History is unstructured or non-relevant, 1 = Relevant history but frequent clarification needed, 2 = Relevant history with few further questions needed, 3 = Comprehensive focused history]"" .
:QBackground_examination pred:Text ""Gives appropriate examination/observations. [Rubric: 0 = Observations are omitted or irrelevant, 1 = Observations reported but frequent clarification needed, 2 = Observations reported with few further questions needed, 3 = Comprehensive focused examination/observations]"" .
:QAssessment pred:Text ""Makes logical assessment (correlates problem, history, exam, context). [Rubric: 0 = No logical assessment, 1 = Assessment only after extended questioning, 2 = Assessment after minimal questioning, 3 = Comprehensive logical assessment without questioning]"" .
:QRecommendation_clear_recommendation pred:Text ""Makes a clear recommendation. [Rubric: 0 = No recommendation, 1 = Clear recommendation only after extended questioning, 2 = Clear recommendation after minimal questioning, 3 = Clear comprehensive recommendation without questioning]"" .
:QRecommendation_global_rating_scale pred:Text ""Global Rating Scale (GRS) - How confident am I that I received an accurate picture of the patient? [Rubric: 0 = Not at all confident, 1 = Confident but required extended questioning, 2 = Confident but required some further questioning, 3 = Confident and required little or no questioning]"" .
:QComments pred:Text ""Comments on the session. [Open-ended]"" .

# Responses
:Respondent2 a :Person ;
    pred:Date ""2025-03-14"" ;
    pred:SessionName ""II-Anaphylaxsis"" ;
    pred:Identification ""3"" ;
    pred:Situation ""3"" ;
    pred:Background_history ""2"" ;
    pred:Background_examination ""2"" ;
    pred:Assessment ""3"" ;
    pred:Recommendation_clear_recommendation ""3"" ;
    pred:Recommendation_global_rating_scale ""3"" ;
    pred:Comments ""Time: (11:43-11:58)
Talking to registrav could not summarize the condition of patient very clearly
DID: Sepsis I Anaphylaxsis given by team"" .

:Respondent17 a :Person ;
    pred:Date ""2025-05-04"" ;
    pred:SessionName ""IV - VT"" ;
    pred:Identification ""3"" ;
    pred:Situation ""3"" ;
    pred:Background_history ""2"" ;
    pred:Background_examination ""2"" ;
    pred:Assessment ""3"" ;
    pred:Recommendation_clear_recommendation ""2"" ;
    pred:Recommendation_global_rating_scale ""2"" ;
    pred:Comments ""Not very concise or clear communication
Satisfactory"" .

:Respondent3 a :Person ;
    pred:Date ""2025-03-14"" ;
    pred:SessionName ""IV-Hypoglycemia"" ;
    pred:Identification ""3"" ;
    pred:Situation ""3"" ;
    pred:Background_history ""2"" ;
    pred:Background_examination ""2"" ;
    pred:Assessment ""3"" ;
    pred:Recommendation_clear_recommendation ""1"" ;
    pred:Recommendation_global_rating_scale ""1"" ;
    pred:Comments ""Time: (2:36-2:53)
Late response for considering consultation"" .

:Respondent12 a :Person ;
    pred:Date ""2025-05-02"" ;
    pred:SessionName ""IV (VT)"" ;
    pred:Identification ""3"" ;
    pred:Situation ""3"" ;
    pred:Background_history ""2"" ;
    pred:Background_examination ""-1"" ;
    pred:Assessment ""3"" ;
    pred:Recommendation_clear_recommendation ""2"" ;
    pred:Recommendation_global_rating_scale ""3"" ;
    pred:Comments ""Good"" .

Answer: 3

@prefix : <http://example.org/survey#> .
@prefix pred: <http://example.org/predicate#> .

# Questions
:QDate pred:Text ""What is the date of the session? [Open-ended]"" .
:QSessionName pred:Text ""What is the name of the session? [Open-ended]"" .
:QIdentification pred:Text ""Identification of self, role, and patient. [Rubric: 0 = Requires direct prompting, 1 = Introduces themselves but only after a hint, 2 = Introduces themselves but information is incomplete, 3 = Introduces themselves and information is complete]"" .
:QSituation pred:Text ""Identifies the main problem(s). [Rubric: 0 = Unable to identify the main problem(s), 1 = Identifies the main problem(s) after extended prompting, 2 = Identifies the main problem(s) with fewer prompts needed, 3 = Identifies and prioritizes the main problem(s) unprompted]"" .
:QBackground_history pred:Text ""Gives appropriate history. [Rubric: 0 = History is unstructured or non-relevant, 1 = Relevant history but frequent clarification needed, 2 = Relevant history with few further questions needed, 3 = Comprehensive focused history]"" .
:QBackground_examination pred:Text ""Gives appropriate examination/observations. [Rubric: 0 = Observations are omitted or irrelevant, 1 = Observations reported but frequent clarification needed, 2 = Observations reported with few further questions needed, 3 = Comprehensive focused examination/observations]"" .
:QAssessment pred:Text ""Makes logical assessment (correlates problem, history, exam, context). [Rubric: 0 = No logical assessment, 1 = Assessment only after extended questioning, 2 = Assessment after minimal questioning, 3 = Comprehensive logical assessment without questioning]"" .
:QRecommendation_clear_recommendation pred:Text ""Makes a clear recommendation. [Rubric: 0 = No recommendation, 1 = Clear recommendation only after extended questioning, 2 = Clear recommendation after minimal questioning, 3 = Clear comprehensive recommendation without questioning]"" .
:QRecommendation_global_rating_scale pred:Text ""Global Rating Scale (GRS) - How confident am I that I received an accurate picture of the patient? [Rubric: 0 = Not at all confident, 1 = Confident but required extended questioning, 2 = Confident but required some further questioning, 3 = Confident and required little or no questioning]"" .
:QComments pred:Text ""Comments on the session. [Open-ended]"" .

# Responses
:Respondent6 a :Person ;
    pred:Date ""2025-04-04"" ;
    pred:SessionName ""III-Sepsis"" ;
    pred:Identification ""-1"" ;
    pred:Situation ""2"" ;
    pred:Background_history ""3"" ;
    pred:Background_examination ""3"" ;
    pred:Assessment ""3"" ;
    pred:Recommendation_clear_recommendation ""3"" ;
    pred:Recommendation_global_rating_scale ""3"" ;
    pred:Comments ""The patient/simulation is not oriented in TPP.
Clear communication between Reg and colleague during handover"" .

:Respondent5 a :Person ;
    pred:Date ""2025-03-14"" ;
    pred:SessionName ""(MI)-VT"" ;
    pred:Identification ""0"" ;
    pred:Situation ""2"" ;
    pred:Background_history ""2"" ;
    pred:Background_examination ""2"" ;
    pred:Assessment ""2"" ;
    pred:Recommendation_clear_recommendation ""2"" ;
    pred:Recommendation_global_rating_scale ""2"" ;
    pred:Comments ""Time: (15:53-16:14)"" .

:Respondent14 a :Person ;
    pred:Date ""2025-05-02"" ;
    pred:SessionName ""V (Hypoglycemia)"" ;
    pred:Identification ""3"" ;
    pred:Situation ""2"" ;
    pred:Background_history ""2"" ;
    pred:Background_examination ""2"" ;
    pred:Assessment ""3"" ;
    pred:Recommendation_clear_recommendation ""2"" ;
    pred:Recommendation_global_rating_scale ""3"" ;
    pred:Comments ""Satisfactory"" .

:Respondent1 a :Person ;
    pred:Date ""2025-03-14"" ;
    pred:SessionName ""III-Sepsis"" ;
    pred:Identification ""3"" ;
    pred:Situation ""3"" ;
    pred:Background_history ""2"" ;
    pred:Background_examination ""3"" ;
    pred:Assessment ""2"" ;
    pred:Recommendation_clear_recommendation ""2"" ;
    pred:Recommendation_global_rating_scale ""2"" ;
    pred:Comments ""Time: (1:00-1:17)"" .

You are a meticulous data analyst AI. Your primary function is to accurately analyze structured data and provide precise, verifiable answers.

You will be given a dataset with two key parts:

A 'questions' section: This is your data dictionary or schema. It is the single source of truth for understanding what each field and score means. Refer to it carefully.

A 'responses' section: This contains the raw data from each individual respondent.

To answer the question correctly, you must first use the 'questions' schema to fully understand the context and meaning of the data points within the 'responses'. Do not rely on any prior knowledge outside of this provided data. Base your entire analysis on the information given.

Provide your final answer directly and concisely. Output must be the human-readable value, not an option code.

Rules:
- For MCQ fields, map any letter codes in the Responses (case-insensitive) to the corresponding option text from the Questions schema, and output only that text. Do NOT include the letter or both.
  Example: If the schema is ""[MCQ: A. Abnormal B. Inconclusive C. Normal]"" and the response is ""a"", output ""Abnormal"".
- For open-ended fields, output the exact text value.
- If the question asks for a count, provide only the number (e.g., ""42"").
- If the question asks for a list of names or IDs, provide a simple comma-separated list (e.g., ""17, 21, 23"").
- Preserve capitalization exactly as in the schema (e.g., output ""Abnormal"", not ""abnormal"" or ""A"").

How many respondents have Situation score of 3?",5,False
case_3,conceptual_aggregation,How many respondents have Background (history) score of 2?,"@prefix : <http://example.org/survey#> .
@prefix pred: <http://example.org/predicate#> .

# Questions
:QDate pred:Text ""What is the date of the session? [Open-ended]"" .
:QSessionName pred:Text ""What is the name of the session? [Open-ended]"" .
:QIdentification pred:Text ""Identification of self, role, and patient. [Rubric: 0 = Requires direct prompting, 1 = Introduces themselves but only after a hint, 2 = Introduces themselves but information is incomplete, 3 = Introduces themselves and information is complete]"" .
:QSituation pred:Text ""Identifies the main problem(s). [Rubric: 0 = Unable to identify the main problem(s), 1 = Identifies the main problem(s) after extended prompting, 2 = Identifies the main problem(s) with fewer prompts needed, 3 = Identifies and prioritizes the main problem(s) unprompted]"" .
:QBackground_history pred:Text ""Gives appropriate history. [Rubric: 0 = History is unstructured or non-relevant, 1 = Relevant history but frequent clarification needed, 2 = Relevant history with few further questions needed, 3 = Comprehensive focused history]"" .
:QBackground_examination pred:Text ""Gives appropriate examination/observations. [Rubric: 0 = Observations are omitted or irrelevant, 1 = Observations reported but frequent clarification needed, 2 = Observations reported with few further questions needed, 3 = Comprehensive focused examination/observations]"" .
:QAssessment pred:Text ""Makes logical assessment (correlates problem, history, exam, context). [Rubric: 0 = No logical assessment, 1 = Assessment only after extended questioning, 2 = Assessment after minimal questioning, 3 = Comprehensive logical assessment without questioning]"" .
:QRecommendation_clear_recommendation pred:Text ""Makes a clear recommendation. [Rubric: 0 = No recommendation, 1 = Clear recommendation only after extended questioning, 2 = Clear recommendation after minimal questioning, 3 = Clear comprehensive recommendation without questioning]"" .
:QRecommendation_global_rating_scale pred:Text ""Global Rating Scale (GRS) - How confident am I that I received an accurate picture of the patient? [Rubric: 0 = Not at all confident, 1 = Confident but required extended questioning, 2 = Confident but required some further questioning, 3 = Confident and required little or no questioning]"" .
:QComments pred:Text ""Comments on the session. [Open-ended]"" .

# Responses
:Respondent7 a :Person ;
    pred:Date ""2025-04-04"" ;
    pred:SessionName ""II (Anaphylactic Shock)"" ;
    pred:Identification ""3"" ;
    pred:Situation ""2"" ;
    pred:Background_history ""3"" ;
    pred:Background_examination ""3"" ;
    pred:Assessment ""2"" ;
    pred:Recommendation_clear_recommendation ""2"" ;
    pred:Recommendation_global_rating_scale ""3"" ;
    pred:Comments """" .

:Respondent23 a :Person ;
    pred:Date ""2025-05-16"" ;
    pred:SessionName ""I (Myocardial infarction)"" ;
    pred:Identification ""3"" ;
    pred:Situation ""2"" ;
    pred:Background_history ""3"" ;
    pred:Background_examination ""1"" ;
    pred:Assessment ""2"" ;
    pred:Recommendation_clear_recommendation ""3"" ;
    pred:Recommendation_global_rating_scale ""3"" ;
    pred:Comments ""Diagnostic clarity is present
Good and early assessment of condition is done"" .

:Respondent11 a :Person ;
    pred:Date ""2025-05-02"" ;
    pred:SessionName ""II (Anaphylaxis)"" ;
    pred:Identification ""3"" ;
    pred:Situation ""3"" ;
    pred:Background_history ""3"" ;
    pred:Background_examination ""3"" ;
    pred:Assessment ""2"" ;
    pred:Recommendation_clear_recommendation ""3"" ;
    pred:Recommendation_global_rating_scale ""3"" ;
    pred:Comments ""Good"" .

:Respondent4 a :Person ;
    pred:Date ""2025-03-14"" ;
    pred:SessionName ""I-VF"" ;
    pred:Identification ""3"" ;
    pred:Situation ""3"" ;
    pred:Background_history ""2"" ;
    pred:Background_examination ""1"" ;
    pred:Assessment ""2"" ;
    pred:Recommendation_clear_recommendation ""2"" ;
    pred:Recommendation_global_rating_scale ""2"" ;
    pred:Comments ""Time: (10:29-10:54)
Ventricular fibrillation (CVS)
Lack of communication btween 2 main interns
Further brief to patient, ask patent concerns"" .

:Respondent5 a :Person ;
    pred:Date ""2025-03-14"" ;
    pred:SessionName ""(MI)-VT"" ;
    pred:Identification ""0"" ;
    pred:Situation ""2"" ;
    pred:Background_history ""2"" ;
    pred:Background_examination ""2"" ;
    pred:Assessment ""2"" ;
    pred:Recommendation_clear_recommendation ""2"" ;
    pred:Recommendation_global_rating_scale ""2"" ;
    pred:Comments ""Time: (15:53-16:14)"" .

:Respondent15 a :Person ;
    pred:Date ""2025-05-04"" ;
    pred:SessionName ""III - Sepsis"" ;
    pred:Identification ""3"" ;
    pred:Situation ""3"" ;
    pred:Background_history ""2"" ;
    pred:Background_examination ""3"" ;
    pred:Assessment ""2"" ;
    pred:Recommendation_clear_recommendation ""2"" ;
    pred:Recommendation_global_rating_scale ""2"" ;
    pred:Comments ""Detailed Response - clear communication"" .

",3,"How many respondents have Identification score of 3?

DATA:

@prefix : <http://example.org/survey#> .
@prefix pred: <http://example.org/predicate#> .

# Questions
:QDate pred:Text ""What is the date of the session? [Open-ended]"" .
:QSessionName pred:Text ""What is the name of the session? [Open-ended]"" .
:QIdentification pred:Text ""Identification of self, role, and patient. [Rubric: 0 = Requires direct prompting, 1 = Introduces themselves but only after a hint, 2 = Introduces themselves but information is incomplete, 3 = Introduces themselves and information is complete]"" .
:QSituation pred:Text ""Identifies the main problem(s). [Rubric: 0 = Unable to identify the main problem(s), 1 = Identifies the main problem(s) after extended prompting, 2 = Identifies the main problem(s) with fewer prompts needed, 3 = Identifies and prioritizes the main problem(s) unprompted]"" .
:QBackground_history pred:Text ""Gives appropriate history. [Rubric: 0 = History is unstructured or non-relevant, 1 = Relevant history but frequent clarification needed, 2 = Relevant history with few further questions needed, 3 = Comprehensive focused history]"" .
:QBackground_examination pred:Text ""Gives appropriate examination/observations. [Rubric: 0 = Observations are omitted or irrelevant, 1 = Observations reported but frequent clarification needed, 2 = Observations reported with few further questions needed, 3 = Comprehensive focused examination/observations]"" .
:QAssessment pred:Text ""Makes logical assessment (correlates problem, history, exam, context). [Rubric: 0 = No logical assessment, 1 = Assessment only after extended questioning, 2 = Assessment after minimal questioning, 3 = Comprehensive logical assessment without questioning]"" .
:QRecommendation_clear_recommendation pred:Text ""Makes a clear recommendation. [Rubric: 0 = No recommendation, 1 = Clear recommendation only after extended questioning, 2 = Clear recommendation after minimal questioning, 3 = Clear comprehensive recommendation without questioning]"" .
:QRecommendation_global_rating_scale pred:Text ""Global Rating Scale (GRS) - How confident am I that I received an accurate picture of the patient? [Rubric: 0 = Not at all confident, 1 = Confident but required extended questioning, 2 = Confident but required some further questioning, 3 = Confident and required little or no questioning]"" .
:QComments pred:Text ""Comments on the session. [Open-ended]"" .

# Responses
:Respondent2 a :Person ;
    pred:Date ""2025-03-14"" ;
    pred:SessionName ""II-Anaphylaxsis"" ;
    pred:Identification ""3"" ;
    pred:Situation ""3"" ;
    pred:Background_history ""2"" ;
    pred:Background_examination ""2"" ;
    pred:Assessment ""3"" ;
    pred:Recommendation_clear_recommendation ""3"" ;
    pred:Recommendation_global_rating_scale ""3"" ;
    pred:Comments ""Time: (11:43-11:58)
Talking to registrav could not summarize the condition of patient very clearly
DID: Sepsis I Anaphylaxsis given by team"" .

:Respondent17 a :Person ;
    pred:Date ""2025-05-04"" ;
    pred:SessionName ""IV - VT"" ;
    pred:Identification ""3"" ;
    pred:Situation ""3"" ;
    pred:Background_history ""2"" ;
    pred:Background_examination ""2"" ;
    pred:Assessment ""3"" ;
    pred:Recommendation_clear_recommendation ""2"" ;
    pred:Recommendation_global_rating_scale ""2"" ;
    pred:Comments ""Not very concise or clear communication
Satisfactory"" .

:Respondent3 a :Person ;
    pred:Date ""2025-03-14"" ;
    pred:SessionName ""IV-Hypoglycemia"" ;
    pred:Identification ""3"" ;
    pred:Situation ""3"" ;
    pred:Background_history ""2"" ;
    pred:Background_examination ""2"" ;
    pred:Assessment ""3"" ;
    pred:Recommendation_clear_recommendation ""1"" ;
    pred:Recommendation_global_rating_scale ""1"" ;
    pred:Comments ""Time: (2:36-2:53)
Late response for considering consultation"" .

:Respondent12 a :Person ;
    pred:Date ""2025-05-02"" ;
    pred:SessionName ""IV (VT)"" ;
    pred:Identification ""3"" ;
    pred:Situation ""3"" ;
    pred:Background_history ""2"" ;
    pred:Background_examination ""-1"" ;
    pred:Assessment ""3"" ;
    pred:Recommendation_clear_recommendation ""2"" ;
    pred:Recommendation_global_rating_scale ""3"" ;
    pred:Comments ""Good"" .

Answer: 3

@prefix : <http://example.org/survey#> .
@prefix pred: <http://example.org/predicate#> .

# Questions
:QDate pred:Text ""What is the date of the session? [Open-ended]"" .
:QSessionName pred:Text ""What is the name of the session? [Open-ended]"" .
:QIdentification pred:Text ""Identification of self, role, and patient. [Rubric: 0 = Requires direct prompting, 1 = Introduces themselves but only after a hint, 2 = Introduces themselves but information is incomplete, 3 = Introduces themselves and information is complete]"" .
:QSituation pred:Text ""Identifies the main problem(s). [Rubric: 0 = Unable to identify the main problem(s), 1 = Identifies the main problem(s) after extended prompting, 2 = Identifies the main problem(s) with fewer prompts needed, 3 = Identifies and prioritizes the main problem(s) unprompted]"" .
:QBackground_history pred:Text ""Gives appropriate history. [Rubric: 0 = History is unstructured or non-relevant, 1 = Relevant history but frequent clarification needed, 2 = Relevant history with few further questions needed, 3 = Comprehensive focused history]"" .
:QBackground_examination pred:Text ""Gives appropriate examination/observations. [Rubric: 0 = Observations are omitted or irrelevant, 1 = Observations reported but frequent clarification needed, 2 = Observations reported with few further questions needed, 3 = Comprehensive focused examination/observations]"" .
:QAssessment pred:Text ""Makes logical assessment (correlates problem, history, exam, context). [Rubric: 0 = No logical assessment, 1 = Assessment only after extended questioning, 2 = Assessment after minimal questioning, 3 = Comprehensive logical assessment without questioning]"" .
:QRecommendation_clear_recommendation pred:Text ""Makes a clear recommendation. [Rubric: 0 = No recommendation, 1 = Clear recommendation only after extended questioning, 2 = Clear recommendation after minimal questioning, 3 = Clear comprehensive recommendation without questioning]"" .
:QRecommendation_global_rating_scale pred:Text ""Global Rating Scale (GRS) - How confident am I that I received an accurate picture of the patient? [Rubric: 0 = Not at all confident, 1 = Confident but required extended questioning, 2 = Confident but required some further questioning, 3 = Confident and required little or no questioning]"" .
:QComments pred:Text ""Comments on the session. [Open-ended]"" .

# Responses
:Respondent7 a :Person ;
    pred:Date ""2025-04-04"" ;
    pred:SessionName ""II (Anaphylactic Shock)"" ;
    pred:Identification ""3"" ;
    pred:Situation ""2"" ;
    pred:Background_history ""3"" ;
    pred:Background_examination ""3"" ;
    pred:Assessment ""2"" ;
    pred:Recommendation_clear_recommendation ""2"" ;
    pred:Recommendation_global_rating_scale ""3"" ;
    pred:Comments """" .

:Respondent23 a :Person ;
    pred:Date ""2025-05-16"" ;
    pred:SessionName ""I (Myocardial infarction)"" ;
    pred:Identification ""3"" ;
    pred:Situation ""2"" ;
    pred:Background_history ""3"" ;
    pred:Background_examination ""1"" ;
    pred:Assessment ""2"" ;
    pred:Recommendation_clear_recommendation ""3"" ;
    pred:Recommendation_global_rating_scale ""3"" ;
    pred:Comments ""Diagnostic clarity is present
Good and early assessment of condition is done"" .

:Respondent11 a :Person ;
    pred:Date ""2025-05-02"" ;
    pred:SessionName ""II (Anaphylaxis)"" ;
    pred:Identification ""3"" ;
    pred:Situation ""3"" ;
    pred:Background_history ""3"" ;
    pred:Background_examination ""3"" ;
    pred:Assessment ""2"" ;
    pred:Recommendation_clear_recommendation ""3"" ;
    pred:Recommendation_global_rating_scale ""3"" ;
    pred:Comments ""Good"" .

:Respondent4 a :Person ;
    pred:Date ""2025-03-14"" ;
    pred:SessionName ""I-VF"" ;
    pred:Identification ""3"" ;
    pred:Situation ""3"" ;
    pred:Background_history ""2"" ;
    pred:Background_examination ""1"" ;
    pred:Assessment ""2"" ;
    pred:Recommendation_clear_recommendation ""2"" ;
    pred:Recommendation_global_rating_scale ""2"" ;
    pred:Comments ""Time: (10:29-10:54)
Ventricular fibrillation (CVS)
Lack of communication btween 2 main interns
Further brief to patient, ask patent concerns"" .

:Respondent5 a :Person ;
    pred:Date ""2025-03-14"" ;
    pred:SessionName ""(MI)-VT"" ;
    pred:Identification ""0"" ;
    pred:Situation ""2"" ;
    pred:Background_history ""2"" ;
    pred:Background_examination ""2"" ;
    pred:Assessment ""2"" ;
    pred:Recommendation_clear_recommendation ""2"" ;
    pred:Recommendation_global_rating_scale ""2"" ;
    pred:Comments ""Time: (15:53-16:14)"" .

:Respondent15 a :Person ;
    pred:Date ""2025-05-04"" ;
    pred:SessionName ""III - Sepsis"" ;
    pred:Identification ""3"" ;
    pred:Situation ""3"" ;
    pred:Background_history ""2"" ;
    pred:Background_examination ""3"" ;
    pred:Assessment ""2"" ;
    pred:Recommendation_clear_recommendation ""2"" ;
    pred:Recommendation_global_rating_scale ""2"" ;
    pred:Comments ""Detailed Response - clear communication"" .

You are a meticulous data analyst AI. Your primary function is to accurately analyze structured data and provide precise, verifiable answers.

You will be given a dataset with two key parts:

A 'questions' section: This is your data dictionary or schema. It is the single source of truth for understanding what each field and score means. Refer to it carefully.

A 'responses' section: This contains the raw data from each individual respondent.

To answer the question correctly, you must first use the 'questions' schema to fully understand the context and meaning of the data points within the 'responses'. Do not rely on any prior knowledge outside of this provided data. Base your entire analysis on the information given.

Provide your final answer directly and concisely. Output must be the human-readable value, not an option code.

Rules:
- For MCQ fields, map any letter codes in the Responses (case-insensitive) to the corresponding option text from the Questions schema, and output only that text. Do NOT include the letter or both.
  Example: If the schema is ""[MCQ: A. Abnormal B. Inconclusive C. Normal]"" and the response is ""a"", output ""Abnormal"".
- For open-ended fields, output the exact text value.
- If the question asks for a count, provide only the number (e.g., ""42"").
- If the question asks for a list of names or IDs, provide a simple comma-separated list (e.g., ""17, 21, 23"").
- Preserve capitalization exactly as in the schema (e.g., output ""Abnormal"", not ""abnormal"" or ""A"").

How many respondents have Background (history) score of 2?",7,False
case_4,conceptual_aggregation,How many respondents have Background (examination) score of 3?,"@prefix : <http://example.org/survey#> .
@prefix pred: <http://example.org/predicate#> .

# Questions
:QDate pred:Text ""What is the date of the session? [Open-ended]"" .
:QSessionName pred:Text ""What is the name of the session? [Open-ended]"" .
:QIdentification pred:Text ""Identification of self, role, and patient. [Rubric: 0 = Requires direct prompting, 1 = Introduces themselves but only after a hint, 2 = Introduces themselves but information is incomplete, 3 = Introduces themselves and information is complete]"" .
:QSituation pred:Text ""Identifies the main problem(s). [Rubric: 0 = Unable to identify the main problem(s), 1 = Identifies the main problem(s) after extended prompting, 2 = Identifies the main problem(s) with fewer prompts needed, 3 = Identifies and prioritizes the main problem(s) unprompted]"" .
:QBackground_history pred:Text ""Gives appropriate history. [Rubric: 0 = History is unstructured or non-relevant, 1 = Relevant history but frequent clarification needed, 2 = Relevant history with few further questions needed, 3 = Comprehensive focused history]"" .
:QBackground_examination pred:Text ""Gives appropriate examination/observations. [Rubric: 0 = Observations are omitted or irrelevant, 1 = Observations reported but frequent clarification needed, 2 = Observations reported with few further questions needed, 3 = Comprehensive focused examination/observations]"" .
:QAssessment pred:Text ""Makes logical assessment (correlates problem, history, exam, context). [Rubric: 0 = No logical assessment, 1 = Assessment only after extended questioning, 2 = Assessment after minimal questioning, 3 = Comprehensive logical assessment without questioning]"" .
:QRecommendation_clear_recommendation pred:Text ""Makes a clear recommendation. [Rubric: 0 = No recommendation, 1 = Clear recommendation only after extended questioning, 2 = Clear recommendation after minimal questioning, 3 = Clear comprehensive recommendation without questioning]"" .
:QRecommendation_global_rating_scale pred:Text ""Global Rating Scale (GRS) - How confident am I that I received an accurate picture of the patient? [Rubric: 0 = Not at all confident, 1 = Confident but required extended questioning, 2 = Confident but required some further questioning, 3 = Confident and required little or no questioning]"" .
:QComments pred:Text ""Comments on the session. [Open-ended]"" .

# Responses
:Respondent8 a :Person ;
    pred:Date ""2025-04-04"" ;
    pred:SessionName ""IV (AF)"" ;
    pred:Identification ""3"" ;
    pred:Situation ""3"" ;
    pred:Background_history ""3"" ;
    pred:Background_examination ""3"" ;
    pred:Assessment ""3"" ;
    pred:Recommendation_clear_recommendation ""3"" ;
    pred:Recommendation_global_rating_scale ""3"" ;
    pred:Comments ""Clear communication and handover"" .

:Respondent9 a :Person ;
    pred:Date ""2025-04-04"" ;
    pred:SessionName ""MI"" ;
    pred:Identification ""2"" ;
    pred:Situation ""3"" ;
    pred:Background_history ""2"" ;
    pred:Background_examination ""3"" ;
    pred:Assessment ""3"" ;
    pred:Recommendation_clear_recommendation ""2"" ;
    pred:Recommendation_global_rating_scale ""2"" ;
    pred:Comments """" .

:Respondent17 a :Person ;
    pred:Date ""2025-05-04"" ;
    pred:SessionName ""IV - VT"" ;
    pred:Identification ""3"" ;
    pred:Situation ""3"" ;
    pred:Background_history ""2"" ;
    pred:Background_examination ""2"" ;
    pred:Assessment ""3"" ;
    pred:Recommendation_clear_recommendation ""2"" ;
    pred:Recommendation_global_rating_scale ""2"" ;
    pred:Comments ""Not very concise or clear communication
Satisfactory"" .

:Respondent23 a :Person ;
    pred:Date ""2025-05-16"" ;
    pred:SessionName ""I (Myocardial infarction)"" ;
    pred:Identification ""3"" ;
    pred:Situation ""2"" ;
    pred:Background_history ""3"" ;
    pred:Background_examination ""1"" ;
    pred:Assessment ""2"" ;
    pred:Recommendation_clear_recommendation ""3"" ;
    pred:Recommendation_global_rating_scale ""3"" ;
    pred:Comments ""Diagnostic clarity is present
Good and early assessment of condition is done"" .

:Respondent13 a :Person ;
    pred:Date ""2025-05-02"" ;
    pred:SessionName ""I - MI"" ;
    pred:Identification ""3"" ;
    pred:Situation ""3"" ;
    pred:Background_history ""3"" ;
    pred:Background_examination ""3"" ;
    pred:Assessment ""3"" ;
    pred:Recommendation_clear_recommendation ""2"" ;
    pred:Recommendation_global_rating_scale ""3"" ;
    pred:Comments ""Consent denied for video recordings
Satisfactory"" .

",3,"How many respondents have Identification score of 3?

DATA:

@prefix : <http://example.org/survey#> .
@prefix pred: <http://example.org/predicate#> .

# Questions
:QDate pred:Text ""What is the date of the session? [Open-ended]"" .
:QSessionName pred:Text ""What is the name of the session? [Open-ended]"" .
:QIdentification pred:Text ""Identification of self, role, and patient. [Rubric: 0 = Requires direct prompting, 1 = Introduces themselves but only after a hint, 2 = Introduces themselves but information is incomplete, 3 = Introduces themselves and information is complete]"" .
:QSituation pred:Text ""Identifies the main problem(s). [Rubric: 0 = Unable to identify the main problem(s), 1 = Identifies the main problem(s) after extended prompting, 2 = Identifies the main problem(s) with fewer prompts needed, 3 = Identifies and prioritizes the main problem(s) unprompted]"" .
:QBackground_history pred:Text ""Gives appropriate history. [Rubric: 0 = History is unstructured or non-relevant, 1 = Relevant history but frequent clarification needed, 2 = Relevant history with few further questions needed, 3 = Comprehensive focused history]"" .
:QBackground_examination pred:Text ""Gives appropriate examination/observations. [Rubric: 0 = Observations are omitted or irrelevant, 1 = Observations reported but frequent clarification needed, 2 = Observations reported with few further questions needed, 3 = Comprehensive focused examination/observations]"" .
:QAssessment pred:Text ""Makes logical assessment (correlates problem, history, exam, context). [Rubric: 0 = No logical assessment, 1 = Assessment only after extended questioning, 2 = Assessment after minimal questioning, 3 = Comprehensive logical assessment without questioning]"" .
:QRecommendation_clear_recommendation pred:Text ""Makes a clear recommendation. [Rubric: 0 = No recommendation, 1 = Clear recommendation only after extended questioning, 2 = Clear recommendation after minimal questioning, 3 = Clear comprehensive recommendation without questioning]"" .
:QRecommendation_global_rating_scale pred:Text ""Global Rating Scale (GRS) - How confident am I that I received an accurate picture of the patient? [Rubric: 0 = Not at all confident, 1 = Confident but required extended questioning, 2 = Confident but required some further questioning, 3 = Confident and required little or no questioning]"" .
:QComments pred:Text ""Comments on the session. [Open-ended]"" .

# Responses
:Respondent2 a :Person ;
    pred:Date ""2025-03-14"" ;
    pred:SessionName ""II-Anaphylaxsis"" ;
    pred:Identification ""3"" ;
    pred:Situation ""3"" ;
    pred:Background_history ""2"" ;
    pred:Background_examination ""2"" ;
    pred:Assessment ""3"" ;
    pred:Recommendation_clear_recommendation ""3"" ;
    pred:Recommendation_global_rating_scale ""3"" ;
    pred:Comments ""Time: (11:43-11:58)
Talking to registrav could not summarize the condition of patient very clearly
DID: Sepsis I Anaphylaxsis given by team"" .

:Respondent17 a :Person ;
    pred:Date ""2025-05-04"" ;
    pred:SessionName ""IV - VT"" ;
    pred:Identification ""3"" ;
    pred:Situation ""3"" ;
    pred:Background_history ""2"" ;
    pred:Background_examination ""2"" ;
    pred:Assessment ""3"" ;
    pred:Recommendation_clear_recommendation ""2"" ;
    pred:Recommendation_global_rating_scale ""2"" ;
    pred:Comments ""Not very concise or clear communication
Satisfactory"" .

:Respondent3 a :Person ;
    pred:Date ""2025-03-14"" ;
    pred:SessionName ""IV-Hypoglycemia"" ;
    pred:Identification ""3"" ;
    pred:Situation ""3"" ;
    pred:Background_history ""2"" ;
    pred:Background_examination ""2"" ;
    pred:Assessment ""3"" ;
    pred:Recommendation_clear_recommendation ""1"" ;
    pred:Recommendation_global_rating_scale ""1"" ;
    pred:Comments ""Time: (2:36-2:53)
Late response for considering consultation"" .

:Respondent12 a :Person ;
    pred:Date ""2025-05-02"" ;
    pred:SessionName ""IV (VT)"" ;
    pred:Identification ""3"" ;
    pred:Situation ""3"" ;
    pred:Background_history ""2"" ;
    pred:Background_examination ""-1"" ;
    pred:Assessment ""3"" ;
    pred:Recommendation_clear_recommendation ""2"" ;
    pred:Recommendation_global_rating_scale ""3"" ;
    pred:Comments ""Good"" .

Answer: 3

@prefix : <http://example.org/survey#> .
@prefix pred: <http://example.org/predicate#> .

# Questions
:QDate pred:Text ""What is the date of the session? [Open-ended]"" .
:QSessionName pred:Text ""What is the name of the session? [Open-ended]"" .
:QIdentification pred:Text ""Identification of self, role, and patient. [Rubric: 0 = Requires direct prompting, 1 = Introduces themselves but only after a hint, 2 = Introduces themselves but information is incomplete, 3 = Introduces themselves and information is complete]"" .
:QSituation pred:Text ""Identifies the main problem(s). [Rubric: 0 = Unable to identify the main problem(s), 1 = Identifies the main problem(s) after extended prompting, 2 = Identifies the main problem(s) with fewer prompts needed, 3 = Identifies and prioritizes the main problem(s) unprompted]"" .
:QBackground_history pred:Text ""Gives appropriate history. [Rubric: 0 = History is unstructured or non-relevant, 1 = Relevant history but frequent clarification needed, 2 = Relevant history with few further questions needed, 3 = Comprehensive focused history]"" .
:QBackground_examination pred:Text ""Gives appropriate examination/observations. [Rubric: 0 = Observations are omitted or irrelevant, 1 = Observations reported but frequent clarification needed, 2 = Observations reported with few further questions needed, 3 = Comprehensive focused examination/observations]"" .
:QAssessment pred:Text ""Makes logical assessment (correlates problem, history, exam, context). [Rubric: 0 = No logical assessment, 1 = Assessment only after extended questioning, 2 = Assessment after minimal questioning, 3 = Comprehensive logical assessment without questioning]"" .
:QRecommendation_clear_recommendation pred:Text ""Makes a clear recommendation. [Rubric: 0 = No recommendation, 1 = Clear recommendation only after extended questioning, 2 = Clear recommendation after minimal questioning, 3 = Clear comprehensive recommendation without questioning]"" .
:QRecommendation_global_rating_scale pred:Text ""Global Rating Scale (GRS) - How confident am I that I received an accurate picture of the patient? [Rubric: 0 = Not at all confident, 1 = Confident but required extended questioning, 2 = Confident but required some further questioning, 3 = Confident and required little or no questioning]"" .
:QComments pred:Text ""Comments on the session. [Open-ended]"" .

# Responses
:Respondent8 a :Person ;
    pred:Date ""2025-04-04"" ;
    pred:SessionName ""IV (AF)"" ;
    pred:Identification ""3"" ;
    pred:Situation ""3"" ;
    pred:Background_history ""3"" ;
    pred:Background_examination ""3"" ;
    pred:Assessment ""3"" ;
    pred:Recommendation_clear_recommendation ""3"" ;
    pred:Recommendation_global_rating_scale ""3"" ;
    pred:Comments ""Clear communication and handover"" .

:Respondent9 a :Person ;
    pred:Date ""2025-04-04"" ;
    pred:SessionName ""MI"" ;
    pred:Identification ""2"" ;
    pred:Situation ""3"" ;
    pred:Background_history ""2"" ;
    pred:Background_examination ""3"" ;
    pred:Assessment ""3"" ;
    pred:Recommendation_clear_recommendation ""2"" ;
    pred:Recommendation_global_rating_scale ""2"" ;
    pred:Comments """" .

:Respondent17 a :Person ;
    pred:Date ""2025-05-04"" ;
    pred:SessionName ""IV - VT"" ;
    pred:Identification ""3"" ;
    pred:Situation ""3"" ;
    pred:Background_history ""2"" ;
    pred:Background_examination ""2"" ;
    pred:Assessment ""3"" ;
    pred:Recommendation_clear_recommendation ""2"" ;
    pred:Recommendation_global_rating_scale ""2"" ;
    pred:Comments ""Not very concise or clear communication
Satisfactory"" .

:Respondent23 a :Person ;
    pred:Date ""2025-05-16"" ;
    pred:SessionName ""I (Myocardial infarction)"" ;
    pred:Identification ""3"" ;
    pred:Situation ""2"" ;
    pred:Background_history ""3"" ;
    pred:Background_examination ""1"" ;
    pred:Assessment ""2"" ;
    pred:Recommendation_clear_recommendation ""3"" ;
    pred:Recommendation_global_rating_scale ""3"" ;
    pred:Comments ""Diagnostic clarity is present
Good and early assessment of condition is done"" .

:Respondent13 a :Person ;
    pred:Date ""2025-05-02"" ;
    pred:SessionName ""I - MI"" ;
    pred:Identification ""3"" ;
    pred:Situation ""3"" ;
    pred:Background_history ""3"" ;
    pred:Background_examination ""3"" ;
    pred:Assessment ""3"" ;
    pred:Recommendation_clear_recommendation ""2"" ;
    pred:Recommendation_global_rating_scale ""3"" ;
    pred:Comments ""Consent denied for video recordings
Satisfactory"" .

You are a meticulous data analyst AI. Your primary function is to accurately analyze structured data and provide precise, verifiable answers.

You will be given a dataset with two key parts:

A 'questions' section: This is your data dictionary or schema. It is the single source of truth for understanding what each field and score means. Refer to it carefully.

A 'responses' section: This contains the raw data from each individual respondent.

To answer the question correctly, you must first use the 'questions' schema to fully understand the context and meaning of the data points within the 'responses'. Do not rely on any prior knowledge outside of this provided data. Base your entire analysis on the information given.

Provide your final answer directly and concisely. Output must be the human-readable value, not an option code.

Rules:
- For MCQ fields, map any letter codes in the Responses (case-insensitive) to the corresponding option text from the Questions schema, and output only that text. Do NOT include the letter or both.
  Example: If the schema is ""[MCQ: A. Abnormal B. Inconclusive C. Normal]"" and the response is ""a"", output ""Abnormal"".
- For open-ended fields, output the exact text value.
- If the question asks for a count, provide only the number (e.g., ""42"").
- If the question asks for a list of names or IDs, provide a simple comma-separated list (e.g., ""17, 21, 23"").
- Preserve capitalization exactly as in the schema (e.g., output ""Abnormal"", not ""abnormal"" or ""A"").

How many respondents have Background (examination) score of 3?",3,True
case_5,conceptual_aggregation,How many respondents have Assessment score of 3?,"@prefix : <http://example.org/survey#> .
@prefix pred: <http://example.org/predicate#> .

# Questions
:QDate pred:Text ""What is the date of the session? [Open-ended]"" .
:QSessionName pred:Text ""What is the name of the session? [Open-ended]"" .
:QIdentification pred:Text ""Identification of self, role, and patient. [Rubric: 0 = Requires direct prompting, 1 = Introduces themselves but only after a hint, 2 = Introduces themselves but information is incomplete, 3 = Introduces themselves and information is complete]"" .
:QSituation pred:Text ""Identifies the main problem(s). [Rubric: 0 = Unable to identify the main problem(s), 1 = Identifies the main problem(s) after extended prompting, 2 = Identifies the main problem(s) with fewer prompts needed, 3 = Identifies and prioritizes the main problem(s) unprompted]"" .
:QBackground_history pred:Text ""Gives appropriate history. [Rubric: 0 = History is unstructured or non-relevant, 1 = Relevant history but frequent clarification needed, 2 = Relevant history with few further questions needed, 3 = Comprehensive focused history]"" .
:QBackground_examination pred:Text ""Gives appropriate examination/observations. [Rubric: 0 = Observations are omitted or irrelevant, 1 = Observations reported but frequent clarification needed, 2 = Observations reported with few further questions needed, 3 = Comprehensive focused examination/observations]"" .
:QAssessment pred:Text ""Makes logical assessment (correlates problem, history, exam, context). [Rubric: 0 = No logical assessment, 1 = Assessment only after extended questioning, 2 = Assessment after minimal questioning, 3 = Comprehensive logical assessment without questioning]"" .
:QRecommendation_clear_recommendation pred:Text ""Makes a clear recommendation. [Rubric: 0 = No recommendation, 1 = Clear recommendation only after extended questioning, 2 = Clear recommendation after minimal questioning, 3 = Clear comprehensive recommendation without questioning]"" .
:QRecommendation_global_rating_scale pred:Text ""Global Rating Scale (GRS) - How confident am I that I received an accurate picture of the patient? [Rubric: 0 = Not at all confident, 1 = Confident but required extended questioning, 2 = Confident but required some further questioning, 3 = Confident and required little or no questioning]"" .
:QComments pred:Text ""Comments on the session. [Open-ended]"" .

# Responses
:Respondent16 a :Person ;
    pred:Date ""2025-05-04"" ;
    pred:SessionName ""II - Anaphylaxsis"" ;
    pred:Identification ""3"" ;
    pred:Situation ""3"" ;
    pred:Background_history ""3"" ;
    pred:Background_examination ""3"" ;
    pred:Assessment ""3"" ;
    pred:Recommendation_clear_recommendation ""2"" ;
    pred:Recommendation_global_rating_scale ""3"" ;
    pred:Comments ""Good clear and precise clinical handover
Good"" .

:Respondent1 a :Person ;
    pred:Date ""2025-03-14"" ;
    pred:SessionName ""III-Sepsis"" ;
    pred:Identification ""3"" ;
    pred:Situation ""3"" ;
    pred:Background_history ""2"" ;
    pred:Background_examination ""3"" ;
    pred:Assessment ""2"" ;
    pred:Recommendation_clear_recommendation ""2"" ;
    pred:Recommendation_global_rating_scale ""2"" ;
    pred:Comments ""Time: (1:00-1:17)"" .

:Respondent7 a :Person ;
    pred:Date ""2025-04-04"" ;
    pred:SessionName ""II (Anaphylactic Shock)"" ;
    pred:Identification ""3"" ;
    pred:Situation ""2"" ;
    pred:Background_history ""3"" ;
    pred:Background_examination ""3"" ;
    pred:Assessment ""2"" ;
    pred:Recommendation_clear_recommendation ""2"" ;
    pred:Recommendation_global_rating_scale ""3"" ;
    pred:Comments """" .

:Respondent18 a :Person ;
    pred:Date ""2025-05-04"" ;
    pred:SessionName ""I - MI"" ;
    pred:Identification ""3"" ;
    pred:Situation ""3"" ;
    pred:Background_history ""3"" ;
    pred:Background_examination ""3"" ;
    pred:Assessment ""2"" ;
    pred:Recommendation_clear_recommendation ""3"" ;
    pred:Recommendation_global_rating_scale ""2"" ;
    pred:Comments ""Wrong CPR position
Clarity is a bit low over whole case scenario
Satisfactory"" .

",1,"How many respondents have Identification score of 3?

DATA:

@prefix : <http://example.org/survey#> .
@prefix pred: <http://example.org/predicate#> .

# Questions
:QDate pred:Text ""What is the date of the session? [Open-ended]"" .
:QSessionName pred:Text ""What is the name of the session? [Open-ended]"" .
:QIdentification pred:Text ""Identification of self, role, and patient. [Rubric: 0 = Requires direct prompting, 1 = Introduces themselves but only after a hint, 2 = Introduces themselves but information is incomplete, 3 = Introduces themselves and information is complete]"" .
:QSituation pred:Text ""Identifies the main problem(s). [Rubric: 0 = Unable to identify the main problem(s), 1 = Identifies the main problem(s) after extended prompting, 2 = Identifies the main problem(s) with fewer prompts needed, 3 = Identifies and prioritizes the main problem(s) unprompted]"" .
:QBackground_history pred:Text ""Gives appropriate history. [Rubric: 0 = History is unstructured or non-relevant, 1 = Relevant history but frequent clarification needed, 2 = Relevant history with few further questions needed, 3 = Comprehensive focused history]"" .
:QBackground_examination pred:Text ""Gives appropriate examination/observations. [Rubric: 0 = Observations are omitted or irrelevant, 1 = Observations reported but frequent clarification needed, 2 = Observations reported with few further questions needed, 3 = Comprehensive focused examination/observations]"" .
:QAssessment pred:Text ""Makes logical assessment (correlates problem, history, exam, context). [Rubric: 0 = No logical assessment, 1 = Assessment only after extended questioning, 2 = Assessment after minimal questioning, 3 = Comprehensive logical assessment without questioning]"" .
:QRecommendation_clear_recommendation pred:Text ""Makes a clear recommendation. [Rubric: 0 = No recommendation, 1 = Clear recommendation only after extended questioning, 2 = Clear recommendation after minimal questioning, 3 = Clear comprehensive recommendation without questioning]"" .
:QRecommendation_global_rating_scale pred:Text ""Global Rating Scale (GRS) - How confident am I that I received an accurate picture of the patient? [Rubric: 0 = Not at all confident, 1 = Confident but required extended questioning, 2 = Confident but required some further questioning, 3 = Confident and required little or no questioning]"" .
:QComments pred:Text ""Comments on the session. [Open-ended]"" .

# Responses
:Respondent2 a :Person ;
    pred:Date ""2025-03-14"" ;
    pred:SessionName ""II-Anaphylaxsis"" ;
    pred:Identification ""3"" ;
    pred:Situation ""3"" ;
    pred:Background_history ""2"" ;
    pred:Background_examination ""2"" ;
    pred:Assessment ""3"" ;
    pred:Recommendation_clear_recommendation ""3"" ;
    pred:Recommendation_global_rating_scale ""3"" ;
    pred:Comments ""Time: (11:43-11:58)
Talking to registrav could not summarize the condition of patient very clearly
DID: Sepsis I Anaphylaxsis given by team"" .

:Respondent17 a :Person ;
    pred:Date ""2025-05-04"" ;
    pred:SessionName ""IV - VT"" ;
    pred:Identification ""3"" ;
    pred:Situation ""3"" ;
    pred:Background_history ""2"" ;
    pred:Background_examination ""2"" ;
    pred:Assessment ""3"" ;
    pred:Recommendation_clear_recommendation ""2"" ;
    pred:Recommendation_global_rating_scale ""2"" ;
    pred:Comments ""Not very concise or clear communication
Satisfactory"" .

:Respondent3 a :Person ;
    pred:Date ""2025-03-14"" ;
    pred:SessionName ""IV-Hypoglycemia"" ;
    pred:Identification ""3"" ;
    pred:Situation ""3"" ;
    pred:Background_history ""2"" ;
    pred:Background_examination ""2"" ;
    pred:Assessment ""3"" ;
    pred:Recommendation_clear_recommendation ""1"" ;
    pred:Recommendation_global_rating_scale ""1"" ;
    pred:Comments ""Time: (2:36-2:53)
Late response for considering consultation"" .

:Respondent12 a :Person ;
    pred:Date ""2025-05-02"" ;
    pred:SessionName ""IV (VT)"" ;
    pred:Identification ""3"" ;
    pred:Situation ""3"" ;
    pred:Background_history ""2"" ;
    pred:Background_examination ""-1"" ;
    pred:Assessment ""3"" ;
    pred:Recommendation_clear_recommendation ""2"" ;
    pred:Recommendation_global_rating_scale ""3"" ;
    pred:Comments ""Good"" .

Answer: 3

@prefix : <http://example.org/survey#> .
@prefix pred: <http://example.org/predicate#> .

# Questions
:QDate pred:Text ""What is the date of the session? [Open-ended]"" .
:QSessionName pred:Text ""What is the name of the session? [Open-ended]"" .
:QIdentification pred:Text ""Identification of self, role, and patient. [Rubric: 0 = Requires direct prompting, 1 = Introduces themselves but only after a hint, 2 = Introduces themselves but information is incomplete, 3 = Introduces themselves and information is complete]"" .
:QSituation pred:Text ""Identifies the main problem(s). [Rubric: 0 = Unable to identify the main problem(s), 1 = Identifies the main problem(s) after extended prompting, 2 = Identifies the main problem(s) with fewer prompts needed, 3 = Identifies and prioritizes the main problem(s) unprompted]"" .
:QBackground_history pred:Text ""Gives appropriate history. [Rubric: 0 = History is unstructured or non-relevant, 1 = Relevant history but frequent clarification needed, 2 = Relevant history with few further questions needed, 3 = Comprehensive focused history]"" .
:QBackground_examination pred:Text ""Gives appropriate examination/observations. [Rubric: 0 = Observations are omitted or irrelevant, 1 = Observations reported but frequent clarification needed, 2 = Observations reported with few further questions needed, 3 = Comprehensive focused examination/observations]"" .
:QAssessment pred:Text ""Makes logical assessment (correlates problem, history, exam, context). [Rubric: 0 = No logical assessment, 1 = Assessment only after extended questioning, 2 = Assessment after minimal questioning, 3 = Comprehensive logical assessment without questioning]"" .
:QRecommendation_clear_recommendation pred:Text ""Makes a clear recommendation. [Rubric: 0 = No recommendation, 1 = Clear recommendation only after extended questioning, 2 = Clear recommendation after minimal questioning, 3 = Clear comprehensive recommendation without questioning]"" .
:QRecommendation_global_rating_scale pred:Text ""Global Rating Scale (GRS) - How confident am I that I received an accurate picture of the patient? [Rubric: 0 = Not at all confident, 1 = Confident but required extended questioning, 2 = Confident but required some further questioning, 3 = Confident and required little or no questioning]"" .
:QComments pred:Text ""Comments on the session. [Open-ended]"" .

# Responses
:Respondent16 a :Person ;
    pred:Date ""2025-05-04"" ;
    pred:SessionName ""II - Anaphylaxsis"" ;
    pred:Identification ""3"" ;
    pred:Situation ""3"" ;
    pred:Background_history ""3"" ;
    pred:Background_examination ""3"" ;
    pred:Assessment ""3"" ;
    pred:Recommendation_clear_recommendation ""2"" ;
    pred:Recommendation_global_rating_scale ""3"" ;
    pred:Comments ""Good clear and precise clinical handover
Good"" .

:Respondent1 a :Person ;
    pred:Date ""2025-03-14"" ;
    pred:SessionName ""III-Sepsis"" ;
    pred:Identification ""3"" ;
    pred:Situation ""3"" ;
    pred:Background_history ""2"" ;
    pred:Background_examination ""3"" ;
    pred:Assessment ""2"" ;
    pred:Recommendation_clear_recommendation ""2"" ;
    pred:Recommendation_global_rating_scale ""2"" ;
    pred:Comments ""Time: (1:00-1:17)"" .

:Respondent7 a :Person ;
    pred:Date ""2025-04-04"" ;
    pred:SessionName ""II (Anaphylactic Shock)"" ;
    pred:Identification ""3"" ;
    pred:Situation ""2"" ;
    pred:Background_history ""3"" ;
    pred:Background_examination ""3"" ;
    pred:Assessment ""2"" ;
    pred:Recommendation_clear_recommendation ""2"" ;
    pred:Recommendation_global_rating_scale ""3"" ;
    pred:Comments """" .

:Respondent18 a :Person ;
    pred:Date ""2025-05-04"" ;
    pred:SessionName ""I - MI"" ;
    pred:Identification ""3"" ;
    pred:Situation ""3"" ;
    pred:Background_history ""3"" ;
    pred:Background_examination ""3"" ;
    pred:Assessment ""2"" ;
    pred:Recommendation_clear_recommendation ""3"" ;
    pred:Recommendation_global_rating_scale ""2"" ;
    pred:Comments ""Wrong CPR position
Clarity is a bit low over whole case scenario
Satisfactory"" .

You are a meticulous data analyst AI. Your primary function is to accurately analyze structured data and provide precise, verifiable answers.

You will be given a dataset with two key parts:

A 'questions' section: This is your data dictionary or schema. It is the single source of truth for understanding what each field and score means. Refer to it carefully.

A 'responses' section: This contains the raw data from each individual respondent.

To answer the question correctly, you must first use the 'questions' schema to fully understand the context and meaning of the data points within the 'responses'. Do not rely on any prior knowledge outside of this provided data. Base your entire analysis on the information given.

Provide your final answer directly and concisely. Output must be the human-readable value, not an option code.

Rules:
- For MCQ fields, map any letter codes in the Responses (case-insensitive) to the corresponding option text from the Questions schema, and output only that text. Do NOT include the letter or both.
  Example: If the schema is ""[MCQ: A. Abnormal B. Inconclusive C. Normal]"" and the response is ""a"", output ""Abnormal"".
- For open-ended fields, output the exact text value.
- If the question asks for a count, provide only the number (e.g., ""42"").
- If the question asks for a list of names or IDs, provide a simple comma-separated list (e.g., ""17, 21, 23"").
- Preserve capitalization exactly as in the schema (e.g., output ""Abnormal"", not ""abnormal"" or ""A"").

How many respondents have Assessment score of 3?",5,False
case_6,conceptual_aggregation,How many respondents have Recommendation (clear recommendation) score of 3?,"@prefix : <http://example.org/survey#> .
@prefix pred: <http://example.org/predicate#> .

# Questions
:QDate pred:Text ""What is the date of the session? [Open-ended]"" .
:QSessionName pred:Text ""What is the name of the session? [Open-ended]"" .
:QIdentification pred:Text ""Identification of self, role, and patient. [Rubric: 0 = Requires direct prompting, 1 = Introduces themselves but only after a hint, 2 = Introduces themselves but information is incomplete, 3 = Introduces themselves and information is complete]"" .
:QSituation pred:Text ""Identifies the main problem(s). [Rubric: 0 = Unable to identify the main problem(s), 1 = Identifies the main problem(s) after extended prompting, 2 = Identifies the main problem(s) with fewer prompts needed, 3 = Identifies and prioritizes the main problem(s) unprompted]"" .
:QBackground_history pred:Text ""Gives appropriate history. [Rubric: 0 = History is unstructured or non-relevant, 1 = Relevant history but frequent clarification needed, 2 = Relevant history with few further questions needed, 3 = Comprehensive focused history]"" .
:QBackground_examination pred:Text ""Gives appropriate examination/observations. [Rubric: 0 = Observations are omitted or irrelevant, 1 = Observations reported but frequent clarification needed, 2 = Observations reported with few further questions needed, 3 = Comprehensive focused examination/observations]"" .
:QAssessment pred:Text ""Makes logical assessment (correlates problem, history, exam, context). [Rubric: 0 = No logical assessment, 1 = Assessment only after extended questioning, 2 = Assessment after minimal questioning, 3 = Comprehensive logical assessment without questioning]"" .
:QRecommendation_clear_recommendation pred:Text ""Makes a clear recommendation. [Rubric: 0 = No recommendation, 1 = Clear recommendation only after extended questioning, 2 = Clear recommendation after minimal questioning, 3 = Clear comprehensive recommendation without questioning]"" .
:QRecommendation_global_rating_scale pred:Text ""Global Rating Scale (GRS) - How confident am I that I received an accurate picture of the patient? [Rubric: 0 = Not at all confident, 1 = Confident but required extended questioning, 2 = Confident but required some further questioning, 3 = Confident and required little or no questioning]"" .
:QComments pred:Text ""Comments on the session. [Open-ended]"" .

# Responses
:Respondent3 a :Person ;
    pred:Date ""2025-03-14"" ;
    pred:SessionName ""IV-Hypoglycemia"" ;
    pred:Identification ""3"" ;
    pred:Situation ""3"" ;
    pred:Background_history ""2"" ;
    pred:Background_examination ""2"" ;
    pred:Assessment ""3"" ;
    pred:Recommendation_clear_recommendation ""1"" ;
    pred:Recommendation_global_rating_scale ""1"" ;
    pred:Comments ""Time: (2:36-2:53)
Late response for considering consultation"" .

:Respondent12 a :Person ;
    pred:Date ""2025-05-02"" ;
    pred:SessionName ""IV (VT)"" ;
    pred:Identification ""3"" ;
    pred:Situation ""3"" ;
    pred:Background_history ""2"" ;
    pred:Background_examination ""-1"" ;
    pred:Assessment ""3"" ;
    pred:Recommendation_clear_recommendation ""2"" ;
    pred:Recommendation_global_rating_scale ""3"" ;
    pred:Comments ""Good"" .

:Respondent10 a :Person ;
    pred:Date ""2025-05-02"" ;
    pred:SessionName ""III (Sepsis)"" ;
    pred:Identification ""3"" ;
    pred:Situation ""3"" ;
    pred:Background_history ""3"" ;
    pred:Background_examination ""2"" ;
    pred:Assessment ""2"" ;
    pred:Recommendation_clear_recommendation ""2"" ;
    pred:Recommendation_global_rating_scale ""3"" ;
    pred:Comments ""Clear communication during handover
Good"" .

:Respondent19 a :Person ;
    pred:Date ""2025-05-04"" ;
    pred:SessionName ""V (Hypoglycemia)"" ;
    pred:Identification ""3"" ;
    pred:Situation ""3"" ;
    pred:Background_history ""3"" ;
    pred:Background_examination ""3"" ;
    pred:Assessment ""3"" ;
    pred:Recommendation_clear_recommendation ""3"" ;
    pred:Recommendation_global_rating_scale ""2"" ;
    pred:Comments ""Concise - clear
Satisfactory"" .

:Respondent15 a :Person ;
    pred:Date ""2025-05-04"" ;
    pred:SessionName ""III - Sepsis"" ;
    pred:Identification ""3"" ;
    pred:Situation ""3"" ;
    pred:Background_history ""2"" ;
    pred:Background_examination ""3"" ;
    pred:Assessment ""2"" ;
    pred:Recommendation_clear_recommendation ""2"" ;
    pred:Recommendation_global_rating_scale ""2"" ;
    pred:Comments ""Detailed Response - clear communication"" .

",1,"How many respondents have Identification score of 3?

DATA:

@prefix : <http://example.org/survey#> .
@prefix pred: <http://example.org/predicate#> .

# Questions
:QDate pred:Text ""What is the date of the session? [Open-ended]"" .
:QSessionName pred:Text ""What is the name of the session? [Open-ended]"" .
:QIdentification pred:Text ""Identification of self, role, and patient. [Rubric: 0 = Requires direct prompting, 1 = Introduces themselves but only after a hint, 2 = Introduces themselves but information is incomplete, 3 = Introduces themselves and information is complete]"" .
:QSituation pred:Text ""Identifies the main problem(s). [Rubric: 0 = Unable to identify the main problem(s), 1 = Identifies the main problem(s) after extended prompting, 2 = Identifies the main problem(s) with fewer prompts needed, 3 = Identifies and prioritizes the main problem(s) unprompted]"" .
:QBackground_history pred:Text ""Gives appropriate history. [Rubric: 0 = History is unstructured or non-relevant, 1 = Relevant history but frequent clarification needed, 2 = Relevant history with few further questions needed, 3 = Comprehensive focused history]"" .
:QBackground_examination pred:Text ""Gives appropriate examination/observations. [Rubric: 0 = Observations are omitted or irrelevant, 1 = Observations reported but frequent clarification needed, 2 = Observations reported with few further questions needed, 3 = Comprehensive focused examination/observations]"" .
:QAssessment pred:Text ""Makes logical assessment (correlates problem, history, exam, context). [Rubric: 0 = No logical assessment, 1 = Assessment only after extended questioning, 2 = Assessment after minimal questioning, 3 = Comprehensive logical assessment without questioning]"" .
:QRecommendation_clear_recommendation pred:Text ""Makes a clear recommendation. [Rubric: 0 = No recommendation, 1 = Clear recommendation only after extended questioning, 2 = Clear recommendation after minimal questioning, 3 = Clear comprehensive recommendation without questioning]"" .
:QRecommendation_global_rating_scale pred:Text ""Global Rating Scale (GRS) - How confident am I that I received an accurate picture of the patient? [Rubric: 0 = Not at all confident, 1 = Confident but required extended questioning, 2 = Confident but required some further questioning, 3 = Confident and required little or no questioning]"" .
:QComments pred:Text ""Comments on the session. [Open-ended]"" .

# Responses
:Respondent2 a :Person ;
    pred:Date ""2025-03-14"" ;
    pred:SessionName ""II-Anaphylaxsis"" ;
    pred:Identification ""3"" ;
    pred:Situation ""3"" ;
    pred:Background_history ""2"" ;
    pred:Background_examination ""2"" ;
    pred:Assessment ""3"" ;
    pred:Recommendation_clear_recommendation ""3"" ;
    pred:Recommendation_global_rating_scale ""3"" ;
    pred:Comments ""Time: (11:43-11:58)
Talking to registrav could not summarize the condition of patient very clearly
DID: Sepsis I Anaphylaxsis given by team"" .

:Respondent17 a :Person ;
    pred:Date ""2025-05-04"" ;
    pred:SessionName ""IV - VT"" ;
    pred:Identification ""3"" ;
    pred:Situation ""3"" ;
    pred:Background_history ""2"" ;
    pred:Background_examination ""2"" ;
    pred:Assessment ""3"" ;
    pred:Recommendation_clear_recommendation ""2"" ;
    pred:Recommendation_global_rating_scale ""2"" ;
    pred:Comments ""Not very concise or clear communication
Satisfactory"" .

:Respondent3 a :Person ;
    pred:Date ""2025-03-14"" ;
    pred:SessionName ""IV-Hypoglycemia"" ;
    pred:Identification ""3"" ;
    pred:Situation ""3"" ;
    pred:Background_history ""2"" ;
    pred:Background_examination ""2"" ;
    pred:Assessment ""3"" ;
    pred:Recommendation_clear_recommendation ""1"" ;
    pred:Recommendation_global_rating_scale ""1"" ;
    pred:Comments ""Time: (2:36-2:53)
Late response for considering consultation"" .

:Respondent12 a :Person ;
    pred:Date ""2025-05-02"" ;
    pred:SessionName ""IV (VT)"" ;
    pred:Identification ""3"" ;
    pred:Situation ""3"" ;
    pred:Background_history ""2"" ;
    pred:Background_examination ""-1"" ;
    pred:Assessment ""3"" ;
    pred:Recommendation_clear_recommendation ""2"" ;
    pred:Recommendation_global_rating_scale ""3"" ;
    pred:Comments ""Good"" .

Answer: 3

@prefix : <http://example.org/survey#> .
@prefix pred: <http://example.org/predicate#> .

# Questions
:QDate pred:Text ""What is the date of the session? [Open-ended]"" .
:QSessionName pred:Text ""What is the name of the session? [Open-ended]"" .
:QIdentification pred:Text ""Identification of self, role, and patient. [Rubric: 0 = Requires direct prompting, 1 = Introduces themselves but only after a hint, 2 = Introduces themselves but information is incomplete, 3 = Introduces themselves and information is complete]"" .
:QSituation pred:Text ""Identifies the main problem(s). [Rubric: 0 = Unable to identify the main problem(s), 1 = Identifies the main problem(s) after extended prompting, 2 = Identifies the main problem(s) with fewer prompts needed, 3 = Identifies and prioritizes the main problem(s) unprompted]"" .
:QBackground_history pred:Text ""Gives appropriate history. [Rubric: 0 = History is unstructured or non-relevant, 1 = Relevant history but frequent clarification needed, 2 = Relevant history with few further questions needed, 3 = Comprehensive focused history]"" .
:QBackground_examination pred:Text ""Gives appropriate examination/observations. [Rubric: 0 = Observations are omitted or irrelevant, 1 = Observations reported but frequent clarification needed, 2 = Observations reported with few further questions needed, 3 = Comprehensive focused examination/observations]"" .
:QAssessment pred:Text ""Makes logical assessment (correlates problem, history, exam, context). [Rubric: 0 = No logical assessment, 1 = Assessment only after extended questioning, 2 = Assessment after minimal questioning, 3 = Comprehensive logical assessment without questioning]"" .
:QRecommendation_clear_recommendation pred:Text ""Makes a clear recommendation. [Rubric: 0 = No recommendation, 1 = Clear recommendation only after extended questioning, 2 = Clear recommendation after minimal questioning, 3 = Clear comprehensive recommendation without questioning]"" .
:QRecommendation_global_rating_scale pred:Text ""Global Rating Scale (GRS) - How confident am I that I received an accurate picture of the patient? [Rubric: 0 = Not at all confident, 1 = Confident but required extended questioning, 2 = Confident but required some further questioning, 3 = Confident and required little or no questioning]"" .
:QComments pred:Text ""Comments on the session. [Open-ended]"" .

# Responses
:Respondent3 a :Person ;
    pred:Date ""2025-03-14"" ;
    pred:SessionName ""IV-Hypoglycemia"" ;
    pred:Identification ""3"" ;
    pred:Situation ""3"" ;
    pred:Background_history ""2"" ;
    pred:Background_examination ""2"" ;
    pred:Assessment ""3"" ;
    pred:Recommendation_clear_recommendation ""1"" ;
    pred:Recommendation_global_rating_scale ""1"" ;
    pred:Comments ""Time: (2:36-2:53)
Late response for considering consultation"" .

:Respondent12 a :Person ;
    pred:Date ""2025-05-02"" ;
    pred:SessionName ""IV (VT)"" ;
    pred:Identification ""3"" ;
    pred:Situation ""3"" ;
    pred:Background_history ""2"" ;
    pred:Background_examination ""-1"" ;
    pred:Assessment ""3"" ;
    pred:Recommendation_clear_recommendation ""2"" ;
    pred:Recommendation_global_rating_scale ""3"" ;
    pred:Comments ""Good"" .

:Respondent10 a :Person ;
    pred:Date ""2025-05-02"" ;
    pred:SessionName ""III (Sepsis)"" ;
    pred:Identification ""3"" ;
    pred:Situation ""3"" ;
    pred:Background_history ""3"" ;
    pred:Background_examination ""2"" ;
    pred:Assessment ""2"" ;
    pred:Recommendation_clear_recommendation ""2"" ;
    pred:Recommendation_global_rating_scale ""3"" ;
    pred:Comments ""Clear communication during handover
Good"" .

:Respondent19 a :Person ;
    pred:Date ""2025-05-04"" ;
    pred:SessionName ""V (Hypoglycemia)"" ;
    pred:Identification ""3"" ;
    pred:Situation ""3"" ;
    pred:Background_history ""3"" ;
    pred:Background_examination ""3"" ;
    pred:Assessment ""3"" ;
    pred:Recommendation_clear_recommendation ""3"" ;
    pred:Recommendation_global_rating_scale ""2"" ;
    pred:Comments ""Concise - clear
Satisfactory"" .

:Respondent15 a :Person ;
    pred:Date ""2025-05-04"" ;
    pred:SessionName ""III - Sepsis"" ;
    pred:Identification ""3"" ;
    pred:Situation ""3"" ;
    pred:Background_history ""2"" ;
    pred:Background_examination ""3"" ;
    pred:Assessment ""2"" ;
    pred:Recommendation_clear_recommendation ""2"" ;
    pred:Recommendation_global_rating_scale ""2"" ;
    pred:Comments ""Detailed Response - clear communication"" .

You are a meticulous data analyst AI. Your primary function is to accurately analyze structured data and provide precise, verifiable answers.

You will be given a dataset with two key parts:

A 'questions' section: This is your data dictionary or schema. It is the single source of truth for understanding what each field and score means. Refer to it carefully.

A 'responses' section: This contains the raw data from each individual respondent.

To answer the question correctly, you must first use the 'questions' schema to fully understand the context and meaning of the data points within the 'responses'. Do not rely on any prior knowledge outside of this provided data. Base your entire analysis on the information given.

Provide your final answer directly and concisely. Output must be the human-readable value, not an option code.

Rules:
- For MCQ fields, map any letter codes in the Responses (case-insensitive) to the corresponding option text from the Questions schema, and output only that text. Do NOT include the letter or both.
  Example: If the schema is ""[MCQ: A. Abnormal B. Inconclusive C. Normal]"" and the response is ""a"", output ""Abnormal"".
- For open-ended fields, output the exact text value.
- If the question asks for a count, provide only the number (e.g., ""42"").
- If the question asks for a list of names or IDs, provide a simple comma-separated list (e.g., ""17, 21, 23"").
- Preserve capitalization exactly as in the schema (e.g., output ""Abnormal"", not ""abnormal"" or ""A"").

How many respondents have Recommendation (clear recommendation) score of 3?",2,False
case_7,conceptual_aggregation,How many respondents have Recommendation (global rating scale) score of 3?,"@prefix : <http://example.org/survey#> .
@prefix pred: <http://example.org/predicate#> .

# Questions
:QDate pred:Text ""What is the date of the session? [Open-ended]"" .
:QSessionName pred:Text ""What is the name of the session? [Open-ended]"" .
:QIdentification pred:Text ""Identification of self, role, and patient. [Rubric: 0 = Requires direct prompting, 1 = Introduces themselves but only after a hint, 2 = Introduces themselves but information is incomplete, 3 = Introduces themselves and information is complete]"" .
:QSituation pred:Text ""Identifies the main problem(s). [Rubric: 0 = Unable to identify the main problem(s), 1 = Identifies the main problem(s) after extended prompting, 2 = Identifies the main problem(s) with fewer prompts needed, 3 = Identifies and prioritizes the main problem(s) unprompted]"" .
:QBackground_history pred:Text ""Gives appropriate history. [Rubric: 0 = History is unstructured or non-relevant, 1 = Relevant history but frequent clarification needed, 2 = Relevant history with few further questions needed, 3 = Comprehensive focused history]"" .
:QBackground_examination pred:Text ""Gives appropriate examination/observations. [Rubric: 0 = Observations are omitted or irrelevant, 1 = Observations reported but frequent clarification needed, 2 = Observations reported with few further questions needed, 3 = Comprehensive focused examination/observations]"" .
:QAssessment pred:Text ""Makes logical assessment (correlates problem, history, exam, context). [Rubric: 0 = No logical assessment, 1 = Assessment only after extended questioning, 2 = Assessment after minimal questioning, 3 = Comprehensive logical assessment without questioning]"" .
:QRecommendation_clear_recommendation pred:Text ""Makes a clear recommendation. [Rubric: 0 = No recommendation, 1 = Clear recommendation only after extended questioning, 2 = Clear recommendation after minimal questioning, 3 = Clear comprehensive recommendation without questioning]"" .
:QRecommendation_global_rating_scale pred:Text ""Global Rating Scale (GRS) - How confident am I that I received an accurate picture of the patient? [Rubric: 0 = Not at all confident, 1 = Confident but required extended questioning, 2 = Confident but required some further questioning, 3 = Confident and required little or no questioning]"" .
:QComments pred:Text ""Comments on the session. [Open-ended]"" .

# Responses
:Respondent20 a :Person ;
    pred:Date ""2025-05-16"" ;
    pred:SessionName ""III (Sepsis)"" ;
    pred:Identification ""3"" ;
    pred:Situation ""3"" ;
    pred:Background_history ""3"" ;
    pred:Background_examination ""2"" ;
    pred:Assessment ""2"" ;
    pred:Recommendation_clear_recommendation ""2"" ;
    pred:Recommendation_global_rating_scale ""2"" ;
    pred:Comments ""Clinical handover and communication skills, satisfactory
No panic, no arrest team
Satisfactory"" .

:Respondent18 a :Person ;
    pred:Date ""2025-05-04"" ;
    pred:SessionName ""I - MI"" ;
    pred:Identification ""3"" ;
    pred:Situation ""3"" ;
    pred:Background_history ""3"" ;
    pred:Background_examination ""3"" ;
    pred:Assessment ""2"" ;
    pred:Recommendation_clear_recommendation ""3"" ;
    pred:Recommendation_global_rating_scale ""2"" ;
    pred:Comments ""Wrong CPR position
Clarity is a bit low over whole case scenario
Satisfactory"" .

:Respondent8 a :Person ;
    pred:Date ""2025-04-04"" ;
    pred:SessionName ""IV (AF)"" ;
    pred:Identification ""3"" ;
    pred:Situation ""3"" ;
    pred:Background_history ""3"" ;
    pred:Background_examination ""3"" ;
    pred:Assessment ""3"" ;
    pred:Recommendation_clear_recommendation ""3"" ;
    pred:Recommendation_global_rating_scale ""3"" ;
    pred:Comments ""Clear communication and handover"" .

:Respondent23 a :Person ;
    pred:Date ""2025-05-16"" ;
    pred:SessionName ""I (Myocardial infarction)"" ;
    pred:Identification ""3"" ;
    pred:Situation ""2"" ;
    pred:Background_history ""3"" ;
    pred:Background_examination ""1"" ;
    pred:Assessment ""2"" ;
    pred:Recommendation_clear_recommendation ""3"" ;
    pred:Recommendation_global_rating_scale ""3"" ;
    pred:Comments ""Diagnostic clarity is present
Good and early assessment of condition is done"" .

:Respondent11 a :Person ;
    pred:Date ""2025-05-02"" ;
    pred:SessionName ""II (Anaphylaxis)"" ;
    pred:Identification ""3"" ;
    pred:Situation ""3"" ;
    pred:Background_history ""3"" ;
    pred:Background_examination ""3"" ;
    pred:Assessment ""2"" ;
    pred:Recommendation_clear_recommendation ""3"" ;
    pred:Recommendation_global_rating_scale ""3"" ;
    pred:Comments ""Good"" .

:Respondent4 a :Person ;
    pred:Date ""2025-03-14"" ;
    pred:SessionName ""I-VF"" ;
    pred:Identification ""3"" ;
    pred:Situation ""3"" ;
    pred:Background_history ""2"" ;
    pred:Background_examination ""1"" ;
    pred:Assessment ""2"" ;
    pred:Recommendation_clear_recommendation ""2"" ;
    pred:Recommendation_global_rating_scale ""2"" ;
    pred:Comments ""Time: (10:29-10:54)
Ventricular fibrillation (CVS)
Lack of communication btween 2 main interns
Further brief to patient, ask patent concerns"" .

:Respondent21 a :Person ;
    pred:Date ""2025-05-16"" ;
    pred:SessionName ""II (Anaphylaxsis)"" ;
    pred:Identification ""3"" ;
    pred:Situation ""3"" ;
    pred:Background_history ""2"" ;
    pred:Background_examination ""2"" ;
    pred:Assessment ""2"" ;
    pred:Recommendation_clear_recommendation ""3"" ;
    pred:Recommendation_global_rating_scale ""2"" ;
    pred:Comments ""Overall a bit unclear communication reflected"" .

:Respondent13 a :Person ;
    pred:Date ""2025-05-02"" ;
    pred:SessionName ""I - MI"" ;
    pred:Identification ""3"" ;
    pred:Situation ""3"" ;
    pred:Background_history ""3"" ;
    pred:Background_examination ""3"" ;
    pred:Assessment ""3"" ;
    pred:Recommendation_clear_recommendation ""2"" ;
    pred:Recommendation_global_rating_scale ""3"" ;
    pred:Comments ""Consent denied for video recordings
Satisfactory"" .

",4,"How many respondents have Identification score of 3?

DATA:

@prefix : <http://example.org/survey#> .
@prefix pred: <http://example.org/predicate#> .

# Questions
:QDate pred:Text ""What is the date of the session? [Open-ended]"" .
:QSessionName pred:Text ""What is the name of the session? [Open-ended]"" .
:QIdentification pred:Text ""Identification of self, role, and patient. [Rubric: 0 = Requires direct prompting, 1 = Introduces themselves but only after a hint, 2 = Introduces themselves but information is incomplete, 3 = Introduces themselves and information is complete]"" .
:QSituation pred:Text ""Identifies the main problem(s). [Rubric: 0 = Unable to identify the main problem(s), 1 = Identifies the main problem(s) after extended prompting, 2 = Identifies the main problem(s) with fewer prompts needed, 3 = Identifies and prioritizes the main problem(s) unprompted]"" .
:QBackground_history pred:Text ""Gives appropriate history. [Rubric: 0 = History is unstructured or non-relevant, 1 = Relevant history but frequent clarification needed, 2 = Relevant history with few further questions needed, 3 = Comprehensive focused history]"" .
:QBackground_examination pred:Text ""Gives appropriate examination/observations. [Rubric: 0 = Observations are omitted or irrelevant, 1 = Observations reported but frequent clarification needed, 2 = Observations reported with few further questions needed, 3 = Comprehensive focused examination/observations]"" .
:QAssessment pred:Text ""Makes logical assessment (correlates problem, history, exam, context). [Rubric: 0 = No logical assessment, 1 = Assessment only after extended questioning, 2 = Assessment after minimal questioning, 3 = Comprehensive logical assessment without questioning]"" .
:QRecommendation_clear_recommendation pred:Text ""Makes a clear recommendation. [Rubric: 0 = No recommendation, 1 = Clear recommendation only after extended questioning, 2 = Clear recommendation after minimal questioning, 3 = Clear comprehensive recommendation without questioning]"" .
:QRecommendation_global_rating_scale pred:Text ""Global Rating Scale (GRS) - How confident am I that I received an accurate picture of the patient? [Rubric: 0 = Not at all confident, 1 = Confident but required extended questioning, 2 = Confident but required some further questioning, 3 = Confident and required little or no questioning]"" .
:QComments pred:Text ""Comments on the session. [Open-ended]"" .

# Responses
:Respondent2 a :Person ;
    pred:Date ""2025-03-14"" ;
    pred:SessionName ""II-Anaphylaxsis"" ;
    pred:Identification ""3"" ;
    pred:Situation ""3"" ;
    pred:Background_history ""2"" ;
    pred:Background_examination ""2"" ;
    pred:Assessment ""3"" ;
    pred:Recommendation_clear_recommendation ""3"" ;
    pred:Recommendation_global_rating_scale ""3"" ;
    pred:Comments ""Time: (11:43-11:58)
Talking to registrav could not summarize the condition of patient very clearly
DID: Sepsis I Anaphylaxsis given by team"" .

:Respondent17 a :Person ;
    pred:Date ""2025-05-04"" ;
    pred:SessionName ""IV - VT"" ;
    pred:Identification ""3"" ;
    pred:Situation ""3"" ;
    pred:Background_history ""2"" ;
    pred:Background_examination ""2"" ;
    pred:Assessment ""3"" ;
    pred:Recommendation_clear_recommendation ""2"" ;
    pred:Recommendation_global_rating_scale ""2"" ;
    pred:Comments ""Not very concise or clear communication
Satisfactory"" .

:Respondent3 a :Person ;
    pred:Date ""2025-03-14"" ;
    pred:SessionName ""IV-Hypoglycemia"" ;
    pred:Identification ""3"" ;
    pred:Situation ""3"" ;
    pred:Background_history ""2"" ;
    pred:Background_examination ""2"" ;
    pred:Assessment ""3"" ;
    pred:Recommendation_clear_recommendation ""1"" ;
    pred:Recommendation_global_rating_scale ""1"" ;
    pred:Comments ""Time: (2:36-2:53)
Late response for considering consultation"" .

:Respondent12 a :Person ;
    pred:Date ""2025-05-02"" ;
    pred:SessionName ""IV (VT)"" ;
    pred:Identification ""3"" ;
    pred:Situation ""3"" ;
    pred:Background_history ""2"" ;
    pred:Background_examination ""-1"" ;
    pred:Assessment ""3"" ;
    pred:Recommendation_clear_recommendation ""2"" ;
    pred:Recommendation_global_rating_scale ""3"" ;
    pred:Comments ""Good"" .

Answer: 3

@prefix : <http://example.org/survey#> .
@prefix pred: <http://example.org/predicate#> .

# Questions
:QDate pred:Text ""What is the date of the session? [Open-ended]"" .
:QSessionName pred:Text ""What is the name of the session? [Open-ended]"" .
:QIdentification pred:Text ""Identification of self, role, and patient. [Rubric: 0 = Requires direct prompting, 1 = Introduces themselves but only after a hint, 2 = Introduces themselves but information is incomplete, 3 = Introduces themselves and information is complete]"" .
:QSituation pred:Text ""Identifies the main problem(s). [Rubric: 0 = Unable to identify the main problem(s), 1 = Identifies the main problem(s) after extended prompting, 2 = Identifies the main problem(s) with fewer prompts needed, 3 = Identifies and prioritizes the main problem(s) unprompted]"" .
:QBackground_history pred:Text ""Gives appropriate history. [Rubric: 0 = History is unstructured or non-relevant, 1 = Relevant history but frequent clarification needed, 2 = Relevant history with few further questions needed, 3 = Comprehensive focused history]"" .
:QBackground_examination pred:Text ""Gives appropriate examination/observations. [Rubric: 0 = Observations are omitted or irrelevant, 1 = Observations reported but frequent clarification needed, 2 = Observations reported with few further questions needed, 3 = Comprehensive focused examination/observations]"" .
:QAssessment pred:Text ""Makes logical assessment (correlates problem, history, exam, context). [Rubric: 0 = No logical assessment, 1 = Assessment only after extended questioning, 2 = Assessment after minimal questioning, 3 = Comprehensive logical assessment without questioning]"" .
:QRecommendation_clear_recommendation pred:Text ""Makes a clear recommendation. [Rubric: 0 = No recommendation, 1 = Clear recommendation only after extended questioning, 2 = Clear recommendation after minimal questioning, 3 = Clear comprehensive recommendation without questioning]"" .
:QRecommendation_global_rating_scale pred:Text ""Global Rating Scale (GRS) - How confident am I that I received an accurate picture of the patient? [Rubric: 0 = Not at all confident, 1 = Confident but required extended questioning, 2 = Confident but required some further questioning, 3 = Confident and required little or no questioning]"" .
:QComments pred:Text ""Comments on the session. [Open-ended]"" .

# Responses
:Respondent20 a :Person ;
    pred:Date ""2025-05-16"" ;
    pred:SessionName ""III (Sepsis)"" ;
    pred:Identification ""3"" ;
    pred:Situation ""3"" ;
    pred:Background_history ""3"" ;
    pred:Background_examination ""2"" ;
    pred:Assessment ""2"" ;
    pred:Recommendation_clear_recommendation ""2"" ;
    pred:Recommendation_global_rating_scale ""2"" ;
    pred:Comments ""Clinical handover and communication skills, satisfactory
No panic, no arrest team
Satisfactory"" .

:Respondent18 a :Person ;
    pred:Date ""2025-05-04"" ;
    pred:SessionName ""I - MI"" ;
    pred:Identification ""3"" ;
    pred:Situation ""3"" ;
    pred:Background_history ""3"" ;
    pred:Background_examination ""3"" ;
    pred:Assessment ""2"" ;
    pred:Recommendation_clear_recommendation ""3"" ;
    pred:Recommendation_global_rating_scale ""2"" ;
    pred:Comments ""Wrong CPR position
Clarity is a bit low over whole case scenario
Satisfactory"" .

:Respondent8 a :Person ;
    pred:Date ""2025-04-04"" ;
    pred:SessionName ""IV (AF)"" ;
    pred:Identification ""3"" ;
    pred:Situation ""3"" ;
    pred:Background_history ""3"" ;
    pred:Background_examination ""3"" ;
    pred:Assessment ""3"" ;
    pred:Recommendation_clear_recommendation ""3"" ;
    pred:Recommendation_global_rating_scale ""3"" ;
    pred:Comments ""Clear communication and handover"" .

:Respondent23 a :Person ;
    pred:Date ""2025-05-16"" ;
    pred:SessionName ""I (Myocardial infarction)"" ;
    pred:Identification ""3"" ;
    pred:Situation ""2"" ;
    pred:Background_history ""3"" ;
    pred:Background_examination ""1"" ;
    pred:Assessment ""2"" ;
    pred:Recommendation_clear_recommendation ""3"" ;
    pred:Recommendation_global_rating_scale ""3"" ;
    pred:Comments ""Diagnostic clarity is present
Good and early assessment of condition is done"" .

:Respondent11 a :Person ;
    pred:Date ""2025-05-02"" ;
    pred:SessionName ""II (Anaphylaxis)"" ;
    pred:Identification ""3"" ;
    pred:Situation ""3"" ;
    pred:Background_history ""3"" ;
    pred:Background_examination ""3"" ;
    pred:Assessment ""2"" ;
    pred:Recommendation_clear_recommendation ""3"" ;
    pred:Recommendation_global_rating_scale ""3"" ;
    pred:Comments ""Good"" .

:Respondent4 a :Person ;
    pred:Date ""2025-03-14"" ;
    pred:SessionName ""I-VF"" ;
    pred:Identification ""3"" ;
    pred:Situation ""3"" ;
    pred:Background_history ""2"" ;
    pred:Background_examination ""1"" ;
    pred:Assessment ""2"" ;
    pred:Recommendation_clear_recommendation ""2"" ;
    pred:Recommendation_global_rating_scale ""2"" ;
    pred:Comments ""Time: (10:29-10:54)
Ventricular fibrillation (CVS)
Lack of communication btween 2 main interns
Further brief to patient, ask patent concerns"" .

:Respondent21 a :Person ;
    pred:Date ""2025-05-16"" ;
    pred:SessionName ""II (Anaphylaxsis)"" ;
    pred:Identification ""3"" ;
    pred:Situation ""3"" ;
    pred:Background_history ""2"" ;
    pred:Background_examination ""2"" ;
    pred:Assessment ""2"" ;
    pred:Recommendation_clear_recommendation ""3"" ;
    pred:Recommendation_global_rating_scale ""2"" ;
    pred:Comments ""Overall a bit unclear communication reflected"" .

:Respondent13 a :Person ;
    pred:Date ""2025-05-02"" ;
    pred:SessionName ""I - MI"" ;
    pred:Identification ""3"" ;
    pred:Situation ""3"" ;
    pred:Background_history ""3"" ;
    pred:Background_examination ""3"" ;
    pred:Assessment ""3"" ;
    pred:Recommendation_clear_recommendation ""2"" ;
    pred:Recommendation_global_rating_scale ""3"" ;
    pred:Comments ""Consent denied for video recordings
Satisfactory"" .

You are a meticulous data analyst AI. Your primary function is to accurately analyze structured data and provide precise, verifiable answers.

You will be given a dataset with two key parts:

A 'questions' section: This is your data dictionary or schema. It is the single source of truth for understanding what each field and score means. Refer to it carefully.

A 'responses' section: This contains the raw data from each individual respondent.

To answer the question correctly, you must first use the 'questions' schema to fully understand the context and meaning of the data points within the 'responses'. Do not rely on any prior knowledge outside of this provided data. Base your entire analysis on the information given.

Provide your final answer directly and concisely. Output must be the human-readable value, not an option code.

Rules:
- For MCQ fields, map any letter codes in the Responses (case-insensitive) to the corresponding option text from the Questions schema, and output only that text. Do NOT include the letter or both.
  Example: If the schema is ""[MCQ: A. Abnormal B. Inconclusive C. Normal]"" and the response is ""a"", output ""Abnormal"".
- For open-ended fields, output the exact text value.
- If the question asks for a count, provide only the number (e.g., ""42"").
- If the question asks for a list of names or IDs, provide a simple comma-separated list (e.g., ""17, 21, 23"").
- Preserve capitalization exactly as in the schema (e.g., output ""Abnormal"", not ""abnormal"" or ""A"").

How many respondents have Recommendation (global rating scale) score of 3?",6,False
case_8,conceptual_aggregation,How many respondents have Recommendation (clear recommendation) score greater than or equal to 2?,"@prefix : <http://example.org/survey#> .
@prefix pred: <http://example.org/predicate#> .

# Questions
:QDate pred:Text ""What is the date of the session? [Open-ended]"" .
:QSessionName pred:Text ""What is the name of the session? [Open-ended]"" .
:QIdentification pred:Text ""Identification of self, role, and patient. [Rubric: 0 = Requires direct prompting, 1 = Introduces themselves but only after a hint, 2 = Introduces themselves but information is incomplete, 3 = Introduces themselves and information is complete]"" .
:QSituation pred:Text ""Identifies the main problem(s). [Rubric: 0 = Unable to identify the main problem(s), 1 = Identifies the main problem(s) after extended prompting, 2 = Identifies the main problem(s) with fewer prompts needed, 3 = Identifies and prioritizes the main problem(s) unprompted]"" .
:QBackground_history pred:Text ""Gives appropriate history. [Rubric: 0 = History is unstructured or non-relevant, 1 = Relevant history but frequent clarification needed, 2 = Relevant history with few further questions needed, 3 = Comprehensive focused history]"" .
:QBackground_examination pred:Text ""Gives appropriate examination/observations. [Rubric: 0 = Observations are omitted or irrelevant, 1 = Observations reported but frequent clarification needed, 2 = Observations reported with few further questions needed, 3 = Comprehensive focused examination/observations]"" .
:QAssessment pred:Text ""Makes logical assessment (correlates problem, history, exam, context). [Rubric: 0 = No logical assessment, 1 = Assessment only after extended questioning, 2 = Assessment after minimal questioning, 3 = Comprehensive logical assessment without questioning]"" .
:QRecommendation_clear_recommendation pred:Text ""Makes a clear recommendation. [Rubric: 0 = No recommendation, 1 = Clear recommendation only after extended questioning, 2 = Clear recommendation after minimal questioning, 3 = Clear comprehensive recommendation without questioning]"" .
:QRecommendation_global_rating_scale pred:Text ""Global Rating Scale (GRS) - How confident am I that I received an accurate picture of the patient? [Rubric: 0 = Not at all confident, 1 = Confident but required extended questioning, 2 = Confident but required some further questioning, 3 = Confident and required little or no questioning]"" .
:QComments pred:Text ""Comments on the session. [Open-ended]"" .

# Responses
:Respondent12 a :Person ;
    pred:Date ""2025-05-02"" ;
    pred:SessionName ""IV (VT)"" ;
    pred:Identification ""3"" ;
    pred:Situation ""3"" ;
    pred:Background_history ""2"" ;
    pred:Background_examination ""-1"" ;
    pred:Assessment ""3"" ;
    pred:Recommendation_clear_recommendation ""2"" ;
    pred:Recommendation_global_rating_scale ""3"" ;
    pred:Comments ""Good"" .

:Respondent6 a :Person ;
    pred:Date ""2025-04-04"" ;
    pred:SessionName ""III-Sepsis"" ;
    pred:Identification ""-1"" ;
    pred:Situation ""2"" ;
    pred:Background_history ""3"" ;
    pred:Background_examination ""3"" ;
    pred:Assessment ""3"" ;
    pred:Recommendation_clear_recommendation ""3"" ;
    pred:Recommendation_global_rating_scale ""3"" ;
    pred:Comments ""The patient/simulation is not oriented in TPP.
Clear communication between Reg and colleague during handover"" .

:Respondent11 a :Person ;
    pred:Date ""2025-05-02"" ;
    pred:SessionName ""II (Anaphylaxis)"" ;
    pred:Identification ""3"" ;
    pred:Situation ""3"" ;
    pred:Background_history ""3"" ;
    pred:Background_examination ""3"" ;
    pred:Assessment ""2"" ;
    pred:Recommendation_clear_recommendation ""3"" ;
    pred:Recommendation_global_rating_scale ""3"" ;
    pred:Comments ""Good"" .

:Respondent3 a :Person ;
    pred:Date ""2025-03-14"" ;
    pred:SessionName ""IV-Hypoglycemia"" ;
    pred:Identification ""3"" ;
    pred:Situation ""3"" ;
    pred:Background_history ""2"" ;
    pred:Background_examination ""2"" ;
    pred:Assessment ""3"" ;
    pred:Recommendation_clear_recommendation ""1"" ;
    pred:Recommendation_global_rating_scale ""1"" ;
    pred:Comments ""Time: (2:36-2:53)
Late response for considering consultation"" .

",3,"How many respondents have Identification score of 3?

DATA:

@prefix : <http://example.org/survey#> .
@prefix pred: <http://example.org/predicate#> .

# Questions
:QDate pred:Text ""What is the date of the session? [Open-ended]"" .
:QSessionName pred:Text ""What is the name of the session? [Open-ended]"" .
:QIdentification pred:Text ""Identification of self, role, and patient. [Rubric: 0 = Requires direct prompting, 1 = Introduces themselves but only after a hint, 2 = Introduces themselves but information is incomplete, 3 = Introduces themselves and information is complete]"" .
:QSituation pred:Text ""Identifies the main problem(s). [Rubric: 0 = Unable to identify the main problem(s), 1 = Identifies the main problem(s) after extended prompting, 2 = Identifies the main problem(s) with fewer prompts needed, 3 = Identifies and prioritizes the main problem(s) unprompted]"" .
:QBackground_history pred:Text ""Gives appropriate history. [Rubric: 0 = History is unstructured or non-relevant, 1 = Relevant history but frequent clarification needed, 2 = Relevant history with few further questions needed, 3 = Comprehensive focused history]"" .
:QBackground_examination pred:Text ""Gives appropriate examination/observations. [Rubric: 0 = Observations are omitted or irrelevant, 1 = Observations reported but frequent clarification needed, 2 = Observations reported with few further questions needed, 3 = Comprehensive focused examination/observations]"" .
:QAssessment pred:Text ""Makes logical assessment (correlates problem, history, exam, context). [Rubric: 0 = No logical assessment, 1 = Assessment only after extended questioning, 2 = Assessment after minimal questioning, 3 = Comprehensive logical assessment without questioning]"" .
:QRecommendation_clear_recommendation pred:Text ""Makes a clear recommendation. [Rubric: 0 = No recommendation, 1 = Clear recommendation only after extended questioning, 2 = Clear recommendation after minimal questioning, 3 = Clear comprehensive recommendation without questioning]"" .
:QRecommendation_global_rating_scale pred:Text ""Global Rating Scale (GRS) - How confident am I that I received an accurate picture of the patient? [Rubric: 0 = Not at all confident, 1 = Confident but required extended questioning, 2 = Confident but required some further questioning, 3 = Confident and required little or no questioning]"" .
:QComments pred:Text ""Comments on the session. [Open-ended]"" .

# Responses
:Respondent2 a :Person ;
    pred:Date ""2025-03-14"" ;
    pred:SessionName ""II-Anaphylaxsis"" ;
    pred:Identification ""3"" ;
    pred:Situation ""3"" ;
    pred:Background_history ""2"" ;
    pred:Background_examination ""2"" ;
    pred:Assessment ""3"" ;
    pred:Recommendation_clear_recommendation ""3"" ;
    pred:Recommendation_global_rating_scale ""3"" ;
    pred:Comments ""Time: (11:43-11:58)
Talking to registrav could not summarize the condition of patient very clearly
DID: Sepsis I Anaphylaxsis given by team"" .

:Respondent17 a :Person ;
    pred:Date ""2025-05-04"" ;
    pred:SessionName ""IV - VT"" ;
    pred:Identification ""3"" ;
    pred:Situation ""3"" ;
    pred:Background_history ""2"" ;
    pred:Background_examination ""2"" ;
    pred:Assessment ""3"" ;
    pred:Recommendation_clear_recommendation ""2"" ;
    pred:Recommendation_global_rating_scale ""2"" ;
    pred:Comments ""Not very concise or clear communication
Satisfactory"" .

:Respondent3 a :Person ;
    pred:Date ""2025-03-14"" ;
    pred:SessionName ""IV-Hypoglycemia"" ;
    pred:Identification ""3"" ;
    pred:Situation ""3"" ;
    pred:Background_history ""2"" ;
    pred:Background_examination ""2"" ;
    pred:Assessment ""3"" ;
    pred:Recommendation_clear_recommendation ""1"" ;
    pred:Recommendation_global_rating_scale ""1"" ;
    pred:Comments ""Time: (2:36-2:53)
Late response for considering consultation"" .

:Respondent12 a :Person ;
    pred:Date ""2025-05-02"" ;
    pred:SessionName ""IV (VT)"" ;
    pred:Identification ""3"" ;
    pred:Situation ""3"" ;
    pred:Background_history ""2"" ;
    pred:Background_examination ""-1"" ;
    pred:Assessment ""3"" ;
    pred:Recommendation_clear_recommendation ""2"" ;
    pred:Recommendation_global_rating_scale ""3"" ;
    pred:Comments ""Good"" .

Answer: 3

@prefix : <http://example.org/survey#> .
@prefix pred: <http://example.org/predicate#> .

# Questions
:QDate pred:Text ""What is the date of the session? [Open-ended]"" .
:QSessionName pred:Text ""What is the name of the session? [Open-ended]"" .
:QIdentification pred:Text ""Identification of self, role, and patient. [Rubric: 0 = Requires direct prompting, 1 = Introduces themselves but only after a hint, 2 = Introduces themselves but information is incomplete, 3 = Introduces themselves and information is complete]"" .
:QSituation pred:Text ""Identifies the main problem(s). [Rubric: 0 = Unable to identify the main problem(s), 1 = Identifies the main problem(s) after extended prompting, 2 = Identifies the main problem(s) with fewer prompts needed, 3 = Identifies and prioritizes the main problem(s) unprompted]"" .
:QBackground_history pred:Text ""Gives appropriate history. [Rubric: 0 = History is unstructured or non-relevant, 1 = Relevant history but frequent clarification needed, 2 = Relevant history with few further questions needed, 3 = Comprehensive focused history]"" .
:QBackground_examination pred:Text ""Gives appropriate examination/observations. [Rubric: 0 = Observations are omitted or irrelevant, 1 = Observations reported but frequent clarification needed, 2 = Observations reported with few further questions needed, 3 = Comprehensive focused examination/observations]"" .
:QAssessment pred:Text ""Makes logical assessment (correlates problem, history, exam, context). [Rubric: 0 = No logical assessment, 1 = Assessment only after extended questioning, 2 = Assessment after minimal questioning, 3 = Comprehensive logical assessment without questioning]"" .
:QRecommendation_clear_recommendation pred:Text ""Makes a clear recommendation. [Rubric: 0 = No recommendation, 1 = Clear recommendation only after extended questioning, 2 = Clear recommendation after minimal questioning, 3 = Clear comprehensive recommendation without questioning]"" .
:QRecommendation_global_rating_scale pred:Text ""Global Rating Scale (GRS) - How confident am I that I received an accurate picture of the patient? [Rubric: 0 = Not at all confident, 1 = Confident but required extended questioning, 2 = Confident but required some further questioning, 3 = Confident and required little or no questioning]"" .
:QComments pred:Text ""Comments on the session. [Open-ended]"" .

# Responses
:Respondent12 a :Person ;
    pred:Date ""2025-05-02"" ;
    pred:SessionName ""IV (VT)"" ;
    pred:Identification ""3"" ;
    pred:Situation ""3"" ;
    pred:Background_history ""2"" ;
    pred:Background_examination ""-1"" ;
    pred:Assessment ""3"" ;
    pred:Recommendation_clear_recommendation ""2"" ;
    pred:Recommendation_global_rating_scale ""3"" ;
    pred:Comments ""Good"" .

:Respondent6 a :Person ;
    pred:Date ""2025-04-04"" ;
    pred:SessionName ""III-Sepsis"" ;
    pred:Identification ""-1"" ;
    pred:Situation ""2"" ;
    pred:Background_history ""3"" ;
    pred:Background_examination ""3"" ;
    pred:Assessment ""3"" ;
    pred:Recommendation_clear_recommendation ""3"" ;
    pred:Recommendation_global_rating_scale ""3"" ;
    pred:Comments ""The patient/simulation is not oriented in TPP.
Clear communication between Reg and colleague during handover"" .

:Respondent11 a :Person ;
    pred:Date ""2025-05-02"" ;
    pred:SessionName ""II (Anaphylaxis)"" ;
    pred:Identification ""3"" ;
    pred:Situation ""3"" ;
    pred:Background_history ""3"" ;
    pred:Background_examination ""3"" ;
    pred:Assessment ""2"" ;
    pred:Recommendation_clear_recommendation ""3"" ;
    pred:Recommendation_global_rating_scale ""3"" ;
    pred:Comments ""Good"" .

:Respondent3 a :Person ;
    pred:Date ""2025-03-14"" ;
    pred:SessionName ""IV-Hypoglycemia"" ;
    pred:Identification ""3"" ;
    pred:Situation ""3"" ;
    pred:Background_history ""2"" ;
    pred:Background_examination ""2"" ;
    pred:Assessment ""3"" ;
    pred:Recommendation_clear_recommendation ""1"" ;
    pred:Recommendation_global_rating_scale ""1"" ;
    pred:Comments ""Time: (2:36-2:53)
Late response for considering consultation"" .

You are a meticulous data analyst AI. Your primary function is to accurately analyze structured data and provide precise, verifiable answers.

You will be given a dataset with two key parts:

A 'questions' section: This is your data dictionary or schema. It is the single source of truth for understanding what each field and score means. Refer to it carefully.

A 'responses' section: This contains the raw data from each individual respondent.

To answer the question correctly, you must first use the 'questions' schema to fully understand the context and meaning of the data points within the 'responses'. Do not rely on any prior knowledge outside of this provided data. Base your entire analysis on the information given.

Provide your final answer directly and concisely. Output must be the human-readable value, not an option code.

Rules:
- For MCQ fields, map any letter codes in the Responses (case-insensitive) to the corresponding option text from the Questions schema, and output only that text. Do NOT include the letter or both.
  Example: If the schema is ""[MCQ: A. Abnormal B. Inconclusive C. Normal]"" and the response is ""a"", output ""Abnormal"".
- For open-ended fields, output the exact text value.
- If the question asks for a count, provide only the number (e.g., ""42"").
- If the question asks for a list of names or IDs, provide a simple comma-separated list (e.g., ""17, 21, 23"").
- Preserve capitalization exactly as in the schema (e.g., output ""Abnormal"", not ""abnormal"" or ""A"").

How many respondents have Recommendation (clear recommendation) score greater than or equal to 2?",3,True
case_9,conceptual_aggregation,How many respondents have Situation score of 2?,"@prefix : <http://example.org/survey#> .
@prefix pred: <http://example.org/predicate#> .

# Questions
:QDate pred:Text ""What is the date of the session? [Open-ended]"" .
:QSessionName pred:Text ""What is the name of the session? [Open-ended]"" .
:QIdentification pred:Text ""Identification of self, role, and patient. [Rubric: 0 = Requires direct prompting, 1 = Introduces themselves but only after a hint, 2 = Introduces themselves but information is incomplete, 3 = Introduces themselves and information is complete]"" .
:QSituation pred:Text ""Identifies the main problem(s). [Rubric: 0 = Unable to identify the main problem(s), 1 = Identifies the main problem(s) after extended prompting, 2 = Identifies the main problem(s) with fewer prompts needed, 3 = Identifies and prioritizes the main problem(s) unprompted]"" .
:QBackground_history pred:Text ""Gives appropriate history. [Rubric: 0 = History is unstructured or non-relevant, 1 = Relevant history but frequent clarification needed, 2 = Relevant history with few further questions needed, 3 = Comprehensive focused history]"" .
:QBackground_examination pred:Text ""Gives appropriate examination/observations. [Rubric: 0 = Observations are omitted or irrelevant, 1 = Observations reported but frequent clarification needed, 2 = Observations reported with few further questions needed, 3 = Comprehensive focused examination/observations]"" .
:QAssessment pred:Text ""Makes logical assessment (correlates problem, history, exam, context). [Rubric: 0 = No logical assessment, 1 = Assessment only after extended questioning, 2 = Assessment after minimal questioning, 3 = Comprehensive logical assessment without questioning]"" .
:QRecommendation_clear_recommendation pred:Text ""Makes a clear recommendation. [Rubric: 0 = No recommendation, 1 = Clear recommendation only after extended questioning, 2 = Clear recommendation after minimal questioning, 3 = Clear comprehensive recommendation without questioning]"" .
:QRecommendation_global_rating_scale pred:Text ""Global Rating Scale (GRS) - How confident am I that I received an accurate picture of the patient? [Rubric: 0 = Not at all confident, 1 = Confident but required extended questioning, 2 = Confident but required some further questioning, 3 = Confident and required little or no questioning]"" .
:QComments pred:Text ""Comments on the session. [Open-ended]"" .

# Responses
:Respondent19 a :Person ;
    pred:Date ""2025-05-04"" ;
    pred:SessionName ""V (Hypoglycemia)"" ;
    pred:Identification ""3"" ;
    pred:Situation ""3"" ;
    pred:Background_history ""3"" ;
    pred:Background_examination ""3"" ;
    pred:Assessment ""3"" ;
    pred:Recommendation_clear_recommendation ""3"" ;
    pred:Recommendation_global_rating_scale ""2"" ;
    pred:Comments ""Concise - clear
Satisfactory"" .

:Respondent15 a :Person ;
    pred:Date ""2025-05-04"" ;
    pred:SessionName ""III - Sepsis"" ;
    pred:Identification ""3"" ;
    pred:Situation ""3"" ;
    pred:Background_history ""2"" ;
    pred:Background_examination ""3"" ;
    pred:Assessment ""2"" ;
    pred:Recommendation_clear_recommendation ""2"" ;
    pred:Recommendation_global_rating_scale ""2"" ;
    pred:Comments ""Detailed Response - clear communication"" .

:Respondent3 a :Person ;
    pred:Date ""2025-03-14"" ;
    pred:SessionName ""IV-Hypoglycemia"" ;
    pred:Identification ""3"" ;
    pred:Situation ""3"" ;
    pred:Background_history ""2"" ;
    pred:Background_examination ""2"" ;
    pred:Assessment ""3"" ;
    pred:Recommendation_clear_recommendation ""1"" ;
    pred:Recommendation_global_rating_scale ""1"" ;
    pred:Comments ""Time: (2:36-2:53)
Late response for considering consultation"" .

:Respondent4 a :Person ;
    pred:Date ""2025-03-14"" ;
    pred:SessionName ""I-VF"" ;
    pred:Identification ""3"" ;
    pred:Situation ""3"" ;
    pred:Background_history ""2"" ;
    pred:Background_examination ""1"" ;
    pred:Assessment ""2"" ;
    pred:Recommendation_clear_recommendation ""2"" ;
    pred:Recommendation_global_rating_scale ""2"" ;
    pred:Comments ""Time: (10:29-10:54)
Ventricular fibrillation (CVS)
Lack of communication btween 2 main interns
Further brief to patient, ask patent concerns"" .

:Respondent5 a :Person ;
    pred:Date ""2025-03-14"" ;
    pred:SessionName ""(MI)-VT"" ;
    pred:Identification ""0"" ;
    pred:Situation ""2"" ;
    pred:Background_history ""2"" ;
    pred:Background_examination ""2"" ;
    pred:Assessment ""2"" ;
    pred:Recommendation_clear_recommendation ""2"" ;
    pred:Recommendation_global_rating_scale ""2"" ;
    pred:Comments ""Time: (15:53-16:14)"" .

:Respondent1 a :Person ;
    pred:Date ""2025-03-14"" ;
    pred:SessionName ""III-Sepsis"" ;
    pred:Identification ""3"" ;
    pred:Situation ""3"" ;
    pred:Background_history ""2"" ;
    pred:Background_examination ""3"" ;
    pred:Assessment ""2"" ;
    pred:Recommendation_clear_recommendation ""2"" ;
    pred:Recommendation_global_rating_scale ""2"" ;
    pred:Comments ""Time: (1:00-1:17)"" .

:Respondent21 a :Person ;
    pred:Date ""2025-05-16"" ;
    pred:SessionName ""II (Anaphylaxsis)"" ;
    pred:Identification ""3"" ;
    pred:Situation ""3"" ;
    pred:Background_history ""2"" ;
    pred:Background_examination ""2"" ;
    pred:Assessment ""2"" ;
    pred:Recommendation_clear_recommendation ""3"" ;
    pred:Recommendation_global_rating_scale ""2"" ;
    pred:Comments ""Overall a bit unclear communication reflected"" .

:Respondent20 a :Person ;
    pred:Date ""2025-05-16"" ;
    pred:SessionName ""III (Sepsis)"" ;
    pred:Identification ""3"" ;
    pred:Situation ""3"" ;
    pred:Background_history ""3"" ;
    pred:Background_examination ""2"" ;
    pred:Assessment ""2"" ;
    pred:Recommendation_clear_recommendation ""2"" ;
    pred:Recommendation_global_rating_scale ""2"" ;
    pred:Comments ""Clinical handover and communication skills, satisfactory
No panic, no arrest team
Satisfactory"" .

",1,"How many respondents have Identification score of 3?

DATA:

@prefix : <http://example.org/survey#> .
@prefix pred: <http://example.org/predicate#> .

# Questions
:QDate pred:Text ""What is the date of the session? [Open-ended]"" .
:QSessionName pred:Text ""What is the name of the session? [Open-ended]"" .
:QIdentification pred:Text ""Identification of self, role, and patient. [Rubric: 0 = Requires direct prompting, 1 = Introduces themselves but only after a hint, 2 = Introduces themselves but information is incomplete, 3 = Introduces themselves and information is complete]"" .
:QSituation pred:Text ""Identifies the main problem(s). [Rubric: 0 = Unable to identify the main problem(s), 1 = Identifies the main problem(s) after extended prompting, 2 = Identifies the main problem(s) with fewer prompts needed, 3 = Identifies and prioritizes the main problem(s) unprompted]"" .
:QBackground_history pred:Text ""Gives appropriate history. [Rubric: 0 = History is unstructured or non-relevant, 1 = Relevant history but frequent clarification needed, 2 = Relevant history with few further questions needed, 3 = Comprehensive focused history]"" .
:QBackground_examination pred:Text ""Gives appropriate examination/observations. [Rubric: 0 = Observations are omitted or irrelevant, 1 = Observations reported but frequent clarification needed, 2 = Observations reported with few further questions needed, 3 = Comprehensive focused examination/observations]"" .
:QAssessment pred:Text ""Makes logical assessment (correlates problem, history, exam, context). [Rubric: 0 = No logical assessment, 1 = Assessment only after extended questioning, 2 = Assessment after minimal questioning, 3 = Comprehensive logical assessment without questioning]"" .
:QRecommendation_clear_recommendation pred:Text ""Makes a clear recommendation. [Rubric: 0 = No recommendation, 1 = Clear recommendation only after extended questioning, 2 = Clear recommendation after minimal questioning, 3 = Clear comprehensive recommendation without questioning]"" .
:QRecommendation_global_rating_scale pred:Text ""Global Rating Scale (GRS) - How confident am I that I received an accurate picture of the patient? [Rubric: 0 = Not at all confident, 1 = Confident but required extended questioning, 2 = Confident but required some further questioning, 3 = Confident and required little or no questioning]"" .
:QComments pred:Text ""Comments on the session. [Open-ended]"" .

# Responses
:Respondent2 a :Person ;
    pred:Date ""2025-03-14"" ;
    pred:SessionName ""II-Anaphylaxsis"" ;
    pred:Identification ""3"" ;
    pred:Situation ""3"" ;
    pred:Background_history ""2"" ;
    pred:Background_examination ""2"" ;
    pred:Assessment ""3"" ;
    pred:Recommendation_clear_recommendation ""3"" ;
    pred:Recommendation_global_rating_scale ""3"" ;
    pred:Comments ""Time: (11:43-11:58)
Talking to registrav could not summarize the condition of patient very clearly
DID: Sepsis I Anaphylaxsis given by team"" .

:Respondent17 a :Person ;
    pred:Date ""2025-05-04"" ;
    pred:SessionName ""IV - VT"" ;
    pred:Identification ""3"" ;
    pred:Situation ""3"" ;
    pred:Background_history ""2"" ;
    pred:Background_examination ""2"" ;
    pred:Assessment ""3"" ;
    pred:Recommendation_clear_recommendation ""2"" ;
    pred:Recommendation_global_rating_scale ""2"" ;
    pred:Comments ""Not very concise or clear communication
Satisfactory"" .

:Respondent3 a :Person ;
    pred:Date ""2025-03-14"" ;
    pred:SessionName ""IV-Hypoglycemia"" ;
    pred:Identification ""3"" ;
    pred:Situation ""3"" ;
    pred:Background_history ""2"" ;
    pred:Background_examination ""2"" ;
    pred:Assessment ""3"" ;
    pred:Recommendation_clear_recommendation ""1"" ;
    pred:Recommendation_global_rating_scale ""1"" ;
    pred:Comments ""Time: (2:36-2:53)
Late response for considering consultation"" .

:Respondent12 a :Person ;
    pred:Date ""2025-05-02"" ;
    pred:SessionName ""IV (VT)"" ;
    pred:Identification ""3"" ;
    pred:Situation ""3"" ;
    pred:Background_history ""2"" ;
    pred:Background_examination ""-1"" ;
    pred:Assessment ""3"" ;
    pred:Recommendation_clear_recommendation ""2"" ;
    pred:Recommendation_global_rating_scale ""3"" ;
    pred:Comments ""Good"" .

Answer: 3

@prefix : <http://example.org/survey#> .
@prefix pred: <http://example.org/predicate#> .

# Questions
:QDate pred:Text ""What is the date of the session? [Open-ended]"" .
:QSessionName pred:Text ""What is the name of the session? [Open-ended]"" .
:QIdentification pred:Text ""Identification of self, role, and patient. [Rubric: 0 = Requires direct prompting, 1 = Introduces themselves but only after a hint, 2 = Introduces themselves but information is incomplete, 3 = Introduces themselves and information is complete]"" .
:QSituation pred:Text ""Identifies the main problem(s). [Rubric: 0 = Unable to identify the main problem(s), 1 = Identifies the main problem(s) after extended prompting, 2 = Identifies the main problem(s) with fewer prompts needed, 3 = Identifies and prioritizes the main problem(s) unprompted]"" .
:QBackground_history pred:Text ""Gives appropriate history. [Rubric: 0 = History is unstructured or non-relevant, 1 = Relevant history but frequent clarification needed, 2 = Relevant history with few further questions needed, 3 = Comprehensive focused history]"" .
:QBackground_examination pred:Text ""Gives appropriate examination/observations. [Rubric: 0 = Observations are omitted or irrelevant, 1 = Observations reported but frequent clarification needed, 2 = Observations reported with few further questions needed, 3 = Comprehensive focused examination/observations]"" .
:QAssessment pred:Text ""Makes logical assessment (correlates problem, history, exam, context). [Rubric: 0 = No logical assessment, 1 = Assessment only after extended questioning, 2 = Assessment after minimal questioning, 3 = Comprehensive logical assessment without questioning]"" .
:QRecommendation_clear_recommendation pred:Text ""Makes a clear recommendation. [Rubric: 0 = No recommendation, 1 = Clear recommendation only after extended questioning, 2 = Clear recommendation after minimal questioning, 3 = Clear comprehensive recommendation without questioning]"" .
:QRecommendation_global_rating_scale pred:Text ""Global Rating Scale (GRS) - How confident am I that I received an accurate picture of the patient? [Rubric: 0 = Not at all confident, 1 = Confident but required extended questioning, 2 = Confident but required some further questioning, 3 = Confident and required little or no questioning]"" .
:QComments pred:Text ""Comments on the session. [Open-ended]"" .

# Responses
:Respondent19 a :Person ;
    pred:Date ""2025-05-04"" ;
    pred:SessionName ""V (Hypoglycemia)"" ;
    pred:Identification ""3"" ;
    pred:Situation ""3"" ;
    pred:Background_history ""3"" ;
    pred:Background_examination ""3"" ;
    pred:Assessment ""3"" ;
    pred:Recommendation_clear_recommendation ""3"" ;
    pred:Recommendation_global_rating_scale ""2"" ;
    pred:Comments ""Concise - clear
Satisfactory"" .

:Respondent15 a :Person ;
    pred:Date ""2025-05-04"" ;
    pred:SessionName ""III - Sepsis"" ;
    pred:Identification ""3"" ;
    pred:Situation ""3"" ;
    pred:Background_history ""2"" ;
    pred:Background_examination ""3"" ;
    pred:Assessment ""2"" ;
    pred:Recommendation_clear_recommendation ""2"" ;
    pred:Recommendation_global_rating_scale ""2"" ;
    pred:Comments ""Detailed Response - clear communication"" .

:Respondent3 a :Person ;
    pred:Date ""2025-03-14"" ;
    pred:SessionName ""IV-Hypoglycemia"" ;
    pred:Identification ""3"" ;
    pred:Situation ""3"" ;
    pred:Background_history ""2"" ;
    pred:Background_examination ""2"" ;
    pred:Assessment ""3"" ;
    pred:Recommendation_clear_recommendation ""1"" ;
    pred:Recommendation_global_rating_scale ""1"" ;
    pred:Comments ""Time: (2:36-2:53)
Late response for considering consultation"" .

:Respondent4 a :Person ;
    pred:Date ""2025-03-14"" ;
    pred:SessionName ""I-VF"" ;
    pred:Identification ""3"" ;
    pred:Situation ""3"" ;
    pred:Background_history ""2"" ;
    pred:Background_examination ""1"" ;
    pred:Assessment ""2"" ;
    pred:Recommendation_clear_recommendation ""2"" ;
    pred:Recommendation_global_rating_scale ""2"" ;
    pred:Comments ""Time: (10:29-10:54)
Ventricular fibrillation (CVS)
Lack of communication btween 2 main interns
Further brief to patient, ask patent concerns"" .

:Respondent5 a :Person ;
    pred:Date ""2025-03-14"" ;
    pred:SessionName ""(MI)-VT"" ;
    pred:Identification ""0"" ;
    pred:Situation ""2"" ;
    pred:Background_history ""2"" ;
    pred:Background_examination ""2"" ;
    pred:Assessment ""2"" ;
    pred:Recommendation_clear_recommendation ""2"" ;
    pred:Recommendation_global_rating_scale ""2"" ;
    pred:Comments ""Time: (15:53-16:14)"" .

:Respondent1 a :Person ;
    pred:Date ""2025-03-14"" ;
    pred:SessionName ""III-Sepsis"" ;
    pred:Identification ""3"" ;
    pred:Situation ""3"" ;
    pred:Background_history ""2"" ;
    pred:Background_examination ""3"" ;
    pred:Assessment ""2"" ;
    pred:Recommendation_clear_recommendation ""2"" ;
    pred:Recommendation_global_rating_scale ""2"" ;
    pred:Comments ""Time: (1:00-1:17)"" .

:Respondent21 a :Person ;
    pred:Date ""2025-05-16"" ;
    pred:SessionName ""II (Anaphylaxsis)"" ;
    pred:Identification ""3"" ;
    pred:Situation ""3"" ;
    pred:Background_history ""2"" ;
    pred:Background_examination ""2"" ;
    pred:Assessment ""2"" ;
    pred:Recommendation_clear_recommendation ""3"" ;
    pred:Recommendation_global_rating_scale ""2"" ;
    pred:Comments ""Overall a bit unclear communication reflected"" .

:Respondent20 a :Person ;
    pred:Date ""2025-05-16"" ;
    pred:SessionName ""III (Sepsis)"" ;
    pred:Identification ""3"" ;
    pred:Situation ""3"" ;
    pred:Background_history ""3"" ;
    pred:Background_examination ""2"" ;
    pred:Assessment ""2"" ;
    pred:Recommendation_clear_recommendation ""2"" ;
    pred:Recommendation_global_rating_scale ""2"" ;
    pred:Comments ""Clinical handover and communication skills, satisfactory
No panic, no arrest team
Satisfactory"" .

You are a meticulous data analyst AI. Your primary function is to accurately analyze structured data and provide precise, verifiable answers.

You will be given a dataset with two key parts:

A 'questions' section: This is your data dictionary or schema. It is the single source of truth for understanding what each field and score means. Refer to it carefully.

A 'responses' section: This contains the raw data from each individual respondent.

To answer the question correctly, you must first use the 'questions' schema to fully understand the context and meaning of the data points within the 'responses'. Do not rely on any prior knowledge outside of this provided data. Base your entire analysis on the information given.

Provide your final answer directly and concisely. Output must be the human-readable value, not an option code.

Rules:
- For MCQ fields, map any letter codes in the Responses (case-insensitive) to the corresponding option text from the Questions schema, and output only that text. Do NOT include the letter or both.
  Example: If the schema is ""[MCQ: A. Abnormal B. Inconclusive C. Normal]"" and the response is ""a"", output ""Abnormal"".
- For open-ended fields, output the exact text value.
- If the question asks for a count, provide only the number (e.g., ""42"").
- If the question asks for a list of names or IDs, provide a simple comma-separated list (e.g., ""17, 21, 23"").
- Preserve capitalization exactly as in the schema (e.g., output ""Abnormal"", not ""abnormal"" or ""A"").

How many respondents have Situation score of 2?",1,True
case_10,conceptual_aggregation,How many respondents have Background (history) score of 3?,"@prefix : <http://example.org/survey#> .
@prefix pred: <http://example.org/predicate#> .

# Questions
:QDate pred:Text ""What is the date of the session? [Open-ended]"" .
:QSessionName pred:Text ""What is the name of the session? [Open-ended]"" .
:QIdentification pred:Text ""Identification of self, role, and patient. [Rubric: 0 = Requires direct prompting, 1 = Introduces themselves but only after a hint, 2 = Introduces themselves but information is incomplete, 3 = Introduces themselves and information is complete]"" .
:QSituation pred:Text ""Identifies the main problem(s). [Rubric: 0 = Unable to identify the main problem(s), 1 = Identifies the main problem(s) after extended prompting, 2 = Identifies the main problem(s) with fewer prompts needed, 3 = Identifies and prioritizes the main problem(s) unprompted]"" .
:QBackground_history pred:Text ""Gives appropriate history. [Rubric: 0 = History is unstructured or non-relevant, 1 = Relevant history but frequent clarification needed, 2 = Relevant history with few further questions needed, 3 = Comprehensive focused history]"" .
:QBackground_examination pred:Text ""Gives appropriate examination/observations. [Rubric: 0 = Observations are omitted or irrelevant, 1 = Observations reported but frequent clarification needed, 2 = Observations reported with few further questions needed, 3 = Comprehensive focused examination/observations]"" .
:QAssessment pred:Text ""Makes logical assessment (correlates problem, history, exam, context). [Rubric: 0 = No logical assessment, 1 = Assessment only after extended questioning, 2 = Assessment after minimal questioning, 3 = Comprehensive logical assessment without questioning]"" .
:QRecommendation_clear_recommendation pred:Text ""Makes a clear recommendation. [Rubric: 0 = No recommendation, 1 = Clear recommendation only after extended questioning, 2 = Clear recommendation after minimal questioning, 3 = Clear comprehensive recommendation without questioning]"" .
:QRecommendation_global_rating_scale pred:Text ""Global Rating Scale (GRS) - How confident am I that I received an accurate picture of the patient? [Rubric: 0 = Not at all confident, 1 = Confident but required extended questioning, 2 = Confident but required some further questioning, 3 = Confident and required little or no questioning]"" .
:QComments pred:Text ""Comments on the session. [Open-ended]"" .

# Responses
:Respondent17 a :Person ;
    pred:Date ""2025-05-04"" ;
    pred:SessionName ""IV - VT"" ;
    pred:Identification ""3"" ;
    pred:Situation ""3"" ;
    pred:Background_history ""2"" ;
    pred:Background_examination ""2"" ;
    pred:Assessment ""3"" ;
    pred:Recommendation_clear_recommendation ""2"" ;
    pred:Recommendation_global_rating_scale ""2"" ;
    pred:Comments ""Not very concise or clear communication
Satisfactory"" .

:Respondent5 a :Person ;
    pred:Date ""2025-03-14"" ;
    pred:SessionName ""(MI)-VT"" ;
    pred:Identification ""0"" ;
    pred:Situation ""2"" ;
    pred:Background_history ""2"" ;
    pred:Background_examination ""2"" ;
    pred:Assessment ""2"" ;
    pred:Recommendation_clear_recommendation ""2"" ;
    pred:Recommendation_global_rating_scale ""2"" ;
    pred:Comments ""Time: (15:53-16:14)"" .

:Respondent11 a :Person ;
    pred:Date ""2025-05-02"" ;
    pred:SessionName ""II (Anaphylaxis)"" ;
    pred:Identification ""3"" ;
    pred:Situation ""3"" ;
    pred:Background_history ""3"" ;
    pred:Background_examination ""3"" ;
    pred:Assessment ""2"" ;
    pred:Recommendation_clear_recommendation ""3"" ;
    pred:Recommendation_global_rating_scale ""3"" ;
    pred:Comments ""Good"" .

:Respondent10 a :Person ;
    pred:Date ""2025-05-02"" ;
    pred:SessionName ""III (Sepsis)"" ;
    pred:Identification ""3"" ;
    pred:Situation ""3"" ;
    pred:Background_history ""3"" ;
    pred:Background_examination ""2"" ;
    pred:Assessment ""2"" ;
    pred:Recommendation_clear_recommendation ""2"" ;
    pred:Recommendation_global_rating_scale ""3"" ;
    pred:Comments ""Clear communication during handover
Good"" .

:Respondent22 a :Person ;
    pred:Date ""2025-05-16"" ;
    pred:SessionName ""IV (VT)"" ;
    pred:Identification ""3"" ;
    pred:Situation ""3"" ;
    pred:Background_history ""3"" ;
    pred:Background_examination ""3"" ;
    pred:Assessment ""2"" ;
    pred:Recommendation_clear_recommendation ""2"" ;
    pred:Recommendation_global_rating_scale ""3"" ;
    pred:Comments ""Clear communication skills
Good"" .

:Respondent3 a :Person ;
    pred:Date ""2025-03-14"" ;
    pred:SessionName ""IV-Hypoglycemia"" ;
    pred:Identification ""3"" ;
    pred:Situation ""3"" ;
    pred:Background_history ""2"" ;
    pred:Background_examination ""2"" ;
    pred:Assessment ""3"" ;
    pred:Recommendation_clear_recommendation ""1"" ;
    pred:Recommendation_global_rating_scale ""1"" ;
    pred:Comments ""Time: (2:36-2:53)
Late response for considering consultation"" .

:Respondent15 a :Person ;
    pred:Date ""2025-05-04"" ;
    pred:SessionName ""III - Sepsis"" ;
    pred:Identification ""3"" ;
    pred:Situation ""3"" ;
    pred:Background_history ""2"" ;
    pred:Background_examination ""3"" ;
    pred:Assessment ""2"" ;
    pred:Recommendation_clear_recommendation ""2"" ;
    pred:Recommendation_global_rating_scale ""2"" ;
    pred:Comments ""Detailed Response - clear communication"" .

",3,"How many respondents have Identification score of 3?

DATA:

@prefix : <http://example.org/survey#> .
@prefix pred: <http://example.org/predicate#> .

# Questions
:QDate pred:Text ""What is the date of the session? [Open-ended]"" .
:QSessionName pred:Text ""What is the name of the session? [Open-ended]"" .
:QIdentification pred:Text ""Identification of self, role, and patient. [Rubric: 0 = Requires direct prompting, 1 = Introduces themselves but only after a hint, 2 = Introduces themselves but information is incomplete, 3 = Introduces themselves and information is complete]"" .
:QSituation pred:Text ""Identifies the main problem(s). [Rubric: 0 = Unable to identify the main problem(s), 1 = Identifies the main problem(s) after extended prompting, 2 = Identifies the main problem(s) with fewer prompts needed, 3 = Identifies and prioritizes the main problem(s) unprompted]"" .
:QBackground_history pred:Text ""Gives appropriate history. [Rubric: 0 = History is unstructured or non-relevant, 1 = Relevant history but frequent clarification needed, 2 = Relevant history with few further questions needed, 3 = Comprehensive focused history]"" .
:QBackground_examination pred:Text ""Gives appropriate examination/observations. [Rubric: 0 = Observations are omitted or irrelevant, 1 = Observations reported but frequent clarification needed, 2 = Observations reported with few further questions needed, 3 = Comprehensive focused examination/observations]"" .
:QAssessment pred:Text ""Makes logical assessment (correlates problem, history, exam, context). [Rubric: 0 = No logical assessment, 1 = Assessment only after extended questioning, 2 = Assessment after minimal questioning, 3 = Comprehensive logical assessment without questioning]"" .
:QRecommendation_clear_recommendation pred:Text ""Makes a clear recommendation. [Rubric: 0 = No recommendation, 1 = Clear recommendation only after extended questioning, 2 = Clear recommendation after minimal questioning, 3 = Clear comprehensive recommendation without questioning]"" .
:QRecommendation_global_rating_scale pred:Text ""Global Rating Scale (GRS) - How confident am I that I received an accurate picture of the patient? [Rubric: 0 = Not at all confident, 1 = Confident but required extended questioning, 2 = Confident but required some further questioning, 3 = Confident and required little or no questioning]"" .
:QComments pred:Text ""Comments on the session. [Open-ended]"" .

# Responses
:Respondent2 a :Person ;
    pred:Date ""2025-03-14"" ;
    pred:SessionName ""II-Anaphylaxsis"" ;
    pred:Identification ""3"" ;
    pred:Situation ""3"" ;
    pred:Background_history ""2"" ;
    pred:Background_examination ""2"" ;
    pred:Assessment ""3"" ;
    pred:Recommendation_clear_recommendation ""3"" ;
    pred:Recommendation_global_rating_scale ""3"" ;
    pred:Comments ""Time: (11:43-11:58)
Talking to registrav could not summarize the condition of patient very clearly
DID: Sepsis I Anaphylaxsis given by team"" .

:Respondent17 a :Person ;
    pred:Date ""2025-05-04"" ;
    pred:SessionName ""IV - VT"" ;
    pred:Identification ""3"" ;
    pred:Situation ""3"" ;
    pred:Background_history ""2"" ;
    pred:Background_examination ""2"" ;
    pred:Assessment ""3"" ;
    pred:Recommendation_clear_recommendation ""2"" ;
    pred:Recommendation_global_rating_scale ""2"" ;
    pred:Comments ""Not very concise or clear communication
Satisfactory"" .

:Respondent3 a :Person ;
    pred:Date ""2025-03-14"" ;
    pred:SessionName ""IV-Hypoglycemia"" ;
    pred:Identification ""3"" ;
    pred:Situation ""3"" ;
    pred:Background_history ""2"" ;
    pred:Background_examination ""2"" ;
    pred:Assessment ""3"" ;
    pred:Recommendation_clear_recommendation ""1"" ;
    pred:Recommendation_global_rating_scale ""1"" ;
    pred:Comments ""Time: (2:36-2:53)
Late response for considering consultation"" .

:Respondent12 a :Person ;
    pred:Date ""2025-05-02"" ;
    pred:SessionName ""IV (VT)"" ;
    pred:Identification ""3"" ;
    pred:Situation ""3"" ;
    pred:Background_history ""2"" ;
    pred:Background_examination ""-1"" ;
    pred:Assessment ""3"" ;
    pred:Recommendation_clear_recommendation ""2"" ;
    pred:Recommendation_global_rating_scale ""3"" ;
    pred:Comments ""Good"" .

Answer: 3

@prefix : <http://example.org/survey#> .
@prefix pred: <http://example.org/predicate#> .

# Questions
:QDate pred:Text ""What is the date of the session? [Open-ended]"" .
:QSessionName pred:Text ""What is the name of the session? [Open-ended]"" .
:QIdentification pred:Text ""Identification of self, role, and patient. [Rubric: 0 = Requires direct prompting, 1 = Introduces themselves but only after a hint, 2 = Introduces themselves but information is incomplete, 3 = Introduces themselves and information is complete]"" .
:QSituation pred:Text ""Identifies the main problem(s). [Rubric: 0 = Unable to identify the main problem(s), 1 = Identifies the main problem(s) after extended prompting, 2 = Identifies the main problem(s) with fewer prompts needed, 3 = Identifies and prioritizes the main problem(s) unprompted]"" .
:QBackground_history pred:Text ""Gives appropriate history. [Rubric: 0 = History is unstructured or non-relevant, 1 = Relevant history but frequent clarification needed, 2 = Relevant history with few further questions needed, 3 = Comprehensive focused history]"" .
:QBackground_examination pred:Text ""Gives appropriate examination/observations. [Rubric: 0 = Observations are omitted or irrelevant, 1 = Observations reported but frequent clarification needed, 2 = Observations reported with few further questions needed, 3 = Comprehensive focused examination/observations]"" .
:QAssessment pred:Text ""Makes logical assessment (correlates problem, history, exam, context). [Rubric: 0 = No logical assessment, 1 = Assessment only after extended questioning, 2 = Assessment after minimal questioning, 3 = Comprehensive logical assessment without questioning]"" .
:QRecommendation_clear_recommendation pred:Text ""Makes a clear recommendation. [Rubric: 0 = No recommendation, 1 = Clear recommendation only after extended questioning, 2 = Clear recommendation after minimal questioning, 3 = Clear comprehensive recommendation without questioning]"" .
:QRecommendation_global_rating_scale pred:Text ""Global Rating Scale (GRS) - How confident am I that I received an accurate picture of the patient? [Rubric: 0 = Not at all confident, 1 = Confident but required extended questioning, 2 = Confident but required some further questioning, 3 = Confident and required little or no questioning]"" .
:QComments pred:Text ""Comments on the session. [Open-ended]"" .

# Responses
:Respondent17 a :Person ;
    pred:Date ""2025-05-04"" ;
    pred:SessionName ""IV - VT"" ;
    pred:Identification ""3"" ;
    pred:Situation ""3"" ;
    pred:Background_history ""2"" ;
    pred:Background_examination ""2"" ;
    pred:Assessment ""3"" ;
    pred:Recommendation_clear_recommendation ""2"" ;
    pred:Recommendation_global_rating_scale ""2"" ;
    pred:Comments ""Not very concise or clear communication
Satisfactory"" .

:Respondent5 a :Person ;
    pred:Date ""2025-03-14"" ;
    pred:SessionName ""(MI)-VT"" ;
    pred:Identification ""0"" ;
    pred:Situation ""2"" ;
    pred:Background_history ""2"" ;
    pred:Background_examination ""2"" ;
    pred:Assessment ""2"" ;
    pred:Recommendation_clear_recommendation ""2"" ;
    pred:Recommendation_global_rating_scale ""2"" ;
    pred:Comments ""Time: (15:53-16:14)"" .

:Respondent11 a :Person ;
    pred:Date ""2025-05-02"" ;
    pred:SessionName ""II (Anaphylaxis)"" ;
    pred:Identification ""3"" ;
    pred:Situation ""3"" ;
    pred:Background_history ""3"" ;
    pred:Background_examination ""3"" ;
    pred:Assessment ""2"" ;
    pred:Recommendation_clear_recommendation ""3"" ;
    pred:Recommendation_global_rating_scale ""3"" ;
    pred:Comments ""Good"" .

:Respondent10 a :Person ;
    pred:Date ""2025-05-02"" ;
    pred:SessionName ""III (Sepsis)"" ;
    pred:Identification ""3"" ;
    pred:Situation ""3"" ;
    pred:Background_history ""3"" ;
    pred:Background_examination ""2"" ;
    pred:Assessment ""2"" ;
    pred:Recommendation_clear_recommendation ""2"" ;
    pred:Recommendation_global_rating_scale ""3"" ;
    pred:Comments ""Clear communication during handover
Good"" .

:Respondent22 a :Person ;
    pred:Date ""2025-05-16"" ;
    pred:SessionName ""IV (VT)"" ;
    pred:Identification ""3"" ;
    pred:Situation ""3"" ;
    pred:Background_history ""3"" ;
    pred:Background_examination ""3"" ;
    pred:Assessment ""2"" ;
    pred:Recommendation_clear_recommendation ""2"" ;
    pred:Recommendation_global_rating_scale ""3"" ;
    pred:Comments ""Clear communication skills
Good"" .

:Respondent3 a :Person ;
    pred:Date ""2025-03-14"" ;
    pred:SessionName ""IV-Hypoglycemia"" ;
    pred:Identification ""3"" ;
    pred:Situation ""3"" ;
    pred:Background_history ""2"" ;
    pred:Background_examination ""2"" ;
    pred:Assessment ""3"" ;
    pred:Recommendation_clear_recommendation ""1"" ;
    pred:Recommendation_global_rating_scale ""1"" ;
    pred:Comments ""Time: (2:36-2:53)
Late response for considering consultation"" .

:Respondent15 a :Person ;
    pred:Date ""2025-05-04"" ;
    pred:SessionName ""III - Sepsis"" ;
    pred:Identification ""3"" ;
    pred:Situation ""3"" ;
    pred:Background_history ""2"" ;
    pred:Background_examination ""3"" ;
    pred:Assessment ""2"" ;
    pred:Recommendation_clear_recommendation ""2"" ;
    pred:Recommendation_global_rating_scale ""2"" ;
    pred:Comments ""Detailed Response - clear communication"" .

You are a meticulous data analyst AI. Your primary function is to accurately analyze structured data and provide precise, verifiable answers.

You will be given a dataset with two key parts:

A 'questions' section: This is your data dictionary or schema. It is the single source of truth for understanding what each field and score means. Refer to it carefully.

A 'responses' section: This contains the raw data from each individual respondent.

To answer the question correctly, you must first use the 'questions' schema to fully understand the context and meaning of the data points within the 'responses'. Do not rely on any prior knowledge outside of this provided data. Base your entire analysis on the information given.

Provide your final answer directly and concisely. Output must be the human-readable value, not an option code.

Rules:
- For MCQ fields, map any letter codes in the Responses (case-insensitive) to the corresponding option text from the Questions schema, and output only that text. Do NOT include the letter or both.
  Example: If the schema is ""[MCQ: A. Abnormal B. Inconclusive C. Normal]"" and the response is ""a"", output ""Abnormal"".
- For open-ended fields, output the exact text value.
- If the question asks for a count, provide only the number (e.g., ""42"").
- If the question asks for a list of names or IDs, provide a simple comma-separated list (e.g., ""17, 21, 23"").
- Preserve capitalization exactly as in the schema (e.g., output ""Abnormal"", not ""abnormal"" or ""A"").

How many respondents have Background (history) score of 3?",3,True
case_11,conceptual_aggregation,How many respondents have Background (examination) score of 2?,"@prefix : <http://example.org/survey#> .
@prefix pred: <http://example.org/predicate#> .

# Questions
:QDate pred:Text ""What is the date of the session? [Open-ended]"" .
:QSessionName pred:Text ""What is the name of the session? [Open-ended]"" .
:QIdentification pred:Text ""Identification of self, role, and patient. [Rubric: 0 = Requires direct prompting, 1 = Introduces themselves but only after a hint, 2 = Introduces themselves but information is incomplete, 3 = Introduces themselves and information is complete]"" .
:QSituation pred:Text ""Identifies the main problem(s). [Rubric: 0 = Unable to identify the main problem(s), 1 = Identifies the main problem(s) after extended prompting, 2 = Identifies the main problem(s) with fewer prompts needed, 3 = Identifies and prioritizes the main problem(s) unprompted]"" .
:QBackground_history pred:Text ""Gives appropriate history. [Rubric: 0 = History is unstructured or non-relevant, 1 = Relevant history but frequent clarification needed, 2 = Relevant history with few further questions needed, 3 = Comprehensive focused history]"" .
:QBackground_examination pred:Text ""Gives appropriate examination/observations. [Rubric: 0 = Observations are omitted or irrelevant, 1 = Observations reported but frequent clarification needed, 2 = Observations reported with few further questions needed, 3 = Comprehensive focused examination/observations]"" .
:QAssessment pred:Text ""Makes logical assessment (correlates problem, history, exam, context). [Rubric: 0 = No logical assessment, 1 = Assessment only after extended questioning, 2 = Assessment after minimal questioning, 3 = Comprehensive logical assessment without questioning]"" .
:QRecommendation_clear_recommendation pred:Text ""Makes a clear recommendation. [Rubric: 0 = No recommendation, 1 = Clear recommendation only after extended questioning, 2 = Clear recommendation after minimal questioning, 3 = Clear comprehensive recommendation without questioning]"" .
:QRecommendation_global_rating_scale pred:Text ""Global Rating Scale (GRS) - How confident am I that I received an accurate picture of the patient? [Rubric: 0 = Not at all confident, 1 = Confident but required extended questioning, 2 = Confident but required some further questioning, 3 = Confident and required little or no questioning]"" .
:QComments pred:Text ""Comments on the session. [Open-ended]"" .

# Responses
:Respondent15 a :Person ;
    pred:Date ""2025-05-04"" ;
    pred:SessionName ""III - Sepsis"" ;
    pred:Identification ""3"" ;
    pred:Situation ""3"" ;
    pred:Background_history ""2"" ;
    pred:Background_examination ""3"" ;
    pred:Assessment ""2"" ;
    pred:Recommendation_clear_recommendation ""2"" ;
    pred:Recommendation_global_rating_scale ""2"" ;
    pred:Comments ""Detailed Response - clear communication"" .

:Respondent22 a :Person ;
    pred:Date ""2025-05-16"" ;
    pred:SessionName ""IV (VT)"" ;
    pred:Identification ""3"" ;
    pred:Situation ""3"" ;
    pred:Background_history ""3"" ;
    pred:Background_examination ""3"" ;
    pred:Assessment ""2"" ;
    pred:Recommendation_clear_recommendation ""2"" ;
    pred:Recommendation_global_rating_scale ""3"" ;
    pred:Comments ""Clear communication skills
Good"" .

:Respondent20 a :Person ;
    pred:Date ""2025-05-16"" ;
    pred:SessionName ""III (Sepsis)"" ;
    pred:Identification ""3"" ;
    pred:Situation ""3"" ;
    pred:Background_history ""3"" ;
    pred:Background_examination ""2"" ;
    pred:Assessment ""2"" ;
    pred:Recommendation_clear_recommendation ""2"" ;
    pred:Recommendation_global_rating_scale ""2"" ;
    pred:Comments ""Clinical handover and communication skills, satisfactory
No panic, no arrest team
Satisfactory"" .

",1,"How many respondents have Identification score of 3?

DATA:

@prefix : <http://example.org/survey#> .
@prefix pred: <http://example.org/predicate#> .

# Questions
:QDate pred:Text ""What is the date of the session? [Open-ended]"" .
:QSessionName pred:Text ""What is the name of the session? [Open-ended]"" .
:QIdentification pred:Text ""Identification of self, role, and patient. [Rubric: 0 = Requires direct prompting, 1 = Introduces themselves but only after a hint, 2 = Introduces themselves but information is incomplete, 3 = Introduces themselves and information is complete]"" .
:QSituation pred:Text ""Identifies the main problem(s). [Rubric: 0 = Unable to identify the main problem(s), 1 = Identifies the main problem(s) after extended prompting, 2 = Identifies the main problem(s) with fewer prompts needed, 3 = Identifies and prioritizes the main problem(s) unprompted]"" .
:QBackground_history pred:Text ""Gives appropriate history. [Rubric: 0 = History is unstructured or non-relevant, 1 = Relevant history but frequent clarification needed, 2 = Relevant history with few further questions needed, 3 = Comprehensive focused history]"" .
:QBackground_examination pred:Text ""Gives appropriate examination/observations. [Rubric: 0 = Observations are omitted or irrelevant, 1 = Observations reported but frequent clarification needed, 2 = Observations reported with few further questions needed, 3 = Comprehensive focused examination/observations]"" .
:QAssessment pred:Text ""Makes logical assessment (correlates problem, history, exam, context). [Rubric: 0 = No logical assessment, 1 = Assessment only after extended questioning, 2 = Assessment after minimal questioning, 3 = Comprehensive logical assessment without questioning]"" .
:QRecommendation_clear_recommendation pred:Text ""Makes a clear recommendation. [Rubric: 0 = No recommendation, 1 = Clear recommendation only after extended questioning, 2 = Clear recommendation after minimal questioning, 3 = Clear comprehensive recommendation without questioning]"" .
:QRecommendation_global_rating_scale pred:Text ""Global Rating Scale (GRS) - How confident am I that I received an accurate picture of the patient? [Rubric: 0 = Not at all confident, 1 = Confident but required extended questioning, 2 = Confident but required some further questioning, 3 = Confident and required little or no questioning]"" .
:QComments pred:Text ""Comments on the session. [Open-ended]"" .

# Responses
:Respondent2 a :Person ;
    pred:Date ""2025-03-14"" ;
    pred:SessionName ""II-Anaphylaxsis"" ;
    pred:Identification ""3"" ;
    pred:Situation ""3"" ;
    pred:Background_history ""2"" ;
    pred:Background_examination ""2"" ;
    pred:Assessment ""3"" ;
    pred:Recommendation_clear_recommendation ""3"" ;
    pred:Recommendation_global_rating_scale ""3"" ;
    pred:Comments ""Time: (11:43-11:58)
Talking to registrav could not summarize the condition of patient very clearly
DID: Sepsis I Anaphylaxsis given by team"" .

:Respondent17 a :Person ;
    pred:Date ""2025-05-04"" ;
    pred:SessionName ""IV - VT"" ;
    pred:Identification ""3"" ;
    pred:Situation ""3"" ;
    pred:Background_history ""2"" ;
    pred:Background_examination ""2"" ;
    pred:Assessment ""3"" ;
    pred:Recommendation_clear_recommendation ""2"" ;
    pred:Recommendation_global_rating_scale ""2"" ;
    pred:Comments ""Not very concise or clear communication
Satisfactory"" .

:Respondent3 a :Person ;
    pred:Date ""2025-03-14"" ;
    pred:SessionName ""IV-Hypoglycemia"" ;
    pred:Identification ""3"" ;
    pred:Situation ""3"" ;
    pred:Background_history ""2"" ;
    pred:Background_examination ""2"" ;
    pred:Assessment ""3"" ;
    pred:Recommendation_clear_recommendation ""1"" ;
    pred:Recommendation_global_rating_scale ""1"" ;
    pred:Comments ""Time: (2:36-2:53)
Late response for considering consultation"" .

:Respondent12 a :Person ;
    pred:Date ""2025-05-02"" ;
    pred:SessionName ""IV (VT)"" ;
    pred:Identification ""3"" ;
    pred:Situation ""3"" ;
    pred:Background_history ""2"" ;
    pred:Background_examination ""-1"" ;
    pred:Assessment ""3"" ;
    pred:Recommendation_clear_recommendation ""2"" ;
    pred:Recommendation_global_rating_scale ""3"" ;
    pred:Comments ""Good"" .

Answer: 3

@prefix : <http://example.org/survey#> .
@prefix pred: <http://example.org/predicate#> .

# Questions
:QDate pred:Text ""What is the date of the session? [Open-ended]"" .
:QSessionName pred:Text ""What is the name of the session? [Open-ended]"" .
:QIdentification pred:Text ""Identification of self, role, and patient. [Rubric: 0 = Requires direct prompting, 1 = Introduces themselves but only after a hint, 2 = Introduces themselves but information is incomplete, 3 = Introduces themselves and information is complete]"" .
:QSituation pred:Text ""Identifies the main problem(s). [Rubric: 0 = Unable to identify the main problem(s), 1 = Identifies the main problem(s) after extended prompting, 2 = Identifies the main problem(s) with fewer prompts needed, 3 = Identifies and prioritizes the main problem(s) unprompted]"" .
:QBackground_history pred:Text ""Gives appropriate history. [Rubric: 0 = History is unstructured or non-relevant, 1 = Relevant history but frequent clarification needed, 2 = Relevant history with few further questions needed, 3 = Comprehensive focused history]"" .
:QBackground_examination pred:Text ""Gives appropriate examination/observations. [Rubric: 0 = Observations are omitted or irrelevant, 1 = Observations reported but frequent clarification needed, 2 = Observations reported with few further questions needed, 3 = Comprehensive focused examination/observations]"" .
:QAssessment pred:Text ""Makes logical assessment (correlates problem, history, exam, context). [Rubric: 0 = No logical assessment, 1 = Assessment only after extended questioning, 2 = Assessment after minimal questioning, 3 = Comprehensive logical assessment without questioning]"" .
:QRecommendation_clear_recommendation pred:Text ""Makes a clear recommendation. [Rubric: 0 = No recommendation, 1 = Clear recommendation only after extended questioning, 2 = Clear recommendation after minimal questioning, 3 = Clear comprehensive recommendation without questioning]"" .
:QRecommendation_global_rating_scale pred:Text ""Global Rating Scale (GRS) - How confident am I that I received an accurate picture of the patient? [Rubric: 0 = Not at all confident, 1 = Confident but required extended questioning, 2 = Confident but required some further questioning, 3 = Confident and required little or no questioning]"" .
:QComments pred:Text ""Comments on the session. [Open-ended]"" .

# Responses
:Respondent15 a :Person ;
    pred:Date ""2025-05-04"" ;
    pred:SessionName ""III - Sepsis"" ;
    pred:Identification ""3"" ;
    pred:Situation ""3"" ;
    pred:Background_history ""2"" ;
    pred:Background_examination ""3"" ;
    pred:Assessment ""2"" ;
    pred:Recommendation_clear_recommendation ""2"" ;
    pred:Recommendation_global_rating_scale ""2"" ;
    pred:Comments ""Detailed Response - clear communication"" .

:Respondent22 a :Person ;
    pred:Date ""2025-05-16"" ;
    pred:SessionName ""IV (VT)"" ;
    pred:Identification ""3"" ;
    pred:Situation ""3"" ;
    pred:Background_history ""3"" ;
    pred:Background_examination ""3"" ;
    pred:Assessment ""2"" ;
    pred:Recommendation_clear_recommendation ""2"" ;
    pred:Recommendation_global_rating_scale ""3"" ;
    pred:Comments ""Clear communication skills
Good"" .

:Respondent20 a :Person ;
    pred:Date ""2025-05-16"" ;
    pred:SessionName ""III (Sepsis)"" ;
    pred:Identification ""3"" ;
    pred:Situation ""3"" ;
    pred:Background_history ""3"" ;
    pred:Background_examination ""2"" ;
    pred:Assessment ""2"" ;
    pred:Recommendation_clear_recommendation ""2"" ;
    pred:Recommendation_global_rating_scale ""2"" ;
    pred:Comments ""Clinical handover and communication skills, satisfactory
No panic, no arrest team
Satisfactory"" .

You are a meticulous data analyst AI. Your primary function is to accurately analyze structured data and provide precise, verifiable answers.

You will be given a dataset with two key parts:

A 'questions' section: This is your data dictionary or schema. It is the single source of truth for understanding what each field and score means. Refer to it carefully.

A 'responses' section: This contains the raw data from each individual respondent.

To answer the question correctly, you must first use the 'questions' schema to fully understand the context and meaning of the data points within the 'responses'. Do not rely on any prior knowledge outside of this provided data. Base your entire analysis on the information given.

Provide your final answer directly and concisely. Output must be the human-readable value, not an option code.

Rules:
- For MCQ fields, map any letter codes in the Responses (case-insensitive) to the corresponding option text from the Questions schema, and output only that text. Do NOT include the letter or both.
  Example: If the schema is ""[MCQ: A. Abnormal B. Inconclusive C. Normal]"" and the response is ""a"", output ""Abnormal"".
- For open-ended fields, output the exact text value.
- If the question asks for a count, provide only the number (e.g., ""42"").
- If the question asks for a list of names or IDs, provide a simple comma-separated list (e.g., ""17, 21, 23"").
- Preserve capitalization exactly as in the schema (e.g., output ""Abnormal"", not ""abnormal"" or ""A"").

How many respondents have Background (examination) score of 2?",4,False
case_12,conceptual_aggregation,How many respondents have Assessment score of 2?,"@prefix : <http://example.org/survey#> .
@prefix pred: <http://example.org/predicate#> .

# Questions
:QDate pred:Text ""What is the date of the session? [Open-ended]"" .
:QSessionName pred:Text ""What is the name of the session? [Open-ended]"" .
:QIdentification pred:Text ""Identification of self, role, and patient. [Rubric: 0 = Requires direct prompting, 1 = Introduces themselves but only after a hint, 2 = Introduces themselves but information is incomplete, 3 = Introduces themselves and information is complete]"" .
:QSituation pred:Text ""Identifies the main problem(s). [Rubric: 0 = Unable to identify the main problem(s), 1 = Identifies the main problem(s) after extended prompting, 2 = Identifies the main problem(s) with fewer prompts needed, 3 = Identifies and prioritizes the main problem(s) unprompted]"" .
:QBackground_history pred:Text ""Gives appropriate history. [Rubric: 0 = History is unstructured or non-relevant, 1 = Relevant history but frequent clarification needed, 2 = Relevant history with few further questions needed, 3 = Comprehensive focused history]"" .
:QBackground_examination pred:Text ""Gives appropriate examination/observations. [Rubric: 0 = Observations are omitted or irrelevant, 1 = Observations reported but frequent clarification needed, 2 = Observations reported with few further questions needed, 3 = Comprehensive focused examination/observations]"" .
:QAssessment pred:Text ""Makes logical assessment (correlates problem, history, exam, context). [Rubric: 0 = No logical assessment, 1 = Assessment only after extended questioning, 2 = Assessment after minimal questioning, 3 = Comprehensive logical assessment without questioning]"" .
:QRecommendation_clear_recommendation pred:Text ""Makes a clear recommendation. [Rubric: 0 = No recommendation, 1 = Clear recommendation only after extended questioning, 2 = Clear recommendation after minimal questioning, 3 = Clear comprehensive recommendation without questioning]"" .
:QRecommendation_global_rating_scale pred:Text ""Global Rating Scale (GRS) - How confident am I that I received an accurate picture of the patient? [Rubric: 0 = Not at all confident, 1 = Confident but required extended questioning, 2 = Confident but required some further questioning, 3 = Confident and required little or no questioning]"" .
:QComments pred:Text ""Comments on the session. [Open-ended]"" .

# Responses
:Respondent16 a :Person ;
    pred:Date ""2025-05-04"" ;
    pred:SessionName ""II - Anaphylaxsis"" ;
    pred:Identification ""3"" ;
    pred:Situation ""3"" ;
    pred:Background_history ""3"" ;
    pred:Background_examination ""3"" ;
    pred:Assessment ""3"" ;
    pred:Recommendation_clear_recommendation ""2"" ;
    pred:Recommendation_global_rating_scale ""3"" ;
    pred:Comments ""Good clear and precise clinical handover
Good"" .

:Respondent4 a :Person ;
    pred:Date ""2025-03-14"" ;
    pred:SessionName ""I-VF"" ;
    pred:Identification ""3"" ;
    pred:Situation ""3"" ;
    pred:Background_history ""2"" ;
    pred:Background_examination ""1"" ;
    pred:Assessment ""2"" ;
    pred:Recommendation_clear_recommendation ""2"" ;
    pred:Recommendation_global_rating_scale ""2"" ;
    pred:Comments ""Time: (10:29-10:54)
Ventricular fibrillation (CVS)
Lack of communication btween 2 main interns
Further brief to patient, ask patent concerns"" .

:Respondent17 a :Person ;
    pred:Date ""2025-05-04"" ;
    pred:SessionName ""IV - VT"" ;
    pred:Identification ""3"" ;
    pred:Situation ""3"" ;
    pred:Background_history ""2"" ;
    pred:Background_examination ""2"" ;
    pred:Assessment ""3"" ;
    pred:Recommendation_clear_recommendation ""2"" ;
    pred:Recommendation_global_rating_scale ""2"" ;
    pred:Comments ""Not very concise or clear communication
Satisfactory"" .

",1,"How many respondents have Identification score of 3?

DATA:

@prefix : <http://example.org/survey#> .
@prefix pred: <http://example.org/predicate#> .

# Questions
:QDate pred:Text ""What is the date of the session? [Open-ended]"" .
:QSessionName pred:Text ""What is the name of the session? [Open-ended]"" .
:QIdentification pred:Text ""Identification of self, role, and patient. [Rubric: 0 = Requires direct prompting, 1 = Introduces themselves but only after a hint, 2 = Introduces themselves but information is incomplete, 3 = Introduces themselves and information is complete]"" .
:QSituation pred:Text ""Identifies the main problem(s). [Rubric: 0 = Unable to identify the main problem(s), 1 = Identifies the main problem(s) after extended prompting, 2 = Identifies the main problem(s) with fewer prompts needed, 3 = Identifies and prioritizes the main problem(s) unprompted]"" .
:QBackground_history pred:Text ""Gives appropriate history. [Rubric: 0 = History is unstructured or non-relevant, 1 = Relevant history but frequent clarification needed, 2 = Relevant history with few further questions needed, 3 = Comprehensive focused history]"" .
:QBackground_examination pred:Text ""Gives appropriate examination/observations. [Rubric: 0 = Observations are omitted or irrelevant, 1 = Observations reported but frequent clarification needed, 2 = Observations reported with few further questions needed, 3 = Comprehensive focused examination/observations]"" .
:QAssessment pred:Text ""Makes logical assessment (correlates problem, history, exam, context). [Rubric: 0 = No logical assessment, 1 = Assessment only after extended questioning, 2 = Assessment after minimal questioning, 3 = Comprehensive logical assessment without questioning]"" .
:QRecommendation_clear_recommendation pred:Text ""Makes a clear recommendation. [Rubric: 0 = No recommendation, 1 = Clear recommendation only after extended questioning, 2 = Clear recommendation after minimal questioning, 3 = Clear comprehensive recommendation without questioning]"" .
:QRecommendation_global_rating_scale pred:Text ""Global Rating Scale (GRS) - How confident am I that I received an accurate picture of the patient? [Rubric: 0 = Not at all confident, 1 = Confident but required extended questioning, 2 = Confident but required some further questioning, 3 = Confident and required little or no questioning]"" .
:QComments pred:Text ""Comments on the session. [Open-ended]"" .

# Responses
:Respondent2 a :Person ;
    pred:Date ""2025-03-14"" ;
    pred:SessionName ""II-Anaphylaxsis"" ;
    pred:Identification ""3"" ;
    pred:Situation ""3"" ;
    pred:Background_history ""2"" ;
    pred:Background_examination ""2"" ;
    pred:Assessment ""3"" ;
    pred:Recommendation_clear_recommendation ""3"" ;
    pred:Recommendation_global_rating_scale ""3"" ;
    pred:Comments ""Time: (11:43-11:58)
Talking to registrav could not summarize the condition of patient very clearly
DID: Sepsis I Anaphylaxsis given by team"" .

:Respondent17 a :Person ;
    pred:Date ""2025-05-04"" ;
    pred:SessionName ""IV - VT"" ;
    pred:Identification ""3"" ;
    pred:Situation ""3"" ;
    pred:Background_history ""2"" ;
    pred:Background_examination ""2"" ;
    pred:Assessment ""3"" ;
    pred:Recommendation_clear_recommendation ""2"" ;
    pred:Recommendation_global_rating_scale ""2"" ;
    pred:Comments ""Not very concise or clear communication
Satisfactory"" .

:Respondent3 a :Person ;
    pred:Date ""2025-03-14"" ;
    pred:SessionName ""IV-Hypoglycemia"" ;
    pred:Identification ""3"" ;
    pred:Situation ""3"" ;
    pred:Background_history ""2"" ;
    pred:Background_examination ""2"" ;
    pred:Assessment ""3"" ;
    pred:Recommendation_clear_recommendation ""1"" ;
    pred:Recommendation_global_rating_scale ""1"" ;
    pred:Comments ""Time: (2:36-2:53)
Late response for considering consultation"" .

:Respondent12 a :Person ;
    pred:Date ""2025-05-02"" ;
    pred:SessionName ""IV (VT)"" ;
    pred:Identification ""3"" ;
    pred:Situation ""3"" ;
    pred:Background_history ""2"" ;
    pred:Background_examination ""-1"" ;
    pred:Assessment ""3"" ;
    pred:Recommendation_clear_recommendation ""2"" ;
    pred:Recommendation_global_rating_scale ""3"" ;
    pred:Comments ""Good"" .

Answer: 3

@prefix : <http://example.org/survey#> .
@prefix pred: <http://example.org/predicate#> .

# Questions
:QDate pred:Text ""What is the date of the session? [Open-ended]"" .
:QSessionName pred:Text ""What is the name of the session? [Open-ended]"" .
:QIdentification pred:Text ""Identification of self, role, and patient. [Rubric: 0 = Requires direct prompting, 1 = Introduces themselves but only after a hint, 2 = Introduces themselves but information is incomplete, 3 = Introduces themselves and information is complete]"" .
:QSituation pred:Text ""Identifies the main problem(s). [Rubric: 0 = Unable to identify the main problem(s), 1 = Identifies the main problem(s) after extended prompting, 2 = Identifies the main problem(s) with fewer prompts needed, 3 = Identifies and prioritizes the main problem(s) unprompted]"" .
:QBackground_history pred:Text ""Gives appropriate history. [Rubric: 0 = History is unstructured or non-relevant, 1 = Relevant history but frequent clarification needed, 2 = Relevant history with few further questions needed, 3 = Comprehensive focused history]"" .
:QBackground_examination pred:Text ""Gives appropriate examination/observations. [Rubric: 0 = Observations are omitted or irrelevant, 1 = Observations reported but frequent clarification needed, 2 = Observations reported with few further questions needed, 3 = Comprehensive focused examination/observations]"" .
:QAssessment pred:Text ""Makes logical assessment (correlates problem, history, exam, context). [Rubric: 0 = No logical assessment, 1 = Assessment only after extended questioning, 2 = Assessment after minimal questioning, 3 = Comprehensive logical assessment without questioning]"" .
:QRecommendation_clear_recommendation pred:Text ""Makes a clear recommendation. [Rubric: 0 = No recommendation, 1 = Clear recommendation only after extended questioning, 2 = Clear recommendation after minimal questioning, 3 = Clear comprehensive recommendation without questioning]"" .
:QRecommendation_global_rating_scale pred:Text ""Global Rating Scale (GRS) - How confident am I that I received an accurate picture of the patient? [Rubric: 0 = Not at all confident, 1 = Confident but required extended questioning, 2 = Confident but required some further questioning, 3 = Confident and required little or no questioning]"" .
:QComments pred:Text ""Comments on the session. [Open-ended]"" .

# Responses
:Respondent16 a :Person ;
    pred:Date ""2025-05-04"" ;
    pred:SessionName ""II - Anaphylaxsis"" ;
    pred:Identification ""3"" ;
    pred:Situation ""3"" ;
    pred:Background_history ""3"" ;
    pred:Background_examination ""3"" ;
    pred:Assessment ""3"" ;
    pred:Recommendation_clear_recommendation ""2"" ;
    pred:Recommendation_global_rating_scale ""3"" ;
    pred:Comments ""Good clear and precise clinical handover
Good"" .

:Respondent4 a :Person ;
    pred:Date ""2025-03-14"" ;
    pred:SessionName ""I-VF"" ;
    pred:Identification ""3"" ;
    pred:Situation ""3"" ;
    pred:Background_history ""2"" ;
    pred:Background_examination ""1"" ;
    pred:Assessment ""2"" ;
    pred:Recommendation_clear_recommendation ""2"" ;
    pred:Recommendation_global_rating_scale ""2"" ;
    pred:Comments ""Time: (10:29-10:54)
Ventricular fibrillation (CVS)
Lack of communication btween 2 main interns
Further brief to patient, ask patent concerns"" .

:Respondent17 a :Person ;
    pred:Date ""2025-05-04"" ;
    pred:SessionName ""IV - VT"" ;
    pred:Identification ""3"" ;
    pred:Situation ""3"" ;
    pred:Background_history ""2"" ;
    pred:Background_examination ""2"" ;
    pred:Assessment ""3"" ;
    pred:Recommendation_clear_recommendation ""2"" ;
    pred:Recommendation_global_rating_scale ""2"" ;
    pred:Comments ""Not very concise or clear communication
Satisfactory"" .

You are a meticulous data analyst AI. Your primary function is to accurately analyze structured data and provide precise, verifiable answers.

You will be given a dataset with two key parts:

A 'questions' section: This is your data dictionary or schema. It is the single source of truth for understanding what each field and score means. Refer to it carefully.

A 'responses' section: This contains the raw data from each individual respondent.

To answer the question correctly, you must first use the 'questions' schema to fully understand the context and meaning of the data points within the 'responses'. Do not rely on any prior knowledge outside of this provided data. Base your entire analysis on the information given.

Provide your final answer directly and concisely. Output must be the human-readable value, not an option code.

Rules:
- For MCQ fields, map any letter codes in the Responses (case-insensitive) to the corresponding option text from the Questions schema, and output only that text. Do NOT include the letter or both.
  Example: If the schema is ""[MCQ: A. Abnormal B. Inconclusive C. Normal]"" and the response is ""a"", output ""Abnormal"".
- For open-ended fields, output the exact text value.
- If the question asks for a count, provide only the number (e.g., ""42"").
- If the question asks for a list of names or IDs, provide a simple comma-separated list (e.g., ""17, 21, 23"").
- Preserve capitalization exactly as in the schema (e.g., output ""Abnormal"", not ""abnormal"" or ""A"").

How many respondents have Assessment score of 2?",1,True
case_13,conceptual_aggregation,How many respondents have Recommendation (clear recommendation) score of 2?,"@prefix : <http://example.org/survey#> .
@prefix pred: <http://example.org/predicate#> .

# Questions
:QDate pred:Text ""What is the date of the session? [Open-ended]"" .
:QSessionName pred:Text ""What is the name of the session? [Open-ended]"" .
:QIdentification pred:Text ""Identification of self, role, and patient. [Rubric: 0 = Requires direct prompting, 1 = Introduces themselves but only after a hint, 2 = Introduces themselves but information is incomplete, 3 = Introduces themselves and information is complete]"" .
:QSituation pred:Text ""Identifies the main problem(s). [Rubric: 0 = Unable to identify the main problem(s), 1 = Identifies the main problem(s) after extended prompting, 2 = Identifies the main problem(s) with fewer prompts needed, 3 = Identifies and prioritizes the main problem(s) unprompted]"" .
:QBackground_history pred:Text ""Gives appropriate history. [Rubric: 0 = History is unstructured or non-relevant, 1 = Relevant history but frequent clarification needed, 2 = Relevant history with few further questions needed, 3 = Comprehensive focused history]"" .
:QBackground_examination pred:Text ""Gives appropriate examination/observations. [Rubric: 0 = Observations are omitted or irrelevant, 1 = Observations reported but frequent clarification needed, 2 = Observations reported with few further questions needed, 3 = Comprehensive focused examination/observations]"" .
:QAssessment pred:Text ""Makes logical assessment (correlates problem, history, exam, context). [Rubric: 0 = No logical assessment, 1 = Assessment only after extended questioning, 2 = Assessment after minimal questioning, 3 = Comprehensive logical assessment without questioning]"" .
:QRecommendation_clear_recommendation pred:Text ""Makes a clear recommendation. [Rubric: 0 = No recommendation, 1 = Clear recommendation only after extended questioning, 2 = Clear recommendation after minimal questioning, 3 = Clear comprehensive recommendation without questioning]"" .
:QRecommendation_global_rating_scale pred:Text ""Global Rating Scale (GRS) - How confident am I that I received an accurate picture of the patient? [Rubric: 0 = Not at all confident, 1 = Confident but required extended questioning, 2 = Confident but required some further questioning, 3 = Confident and required little or no questioning]"" .
:QComments pred:Text ""Comments on the session. [Open-ended]"" .

# Responses
:Respondent16 a :Person ;
    pred:Date ""2025-05-04"" ;
    pred:SessionName ""II - Anaphylaxsis"" ;
    pred:Identification ""3"" ;
    pred:Situation ""3"" ;
    pred:Background_history ""3"" ;
    pred:Background_examination ""3"" ;
    pred:Assessment ""3"" ;
    pred:Recommendation_clear_recommendation ""2"" ;
    pred:Recommendation_global_rating_scale ""3"" ;
    pred:Comments ""Good clear and precise clinical handover
Good"" .

:Respondent11 a :Person ;
    pred:Date ""2025-05-02"" ;
    pred:SessionName ""II (Anaphylaxis)"" ;
    pred:Identification ""3"" ;
    pred:Situation ""3"" ;
    pred:Background_history ""3"" ;
    pred:Background_examination ""3"" ;
    pred:Assessment ""2"" ;
    pred:Recommendation_clear_recommendation ""3"" ;
    pred:Recommendation_global_rating_scale ""3"" ;
    pred:Comments ""Good"" .

:Respondent5 a :Person ;
    pred:Date ""2025-03-14"" ;
    pred:SessionName ""(MI)-VT"" ;
    pred:Identification ""0"" ;
    pred:Situation ""2"" ;
    pred:Background_history ""2"" ;
    pred:Background_examination ""2"" ;
    pred:Assessment ""2"" ;
    pred:Recommendation_clear_recommendation ""2"" ;
    pred:Recommendation_global_rating_scale ""2"" ;
    pred:Comments ""Time: (15:53-16:14)"" .

:Respondent21 a :Person ;
    pred:Date ""2025-05-16"" ;
    pred:SessionName ""II (Anaphylaxsis)"" ;
    pred:Identification ""3"" ;
    pred:Situation ""3"" ;
    pred:Background_history ""2"" ;
    pred:Background_examination ""2"" ;
    pred:Assessment ""2"" ;
    pred:Recommendation_clear_recommendation ""3"" ;
    pred:Recommendation_global_rating_scale ""2"" ;
    pred:Comments ""Overall a bit unclear communication reflected"" .

:Respondent15 a :Person ;
    pred:Date ""2025-05-04"" ;
    pred:SessionName ""III - Sepsis"" ;
    pred:Identification ""3"" ;
    pred:Situation ""3"" ;
    pred:Background_history ""2"" ;
    pred:Background_examination ""3"" ;
    pred:Assessment ""2"" ;
    pred:Recommendation_clear_recommendation ""2"" ;
    pred:Recommendation_global_rating_scale ""2"" ;
    pred:Comments ""Detailed Response - clear communication"" .

:Respondent23 a :Person ;
    pred:Date ""2025-05-16"" ;
    pred:SessionName ""I (Myocardial infarction)"" ;
    pred:Identification ""3"" ;
    pred:Situation ""2"" ;
    pred:Background_history ""3"" ;
    pred:Background_examination ""1"" ;
    pred:Assessment ""2"" ;
    pred:Recommendation_clear_recommendation ""3"" ;
    pred:Recommendation_global_rating_scale ""3"" ;
    pred:Comments ""Diagnostic clarity is present
Good and early assessment of condition is done"" .

",3,"How many respondents have Identification score of 3?

DATA:

@prefix : <http://example.org/survey#> .
@prefix pred: <http://example.org/predicate#> .

# Questions
:QDate pred:Text ""What is the date of the session? [Open-ended]"" .
:QSessionName pred:Text ""What is the name of the session? [Open-ended]"" .
:QIdentification pred:Text ""Identification of self, role, and patient. [Rubric: 0 = Requires direct prompting, 1 = Introduces themselves but only after a hint, 2 = Introduces themselves but information is incomplete, 3 = Introduces themselves and information is complete]"" .
:QSituation pred:Text ""Identifies the main problem(s). [Rubric: 0 = Unable to identify the main problem(s), 1 = Identifies the main problem(s) after extended prompting, 2 = Identifies the main problem(s) with fewer prompts needed, 3 = Identifies and prioritizes the main problem(s) unprompted]"" .
:QBackground_history pred:Text ""Gives appropriate history. [Rubric: 0 = History is unstructured or non-relevant, 1 = Relevant history but frequent clarification needed, 2 = Relevant history with few further questions needed, 3 = Comprehensive focused history]"" .
:QBackground_examination pred:Text ""Gives appropriate examination/observations. [Rubric: 0 = Observations are omitted or irrelevant, 1 = Observations reported but frequent clarification needed, 2 = Observations reported with few further questions needed, 3 = Comprehensive focused examination/observations]"" .
:QAssessment pred:Text ""Makes logical assessment (correlates problem, history, exam, context). [Rubric: 0 = No logical assessment, 1 = Assessment only after extended questioning, 2 = Assessment after minimal questioning, 3 = Comprehensive logical assessment without questioning]"" .
:QRecommendation_clear_recommendation pred:Text ""Makes a clear recommendation. [Rubric: 0 = No recommendation, 1 = Clear recommendation only after extended questioning, 2 = Clear recommendation after minimal questioning, 3 = Clear comprehensive recommendation without questioning]"" .
:QRecommendation_global_rating_scale pred:Text ""Global Rating Scale (GRS) - How confident am I that I received an accurate picture of the patient? [Rubric: 0 = Not at all confident, 1 = Confident but required extended questioning, 2 = Confident but required some further questioning, 3 = Confident and required little or no questioning]"" .
:QComments pred:Text ""Comments on the session. [Open-ended]"" .

# Responses
:Respondent2 a :Person ;
    pred:Date ""2025-03-14"" ;
    pred:SessionName ""II-Anaphylaxsis"" ;
    pred:Identification ""3"" ;
    pred:Situation ""3"" ;
    pred:Background_history ""2"" ;
    pred:Background_examination ""2"" ;
    pred:Assessment ""3"" ;
    pred:Recommendation_clear_recommendation ""3"" ;
    pred:Recommendation_global_rating_scale ""3"" ;
    pred:Comments ""Time: (11:43-11:58)
Talking to registrav could not summarize the condition of patient very clearly
DID: Sepsis I Anaphylaxsis given by team"" .

:Respondent17 a :Person ;
    pred:Date ""2025-05-04"" ;
    pred:SessionName ""IV - VT"" ;
    pred:Identification ""3"" ;
    pred:Situation ""3"" ;
    pred:Background_history ""2"" ;
    pred:Background_examination ""2"" ;
    pred:Assessment ""3"" ;
    pred:Recommendation_clear_recommendation ""2"" ;
    pred:Recommendation_global_rating_scale ""2"" ;
    pred:Comments ""Not very concise or clear communication
Satisfactory"" .

:Respondent3 a :Person ;
    pred:Date ""2025-03-14"" ;
    pred:SessionName ""IV-Hypoglycemia"" ;
    pred:Identification ""3"" ;
    pred:Situation ""3"" ;
    pred:Background_history ""2"" ;
    pred:Background_examination ""2"" ;
    pred:Assessment ""3"" ;
    pred:Recommendation_clear_recommendation ""1"" ;
    pred:Recommendation_global_rating_scale ""1"" ;
    pred:Comments ""Time: (2:36-2:53)
Late response for considering consultation"" .

:Respondent12 a :Person ;
    pred:Date ""2025-05-02"" ;
    pred:SessionName ""IV (VT)"" ;
    pred:Identification ""3"" ;
    pred:Situation ""3"" ;
    pred:Background_history ""2"" ;
    pred:Background_examination ""-1"" ;
    pred:Assessment ""3"" ;
    pred:Recommendation_clear_recommendation ""2"" ;
    pred:Recommendation_global_rating_scale ""3"" ;
    pred:Comments ""Good"" .

Answer: 3

@prefix : <http://example.org/survey#> .
@prefix pred: <http://example.org/predicate#> .

# Questions
:QDate pred:Text ""What is the date of the session? [Open-ended]"" .
:QSessionName pred:Text ""What is the name of the session? [Open-ended]"" .
:QIdentification pred:Text ""Identification of self, role, and patient. [Rubric: 0 = Requires direct prompting, 1 = Introduces themselves but only after a hint, 2 = Introduces themselves but information is incomplete, 3 = Introduces themselves and information is complete]"" .
:QSituation pred:Text ""Identifies the main problem(s). [Rubric: 0 = Unable to identify the main problem(s), 1 = Identifies the main problem(s) after extended prompting, 2 = Identifies the main problem(s) with fewer prompts needed, 3 = Identifies and prioritizes the main problem(s) unprompted]"" .
:QBackground_history pred:Text ""Gives appropriate history. [Rubric: 0 = History is unstructured or non-relevant, 1 = Relevant history but frequent clarification needed, 2 = Relevant history with few further questions needed, 3 = Comprehensive focused history]"" .
:QBackground_examination pred:Text ""Gives appropriate examination/observations. [Rubric: 0 = Observations are omitted or irrelevant, 1 = Observations reported but frequent clarification needed, 2 = Observations reported with few further questions needed, 3 = Comprehensive focused examination/observations]"" .
:QAssessment pred:Text ""Makes logical assessment (correlates problem, history, exam, context). [Rubric: 0 = No logical assessment, 1 = Assessment only after extended questioning, 2 = Assessment after minimal questioning, 3 = Comprehensive logical assessment without questioning]"" .
:QRecommendation_clear_recommendation pred:Text ""Makes a clear recommendation. [Rubric: 0 = No recommendation, 1 = Clear recommendation only after extended questioning, 2 = Clear recommendation after minimal questioning, 3 = Clear comprehensive recommendation without questioning]"" .
:QRecommendation_global_rating_scale pred:Text ""Global Rating Scale (GRS) - How confident am I that I received an accurate picture of the patient? [Rubric: 0 = Not at all confident, 1 = Confident but required extended questioning, 2 = Confident but required some further questioning, 3 = Confident and required little or no questioning]"" .
:QComments pred:Text ""Comments on the session. [Open-ended]"" .

# Responses
:Respondent16 a :Person ;
    pred:Date ""2025-05-04"" ;
    pred:SessionName ""II - Anaphylaxsis"" ;
    pred:Identification ""3"" ;
    pred:Situation ""3"" ;
    pred:Background_history ""3"" ;
    pred:Background_examination ""3"" ;
    pred:Assessment ""3"" ;
    pred:Recommendation_clear_recommendation ""2"" ;
    pred:Recommendation_global_rating_scale ""3"" ;
    pred:Comments ""Good clear and precise clinical handover
Good"" .

:Respondent11 a :Person ;
    pred:Date ""2025-05-02"" ;
    pred:SessionName ""II (Anaphylaxis)"" ;
    pred:Identification ""3"" ;
    pred:Situation ""3"" ;
    pred:Background_history ""3"" ;
    pred:Background_examination ""3"" ;
    pred:Assessment ""2"" ;
    pred:Recommendation_clear_recommendation ""3"" ;
    pred:Recommendation_global_rating_scale ""3"" ;
    pred:Comments ""Good"" .

:Respondent5 a :Person ;
    pred:Date ""2025-03-14"" ;
    pred:SessionName ""(MI)-VT"" ;
    pred:Identification ""0"" ;
    pred:Situation ""2"" ;
    pred:Background_history ""2"" ;
    pred:Background_examination ""2"" ;
    pred:Assessment ""2"" ;
    pred:Recommendation_clear_recommendation ""2"" ;
    pred:Recommendation_global_rating_scale ""2"" ;
    pred:Comments ""Time: (15:53-16:14)"" .

:Respondent21 a :Person ;
    pred:Date ""2025-05-16"" ;
    pred:SessionName ""II (Anaphylaxsis)"" ;
    pred:Identification ""3"" ;
    pred:Situation ""3"" ;
    pred:Background_history ""2"" ;
    pred:Background_examination ""2"" ;
    pred:Assessment ""2"" ;
    pred:Recommendation_clear_recommendation ""3"" ;
    pred:Recommendation_global_rating_scale ""2"" ;
    pred:Comments ""Overall a bit unclear communication reflected"" .

:Respondent15 a :Person ;
    pred:Date ""2025-05-04"" ;
    pred:SessionName ""III - Sepsis"" ;
    pred:Identification ""3"" ;
    pred:Situation ""3"" ;
    pred:Background_history ""2"" ;
    pred:Background_examination ""3"" ;
    pred:Assessment ""2"" ;
    pred:Recommendation_clear_recommendation ""2"" ;
    pred:Recommendation_global_rating_scale ""2"" ;
    pred:Comments ""Detailed Response - clear communication"" .

:Respondent23 a :Person ;
    pred:Date ""2025-05-16"" ;
    pred:SessionName ""I (Myocardial infarction)"" ;
    pred:Identification ""3"" ;
    pred:Situation ""2"" ;
    pred:Background_history ""3"" ;
    pred:Background_examination ""1"" ;
    pred:Assessment ""2"" ;
    pred:Recommendation_clear_recommendation ""3"" ;
    pred:Recommendation_global_rating_scale ""3"" ;
    pred:Comments ""Diagnostic clarity is present
Good and early assessment of condition is done"" .

You are a meticulous data analyst AI. Your primary function is to accurately analyze structured data and provide precise, verifiable answers.

You will be given a dataset with two key parts:

A 'questions' section: This is your data dictionary or schema. It is the single source of truth for understanding what each field and score means. Refer to it carefully.

A 'responses' section: This contains the raw data from each individual respondent.

To answer the question correctly, you must first use the 'questions' schema to fully understand the context and meaning of the data points within the 'responses'. Do not rely on any prior knowledge outside of this provided data. Base your entire analysis on the information given.

Provide your final answer directly and concisely. Output must be the human-readable value, not an option code.

Rules:
- For MCQ fields, map any letter codes in the Responses (case-insensitive) to the corresponding option text from the Questions schema, and output only that text. Do NOT include the letter or both.
  Example: If the schema is ""[MCQ: A. Abnormal B. Inconclusive C. Normal]"" and the response is ""a"", output ""Abnormal"".
- For open-ended fields, output the exact text value.
- If the question asks for a count, provide only the number (e.g., ""42"").
- If the question asks for a list of names or IDs, provide a simple comma-separated list (e.g., ""17, 21, 23"").
- Preserve capitalization exactly as in the schema (e.g., output ""Abnormal"", not ""abnormal"" or ""A"").

How many respondents have Recommendation (clear recommendation) score of 2?",3,True
case_14,conceptual_aggregation,How many respondents have Recommendation (global rating scale) score of 2?,"@prefix : <http://example.org/survey#> .
@prefix pred: <http://example.org/predicate#> .

# Questions
:QDate pred:Text ""What is the date of the session? [Open-ended]"" .
:QSessionName pred:Text ""What is the name of the session? [Open-ended]"" .
:QIdentification pred:Text ""Identification of self, role, and patient. [Rubric: 0 = Requires direct prompting, 1 = Introduces themselves but only after a hint, 2 = Introduces themselves but information is incomplete, 3 = Introduces themselves and information is complete]"" .
:QSituation pred:Text ""Identifies the main problem(s). [Rubric: 0 = Unable to identify the main problem(s), 1 = Identifies the main problem(s) after extended prompting, 2 = Identifies the main problem(s) with fewer prompts needed, 3 = Identifies and prioritizes the main problem(s) unprompted]"" .
:QBackground_history pred:Text ""Gives appropriate history. [Rubric: 0 = History is unstructured or non-relevant, 1 = Relevant history but frequent clarification needed, 2 = Relevant history with few further questions needed, 3 = Comprehensive focused history]"" .
:QBackground_examination pred:Text ""Gives appropriate examination/observations. [Rubric: 0 = Observations are omitted or irrelevant, 1 = Observations reported but frequent clarification needed, 2 = Observations reported with few further questions needed, 3 = Comprehensive focused examination/observations]"" .
:QAssessment pred:Text ""Makes logical assessment (correlates problem, history, exam, context). [Rubric: 0 = No logical assessment, 1 = Assessment only after extended questioning, 2 = Assessment after minimal questioning, 3 = Comprehensive logical assessment without questioning]"" .
:QRecommendation_clear_recommendation pred:Text ""Makes a clear recommendation. [Rubric: 0 = No recommendation, 1 = Clear recommendation only after extended questioning, 2 = Clear recommendation after minimal questioning, 3 = Clear comprehensive recommendation without questioning]"" .
:QRecommendation_global_rating_scale pred:Text ""Global Rating Scale (GRS) - How confident am I that I received an accurate picture of the patient? [Rubric: 0 = Not at all confident, 1 = Confident but required extended questioning, 2 = Confident but required some further questioning, 3 = Confident and required little or no questioning]"" .
:QComments pred:Text ""Comments on the session. [Open-ended]"" .

# Responses
:Respondent4 a :Person ;
    pred:Date ""2025-03-14"" ;
    pred:SessionName ""I-VF"" ;
    pred:Identification ""3"" ;
    pred:Situation ""3"" ;
    pred:Background_history ""2"" ;
    pred:Background_examination ""1"" ;
    pred:Assessment ""2"" ;
    pred:Recommendation_clear_recommendation ""2"" ;
    pred:Recommendation_global_rating_scale ""2"" ;
    pred:Comments ""Time: (10:29-10:54)
Ventricular fibrillation (CVS)
Lack of communication btween 2 main interns
Further brief to patient, ask patent concerns"" .

:Respondent18 a :Person ;
    pred:Date ""2025-05-04"" ;
    pred:SessionName ""I - MI"" ;
    pred:Identification ""3"" ;
    pred:Situation ""3"" ;
    pred:Background_history ""3"" ;
    pred:Background_examination ""3"" ;
    pred:Assessment ""2"" ;
    pred:Recommendation_clear_recommendation ""3"" ;
    pred:Recommendation_global_rating_scale ""2"" ;
    pred:Comments ""Wrong CPR position
Clarity is a bit low over whole case scenario
Satisfactory"" .

:Respondent13 a :Person ;
    pred:Date ""2025-05-02"" ;
    pred:SessionName ""I - MI"" ;
    pred:Identification ""3"" ;
    pred:Situation ""3"" ;
    pred:Background_history ""3"" ;
    pred:Background_examination ""3"" ;
    pred:Assessment ""3"" ;
    pred:Recommendation_clear_recommendation ""2"" ;
    pred:Recommendation_global_rating_scale ""3"" ;
    pred:Comments ""Consent denied for video recordings
Satisfactory"" .

",2,"How many respondents have Identification score of 3?

DATA:

@prefix : <http://example.org/survey#> .
@prefix pred: <http://example.org/predicate#> .

# Questions
:QDate pred:Text ""What is the date of the session? [Open-ended]"" .
:QSessionName pred:Text ""What is the name of the session? [Open-ended]"" .
:QIdentification pred:Text ""Identification of self, role, and patient. [Rubric: 0 = Requires direct prompting, 1 = Introduces themselves but only after a hint, 2 = Introduces themselves but information is incomplete, 3 = Introduces themselves and information is complete]"" .
:QSituation pred:Text ""Identifies the main problem(s). [Rubric: 0 = Unable to identify the main problem(s), 1 = Identifies the main problem(s) after extended prompting, 2 = Identifies the main problem(s) with fewer prompts needed, 3 = Identifies and prioritizes the main problem(s) unprompted]"" .
:QBackground_history pred:Text ""Gives appropriate history. [Rubric: 0 = History is unstructured or non-relevant, 1 = Relevant history but frequent clarification needed, 2 = Relevant history with few further questions needed, 3 = Comprehensive focused history]"" .
:QBackground_examination pred:Text ""Gives appropriate examination/observations. [Rubric: 0 = Observations are omitted or irrelevant, 1 = Observations reported but frequent clarification needed, 2 = Observations reported with few further questions needed, 3 = Comprehensive focused examination/observations]"" .
:QAssessment pred:Text ""Makes logical assessment (correlates problem, history, exam, context). [Rubric: 0 = No logical assessment, 1 = Assessment only after extended questioning, 2 = Assessment after minimal questioning, 3 = Comprehensive logical assessment without questioning]"" .
:QRecommendation_clear_recommendation pred:Text ""Makes a clear recommendation. [Rubric: 0 = No recommendation, 1 = Clear recommendation only after extended questioning, 2 = Clear recommendation after minimal questioning, 3 = Clear comprehensive recommendation without questioning]"" .
:QRecommendation_global_rating_scale pred:Text ""Global Rating Scale (GRS) - How confident am I that I received an accurate picture of the patient? [Rubric: 0 = Not at all confident, 1 = Confident but required extended questioning, 2 = Confident but required some further questioning, 3 = Confident and required little or no questioning]"" .
:QComments pred:Text ""Comments on the session. [Open-ended]"" .

# Responses
:Respondent2 a :Person ;
    pred:Date ""2025-03-14"" ;
    pred:SessionName ""II-Anaphylaxsis"" ;
    pred:Identification ""3"" ;
    pred:Situation ""3"" ;
    pred:Background_history ""2"" ;
    pred:Background_examination ""2"" ;
    pred:Assessment ""3"" ;
    pred:Recommendation_clear_recommendation ""3"" ;
    pred:Recommendation_global_rating_scale ""3"" ;
    pred:Comments ""Time: (11:43-11:58)
Talking to registrav could not summarize the condition of patient very clearly
DID: Sepsis I Anaphylaxsis given by team"" .

:Respondent17 a :Person ;
    pred:Date ""2025-05-04"" ;
    pred:SessionName ""IV - VT"" ;
    pred:Identification ""3"" ;
    pred:Situation ""3"" ;
    pred:Background_history ""2"" ;
    pred:Background_examination ""2"" ;
    pred:Assessment ""3"" ;
    pred:Recommendation_clear_recommendation ""2"" ;
    pred:Recommendation_global_rating_scale ""2"" ;
    pred:Comments ""Not very concise or clear communication
Satisfactory"" .

:Respondent3 a :Person ;
    pred:Date ""2025-03-14"" ;
    pred:SessionName ""IV-Hypoglycemia"" ;
    pred:Identification ""3"" ;
    pred:Situation ""3"" ;
    pred:Background_history ""2"" ;
    pred:Background_examination ""2"" ;
    pred:Assessment ""3"" ;
    pred:Recommendation_clear_recommendation ""1"" ;
    pred:Recommendation_global_rating_scale ""1"" ;
    pred:Comments ""Time: (2:36-2:53)
Late response for considering consultation"" .

:Respondent12 a :Person ;
    pred:Date ""2025-05-02"" ;
    pred:SessionName ""IV (VT)"" ;
    pred:Identification ""3"" ;
    pred:Situation ""3"" ;
    pred:Background_history ""2"" ;
    pred:Background_examination ""-1"" ;
    pred:Assessment ""3"" ;
    pred:Recommendation_clear_recommendation ""2"" ;
    pred:Recommendation_global_rating_scale ""3"" ;
    pred:Comments ""Good"" .

Answer: 3

@prefix : <http://example.org/survey#> .
@prefix pred: <http://example.org/predicate#> .

# Questions
:QDate pred:Text ""What is the date of the session? [Open-ended]"" .
:QSessionName pred:Text ""What is the name of the session? [Open-ended]"" .
:QIdentification pred:Text ""Identification of self, role, and patient. [Rubric: 0 = Requires direct prompting, 1 = Introduces themselves but only after a hint, 2 = Introduces themselves but information is incomplete, 3 = Introduces themselves and information is complete]"" .
:QSituation pred:Text ""Identifies the main problem(s). [Rubric: 0 = Unable to identify the main problem(s), 1 = Identifies the main problem(s) after extended prompting, 2 = Identifies the main problem(s) with fewer prompts needed, 3 = Identifies and prioritizes the main problem(s) unprompted]"" .
:QBackground_history pred:Text ""Gives appropriate history. [Rubric: 0 = History is unstructured or non-relevant, 1 = Relevant history but frequent clarification needed, 2 = Relevant history with few further questions needed, 3 = Comprehensive focused history]"" .
:QBackground_examination pred:Text ""Gives appropriate examination/observations. [Rubric: 0 = Observations are omitted or irrelevant, 1 = Observations reported but frequent clarification needed, 2 = Observations reported with few further questions needed, 3 = Comprehensive focused examination/observations]"" .
:QAssessment pred:Text ""Makes logical assessment (correlates problem, history, exam, context). [Rubric: 0 = No logical assessment, 1 = Assessment only after extended questioning, 2 = Assessment after minimal questioning, 3 = Comprehensive logical assessment without questioning]"" .
:QRecommendation_clear_recommendation pred:Text ""Makes a clear recommendation. [Rubric: 0 = No recommendation, 1 = Clear recommendation only after extended questioning, 2 = Clear recommendation after minimal questioning, 3 = Clear comprehensive recommendation without questioning]"" .
:QRecommendation_global_rating_scale pred:Text ""Global Rating Scale (GRS) - How confident am I that I received an accurate picture of the patient? [Rubric: 0 = Not at all confident, 1 = Confident but required extended questioning, 2 = Confident but required some further questioning, 3 = Confident and required little or no questioning]"" .
:QComments pred:Text ""Comments on the session. [Open-ended]"" .

# Responses
:Respondent4 a :Person ;
    pred:Date ""2025-03-14"" ;
    pred:SessionName ""I-VF"" ;
    pred:Identification ""3"" ;
    pred:Situation ""3"" ;
    pred:Background_history ""2"" ;
    pred:Background_examination ""1"" ;
    pred:Assessment ""2"" ;
    pred:Recommendation_clear_recommendation ""2"" ;
    pred:Recommendation_global_rating_scale ""2"" ;
    pred:Comments ""Time: (10:29-10:54)
Ventricular fibrillation (CVS)
Lack of communication btween 2 main interns
Further brief to patient, ask patent concerns"" .

:Respondent18 a :Person ;
    pred:Date ""2025-05-04"" ;
    pred:SessionName ""I - MI"" ;
    pred:Identification ""3"" ;
    pred:Situation ""3"" ;
    pred:Background_history ""3"" ;
    pred:Background_examination ""3"" ;
    pred:Assessment ""2"" ;
    pred:Recommendation_clear_recommendation ""3"" ;
    pred:Recommendation_global_rating_scale ""2"" ;
    pred:Comments ""Wrong CPR position
Clarity is a bit low over whole case scenario
Satisfactory"" .

:Respondent13 a :Person ;
    pred:Date ""2025-05-02"" ;
    pred:SessionName ""I - MI"" ;
    pred:Identification ""3"" ;
    pred:Situation ""3"" ;
    pred:Background_history ""3"" ;
    pred:Background_examination ""3"" ;
    pred:Assessment ""3"" ;
    pred:Recommendation_clear_recommendation ""2"" ;
    pred:Recommendation_global_rating_scale ""3"" ;
    pred:Comments ""Consent denied for video recordings
Satisfactory"" .

You are a meticulous data analyst AI. Your primary function is to accurately analyze structured data and provide precise, verifiable answers.

You will be given a dataset with two key parts:

A 'questions' section: This is your data dictionary or schema. It is the single source of truth for understanding what each field and score means. Refer to it carefully.

A 'responses' section: This contains the raw data from each individual respondent.

To answer the question correctly, you must first use the 'questions' schema to fully understand the context and meaning of the data points within the 'responses'. Do not rely on any prior knowledge outside of this provided data. Base your entire analysis on the information given.

Provide your final answer directly and concisely. Output must be the human-readable value, not an option code.

Rules:
- For MCQ fields, map any letter codes in the Responses (case-insensitive) to the corresponding option text from the Questions schema, and output only that text. Do NOT include the letter or both.
  Example: If the schema is ""[MCQ: A. Abnormal B. Inconclusive C. Normal]"" and the response is ""a"", output ""Abnormal"".
- For open-ended fields, output the exact text value.
- If the question asks for a count, provide only the number (e.g., ""42"").
- If the question asks for a list of names or IDs, provide a simple comma-separated list (e.g., ""17, 21, 23"").
- Preserve capitalization exactly as in the schema (e.g., output ""Abnormal"", not ""abnormal"" or ""A"").

How many respondents have Recommendation (global rating scale) score of 2?",3,False
case_15,conceptual_aggregation,How many respondents participated in session II - Anaphylaxsis?,"@prefix : <http://example.org/survey#> .
@prefix pred: <http://example.org/predicate#> .

# Questions
:QDate pred:Text ""What is the date of the session? [Open-ended]"" .
:QSessionName pred:Text ""What is the name of the session? [Open-ended]"" .
:QIdentification pred:Text ""Identification of self, role, and patient. [Rubric: 0 = Requires direct prompting, 1 = Introduces themselves but only after a hint, 2 = Introduces themselves but information is incomplete, 3 = Introduces themselves and information is complete]"" .
:QSituation pred:Text ""Identifies the main problem(s). [Rubric: 0 = Unable to identify the main problem(s), 1 = Identifies the main problem(s) after extended prompting, 2 = Identifies the main problem(s) with fewer prompts needed, 3 = Identifies and prioritizes the main problem(s) unprompted]"" .
:QBackground_history pred:Text ""Gives appropriate history. [Rubric: 0 = History is unstructured or non-relevant, 1 = Relevant history but frequent clarification needed, 2 = Relevant history with few further questions needed, 3 = Comprehensive focused history]"" .
:QBackground_examination pred:Text ""Gives appropriate examination/observations. [Rubric: 0 = Observations are omitted or irrelevant, 1 = Observations reported but frequent clarification needed, 2 = Observations reported with few further questions needed, 3 = Comprehensive focused examination/observations]"" .
:QAssessment pred:Text ""Makes logical assessment (correlates problem, history, exam, context). [Rubric: 0 = No logical assessment, 1 = Assessment only after extended questioning, 2 = Assessment after minimal questioning, 3 = Comprehensive logical assessment without questioning]"" .
:QRecommendation_clear_recommendation pred:Text ""Makes a clear recommendation. [Rubric: 0 = No recommendation, 1 = Clear recommendation only after extended questioning, 2 = Clear recommendation after minimal questioning, 3 = Clear comprehensive recommendation without questioning]"" .
:QRecommendation_global_rating_scale pred:Text ""Global Rating Scale (GRS) - How confident am I that I received an accurate picture of the patient? [Rubric: 0 = Not at all confident, 1 = Confident but required extended questioning, 2 = Confident but required some further questioning, 3 = Confident and required little or no questioning]"" .
:QComments pred:Text ""Comments on the session. [Open-ended]"" .

# Responses
:Respondent9 a :Person ;
    pred:Date ""2025-04-04"" ;
    pred:SessionName ""MI"" ;
    pred:Identification ""2"" ;
    pred:Situation ""3"" ;
    pred:Background_history ""2"" ;
    pred:Background_examination ""3"" ;
    pred:Assessment ""3"" ;
    pred:Recommendation_clear_recommendation ""2"" ;
    pred:Recommendation_global_rating_scale ""2"" ;
    pred:Comments """" .

:Respondent16 a :Person ;
    pred:Date ""2025-05-04"" ;
    pred:SessionName ""II - Anaphylaxsis"" ;
    pred:Identification ""3"" ;
    pred:Situation ""3"" ;
    pred:Background_history ""3"" ;
    pred:Background_examination ""3"" ;
    pred:Assessment ""3"" ;
    pred:Recommendation_clear_recommendation ""2"" ;
    pred:Recommendation_global_rating_scale ""3"" ;
    pred:Comments ""Good clear and precise clinical handover
Good"" .

:Respondent17 a :Person ;
    pred:Date ""2025-05-04"" ;
    pred:SessionName ""IV - VT"" ;
    pred:Identification ""3"" ;
    pred:Situation ""3"" ;
    pred:Background_history ""2"" ;
    pred:Background_examination ""2"" ;
    pred:Assessment ""3"" ;
    pred:Recommendation_clear_recommendation ""2"" ;
    pred:Recommendation_global_rating_scale ""2"" ;
    pred:Comments ""Not very concise or clear communication
Satisfactory"" .

",1,"How many respondents have Identification score of 3?

DATA:

@prefix : <http://example.org/survey#> .
@prefix pred: <http://example.org/predicate#> .

# Questions
:QDate pred:Text ""What is the date of the session? [Open-ended]"" .
:QSessionName pred:Text ""What is the name of the session? [Open-ended]"" .
:QIdentification pred:Text ""Identification of self, role, and patient. [Rubric: 0 = Requires direct prompting, 1 = Introduces themselves but only after a hint, 2 = Introduces themselves but information is incomplete, 3 = Introduces themselves and information is complete]"" .
:QSituation pred:Text ""Identifies the main problem(s). [Rubric: 0 = Unable to identify the main problem(s), 1 = Identifies the main problem(s) after extended prompting, 2 = Identifies the main problem(s) with fewer prompts needed, 3 = Identifies and prioritizes the main problem(s) unprompted]"" .
:QBackground_history pred:Text ""Gives appropriate history. [Rubric: 0 = History is unstructured or non-relevant, 1 = Relevant history but frequent clarification needed, 2 = Relevant history with few further questions needed, 3 = Comprehensive focused history]"" .
:QBackground_examination pred:Text ""Gives appropriate examination/observations. [Rubric: 0 = Observations are omitted or irrelevant, 1 = Observations reported but frequent clarification needed, 2 = Observations reported with few further questions needed, 3 = Comprehensive focused examination/observations]"" .
:QAssessment pred:Text ""Makes logical assessment (correlates problem, history, exam, context). [Rubric: 0 = No logical assessment, 1 = Assessment only after extended questioning, 2 = Assessment after minimal questioning, 3 = Comprehensive logical assessment without questioning]"" .
:QRecommendation_clear_recommendation pred:Text ""Makes a clear recommendation. [Rubric: 0 = No recommendation, 1 = Clear recommendation only after extended questioning, 2 = Clear recommendation after minimal questioning, 3 = Clear comprehensive recommendation without questioning]"" .
:QRecommendation_global_rating_scale pred:Text ""Global Rating Scale (GRS) - How confident am I that I received an accurate picture of the patient? [Rubric: 0 = Not at all confident, 1 = Confident but required extended questioning, 2 = Confident but required some further questioning, 3 = Confident and required little or no questioning]"" .
:QComments pred:Text ""Comments on the session. [Open-ended]"" .

# Responses
:Respondent2 a :Person ;
    pred:Date ""2025-03-14"" ;
    pred:SessionName ""II-Anaphylaxsis"" ;
    pred:Identification ""3"" ;
    pred:Situation ""3"" ;
    pred:Background_history ""2"" ;
    pred:Background_examination ""2"" ;
    pred:Assessment ""3"" ;
    pred:Recommendation_clear_recommendation ""3"" ;
    pred:Recommendation_global_rating_scale ""3"" ;
    pred:Comments ""Time: (11:43-11:58)
Talking to registrav could not summarize the condition of patient very clearly
DID: Sepsis I Anaphylaxsis given by team"" .

:Respondent17 a :Person ;
    pred:Date ""2025-05-04"" ;
    pred:SessionName ""IV - VT"" ;
    pred:Identification ""3"" ;
    pred:Situation ""3"" ;
    pred:Background_history ""2"" ;
    pred:Background_examination ""2"" ;
    pred:Assessment ""3"" ;
    pred:Recommendation_clear_recommendation ""2"" ;
    pred:Recommendation_global_rating_scale ""2"" ;
    pred:Comments ""Not very concise or clear communication
Satisfactory"" .

:Respondent3 a :Person ;
    pred:Date ""2025-03-14"" ;
    pred:SessionName ""IV-Hypoglycemia"" ;
    pred:Identification ""3"" ;
    pred:Situation ""3"" ;
    pred:Background_history ""2"" ;
    pred:Background_examination ""2"" ;
    pred:Assessment ""3"" ;
    pred:Recommendation_clear_recommendation ""1"" ;
    pred:Recommendation_global_rating_scale ""1"" ;
    pred:Comments ""Time: (2:36-2:53)
Late response for considering consultation"" .

:Respondent12 a :Person ;
    pred:Date ""2025-05-02"" ;
    pred:SessionName ""IV (VT)"" ;
    pred:Identification ""3"" ;
    pred:Situation ""3"" ;
    pred:Background_history ""2"" ;
    pred:Background_examination ""-1"" ;
    pred:Assessment ""3"" ;
    pred:Recommendation_clear_recommendation ""2"" ;
    pred:Recommendation_global_rating_scale ""3"" ;
    pred:Comments ""Good"" .

Answer: 3

@prefix : <http://example.org/survey#> .
@prefix pred: <http://example.org/predicate#> .

# Questions
:QDate pred:Text ""What is the date of the session? [Open-ended]"" .
:QSessionName pred:Text ""What is the name of the session? [Open-ended]"" .
:QIdentification pred:Text ""Identification of self, role, and patient. [Rubric: 0 = Requires direct prompting, 1 = Introduces themselves but only after a hint, 2 = Introduces themselves but information is incomplete, 3 = Introduces themselves and information is complete]"" .
:QSituation pred:Text ""Identifies the main problem(s). [Rubric: 0 = Unable to identify the main problem(s), 1 = Identifies the main problem(s) after extended prompting, 2 = Identifies the main problem(s) with fewer prompts needed, 3 = Identifies and prioritizes the main problem(s) unprompted]"" .
:QBackground_history pred:Text ""Gives appropriate history. [Rubric: 0 = History is unstructured or non-relevant, 1 = Relevant history but frequent clarification needed, 2 = Relevant history with few further questions needed, 3 = Comprehensive focused history]"" .
:QBackground_examination pred:Text ""Gives appropriate examination/observations. [Rubric: 0 = Observations are omitted or irrelevant, 1 = Observations reported but frequent clarification needed, 2 = Observations reported with few further questions needed, 3 = Comprehensive focused examination/observations]"" .
:QAssessment pred:Text ""Makes logical assessment (correlates problem, history, exam, context). [Rubric: 0 = No logical assessment, 1 = Assessment only after extended questioning, 2 = Assessment after minimal questioning, 3 = Comprehensive logical assessment without questioning]"" .
:QRecommendation_clear_recommendation pred:Text ""Makes a clear recommendation. [Rubric: 0 = No recommendation, 1 = Clear recommendation only after extended questioning, 2 = Clear recommendation after minimal questioning, 3 = Clear comprehensive recommendation without questioning]"" .
:QRecommendation_global_rating_scale pred:Text ""Global Rating Scale (GRS) - How confident am I that I received an accurate picture of the patient? [Rubric: 0 = Not at all confident, 1 = Confident but required extended questioning, 2 = Confident but required some further questioning, 3 = Confident and required little or no questioning]"" .
:QComments pred:Text ""Comments on the session. [Open-ended]"" .

# Responses
:Respondent9 a :Person ;
    pred:Date ""2025-04-04"" ;
    pred:SessionName ""MI"" ;
    pred:Identification ""2"" ;
    pred:Situation ""3"" ;
    pred:Background_history ""2"" ;
    pred:Background_examination ""3"" ;
    pred:Assessment ""3"" ;
    pred:Recommendation_clear_recommendation ""2"" ;
    pred:Recommendation_global_rating_scale ""2"" ;
    pred:Comments """" .

:Respondent16 a :Person ;
    pred:Date ""2025-05-04"" ;
    pred:SessionName ""II - Anaphylaxsis"" ;
    pred:Identification ""3"" ;
    pred:Situation ""3"" ;
    pred:Background_history ""3"" ;
    pred:Background_examination ""3"" ;
    pred:Assessment ""3"" ;
    pred:Recommendation_clear_recommendation ""2"" ;
    pred:Recommendation_global_rating_scale ""3"" ;
    pred:Comments ""Good clear and precise clinical handover
Good"" .

:Respondent17 a :Person ;
    pred:Date ""2025-05-04"" ;
    pred:SessionName ""IV - VT"" ;
    pred:Identification ""3"" ;
    pred:Situation ""3"" ;
    pred:Background_history ""2"" ;
    pred:Background_examination ""2"" ;
    pred:Assessment ""3"" ;
    pred:Recommendation_clear_recommendation ""2"" ;
    pred:Recommendation_global_rating_scale ""2"" ;
    pred:Comments ""Not very concise or clear communication
Satisfactory"" .

You are a meticulous data analyst AI. Your primary function is to accurately analyze structured data and provide precise, verifiable answers.

You will be given a dataset with two key parts:

A 'questions' section: This is your data dictionary or schema. It is the single source of truth for understanding what each field and score means. Refer to it carefully.

A 'responses' section: This contains the raw data from each individual respondent.

To answer the question correctly, you must first use the 'questions' schema to fully understand the context and meaning of the data points within the 'responses'. Do not rely on any prior knowledge outside of this provided data. Base your entire analysis on the information given.

Provide your final answer directly and concisely. Output must be the human-readable value, not an option code.

Rules:
- For MCQ fields, map any letter codes in the Responses (case-insensitive) to the corresponding option text from the Questions schema, and output only that text. Do NOT include the letter or both.
  Example: If the schema is ""[MCQ: A. Abnormal B. Inconclusive C. Normal]"" and the response is ""a"", output ""Abnormal"".
- For open-ended fields, output the exact text value.
- If the question asks for a count, provide only the number (e.g., ""42"").
- If the question asks for a list of names or IDs, provide a simple comma-separated list (e.g., ""17, 21, 23"").
- Preserve capitalization exactly as in the schema (e.g., output ""Abnormal"", not ""abnormal"" or ""A"").

How many respondents participated in session II - Anaphylaxsis?",2,False
case_16,conceptual_aggregation,How many respondents participated in session V (Hypoglycemia)?,"@prefix : <http://example.org/survey#> .
@prefix pred: <http://example.org/predicate#> .

# Questions
:QDate pred:Text ""What is the date of the session? [Open-ended]"" .
:QSessionName pred:Text ""What is the name of the session? [Open-ended]"" .
:QIdentification pred:Text ""Identification of self, role, and patient. [Rubric: 0 = Requires direct prompting, 1 = Introduces themselves but only after a hint, 2 = Introduces themselves but information is incomplete, 3 = Introduces themselves and information is complete]"" .
:QSituation pred:Text ""Identifies the main problem(s). [Rubric: 0 = Unable to identify the main problem(s), 1 = Identifies the main problem(s) after extended prompting, 2 = Identifies the main problem(s) with fewer prompts needed, 3 = Identifies and prioritizes the main problem(s) unprompted]"" .
:QBackground_history pred:Text ""Gives appropriate history. [Rubric: 0 = History is unstructured or non-relevant, 1 = Relevant history but frequent clarification needed, 2 = Relevant history with few further questions needed, 3 = Comprehensive focused history]"" .
:QBackground_examination pred:Text ""Gives appropriate examination/observations. [Rubric: 0 = Observations are omitted or irrelevant, 1 = Observations reported but frequent clarification needed, 2 = Observations reported with few further questions needed, 3 = Comprehensive focused examination/observations]"" .
:QAssessment pred:Text ""Makes logical assessment (correlates problem, history, exam, context). [Rubric: 0 = No logical assessment, 1 = Assessment only after extended questioning, 2 = Assessment after minimal questioning, 3 = Comprehensive logical assessment without questioning]"" .
:QRecommendation_clear_recommendation pred:Text ""Makes a clear recommendation. [Rubric: 0 = No recommendation, 1 = Clear recommendation only after extended questioning, 2 = Clear recommendation after minimal questioning, 3 = Clear comprehensive recommendation without questioning]"" .
:QRecommendation_global_rating_scale pred:Text ""Global Rating Scale (GRS) - How confident am I that I received an accurate picture of the patient? [Rubric: 0 = Not at all confident, 1 = Confident but required extended questioning, 2 = Confident but required some further questioning, 3 = Confident and required little or no questioning]"" .
:QComments pred:Text ""Comments on the session. [Open-ended]"" .

# Responses
:Respondent22 a :Person ;
    pred:Date ""2025-05-16"" ;
    pred:SessionName ""IV (VT)"" ;
    pred:Identification ""3"" ;
    pred:Situation ""3"" ;
    pred:Background_history ""3"" ;
    pred:Background_examination ""3"" ;
    pred:Assessment ""2"" ;
    pred:Recommendation_clear_recommendation ""2"" ;
    pred:Recommendation_global_rating_scale ""3"" ;
    pred:Comments ""Clear communication skills
Good"" .

:Respondent3 a :Person ;
    pred:Date ""2025-03-14"" ;
    pred:SessionName ""IV-Hypoglycemia"" ;
    pred:Identification ""3"" ;
    pred:Situation ""3"" ;
    pred:Background_history ""2"" ;
    pred:Background_examination ""2"" ;
    pred:Assessment ""3"" ;
    pred:Recommendation_clear_recommendation ""1"" ;
    pred:Recommendation_global_rating_scale ""1"" ;
    pred:Comments ""Time: (2:36-2:53)
Late response for considering consultation"" .

:Respondent19 a :Person ;
    pred:Date ""2025-05-04"" ;
    pred:SessionName ""V (Hypoglycemia)"" ;
    pred:Identification ""3"" ;
    pred:Situation ""3"" ;
    pred:Background_history ""3"" ;
    pred:Background_examination ""3"" ;
    pred:Assessment ""3"" ;
    pred:Recommendation_clear_recommendation ""3"" ;
    pred:Recommendation_global_rating_scale ""2"" ;
    pred:Comments ""Concise - clear
Satisfactory"" .

:Respondent14 a :Person ;
    pred:Date ""2025-05-02"" ;
    pred:SessionName ""V (Hypoglycemia)"" ;
    pred:Identification ""3"" ;
    pred:Situation ""2"" ;
    pred:Background_history ""2"" ;
    pred:Background_examination ""2"" ;
    pred:Assessment ""3"" ;
    pred:Recommendation_clear_recommendation ""2"" ;
    pred:Recommendation_global_rating_scale ""3"" ;
    pred:Comments ""Satisfactory"" .

:Respondent4 a :Person ;
    pred:Date ""2025-03-14"" ;
    pred:SessionName ""I-VF"" ;
    pred:Identification ""3"" ;
    pred:Situation ""3"" ;
    pred:Background_history ""2"" ;
    pred:Background_examination ""1"" ;
    pred:Assessment ""2"" ;
    pred:Recommendation_clear_recommendation ""2"" ;
    pred:Recommendation_global_rating_scale ""2"" ;
    pred:Comments ""Time: (10:29-10:54)
Ventricular fibrillation (CVS)
Lack of communication btween 2 main interns
Further brief to patient, ask patent concerns"" .

:Respondent9 a :Person ;
    pred:Date ""2025-04-04"" ;
    pred:SessionName ""MI"" ;
    pred:Identification ""2"" ;
    pred:Situation ""3"" ;
    pred:Background_history ""2"" ;
    pred:Background_examination ""3"" ;
    pred:Assessment ""3"" ;
    pred:Recommendation_clear_recommendation ""2"" ;
    pred:Recommendation_global_rating_scale ""2"" ;
    pred:Comments """" .

",2,"How many respondents have Identification score of 3?

DATA:

@prefix : <http://example.org/survey#> .
@prefix pred: <http://example.org/predicate#> .

# Questions
:QDate pred:Text ""What is the date of the session? [Open-ended]"" .
:QSessionName pred:Text ""What is the name of the session? [Open-ended]"" .
:QIdentification pred:Text ""Identification of self, role, and patient. [Rubric: 0 = Requires direct prompting, 1 = Introduces themselves but only after a hint, 2 = Introduces themselves but information is incomplete, 3 = Introduces themselves and information is complete]"" .
:QSituation pred:Text ""Identifies the main problem(s). [Rubric: 0 = Unable to identify the main problem(s), 1 = Identifies the main problem(s) after extended prompting, 2 = Identifies the main problem(s) with fewer prompts needed, 3 = Identifies and prioritizes the main problem(s) unprompted]"" .
:QBackground_history pred:Text ""Gives appropriate history. [Rubric: 0 = History is unstructured or non-relevant, 1 = Relevant history but frequent clarification needed, 2 = Relevant history with few further questions needed, 3 = Comprehensive focused history]"" .
:QBackground_examination pred:Text ""Gives appropriate examination/observations. [Rubric: 0 = Observations are omitted or irrelevant, 1 = Observations reported but frequent clarification needed, 2 = Observations reported with few further questions needed, 3 = Comprehensive focused examination/observations]"" .
:QAssessment pred:Text ""Makes logical assessment (correlates problem, history, exam, context). [Rubric: 0 = No logical assessment, 1 = Assessment only after extended questioning, 2 = Assessment after minimal questioning, 3 = Comprehensive logical assessment without questioning]"" .
:QRecommendation_clear_recommendation pred:Text ""Makes a clear recommendation. [Rubric: 0 = No recommendation, 1 = Clear recommendation only after extended questioning, 2 = Clear recommendation after minimal questioning, 3 = Clear comprehensive recommendation without questioning]"" .
:QRecommendation_global_rating_scale pred:Text ""Global Rating Scale (GRS) - How confident am I that I received an accurate picture of the patient? [Rubric: 0 = Not at all confident, 1 = Confident but required extended questioning, 2 = Confident but required some further questioning, 3 = Confident and required little or no questioning]"" .
:QComments pred:Text ""Comments on the session. [Open-ended]"" .

# Responses
:Respondent2 a :Person ;
    pred:Date ""2025-03-14"" ;
    pred:SessionName ""II-Anaphylaxsis"" ;
    pred:Identification ""3"" ;
    pred:Situation ""3"" ;
    pred:Background_history ""2"" ;
    pred:Background_examination ""2"" ;
    pred:Assessment ""3"" ;
    pred:Recommendation_clear_recommendation ""3"" ;
    pred:Recommendation_global_rating_scale ""3"" ;
    pred:Comments ""Time: (11:43-11:58)
Talking to registrav could not summarize the condition of patient very clearly
DID: Sepsis I Anaphylaxsis given by team"" .

:Respondent17 a :Person ;
    pred:Date ""2025-05-04"" ;
    pred:SessionName ""IV - VT"" ;
    pred:Identification ""3"" ;
    pred:Situation ""3"" ;
    pred:Background_history ""2"" ;
    pred:Background_examination ""2"" ;
    pred:Assessment ""3"" ;
    pred:Recommendation_clear_recommendation ""2"" ;
    pred:Recommendation_global_rating_scale ""2"" ;
    pred:Comments ""Not very concise or clear communication
Satisfactory"" .

:Respondent3 a :Person ;
    pred:Date ""2025-03-14"" ;
    pred:SessionName ""IV-Hypoglycemia"" ;
    pred:Identification ""3"" ;
    pred:Situation ""3"" ;
    pred:Background_history ""2"" ;
    pred:Background_examination ""2"" ;
    pred:Assessment ""3"" ;
    pred:Recommendation_clear_recommendation ""1"" ;
    pred:Recommendation_global_rating_scale ""1"" ;
    pred:Comments ""Time: (2:36-2:53)
Late response for considering consultation"" .

:Respondent12 a :Person ;
    pred:Date ""2025-05-02"" ;
    pred:SessionName ""IV (VT)"" ;
    pred:Identification ""3"" ;
    pred:Situation ""3"" ;
    pred:Background_history ""2"" ;
    pred:Background_examination ""-1"" ;
    pred:Assessment ""3"" ;
    pred:Recommendation_clear_recommendation ""2"" ;
    pred:Recommendation_global_rating_scale ""3"" ;
    pred:Comments ""Good"" .

Answer: 3

@prefix : <http://example.org/survey#> .
@prefix pred: <http://example.org/predicate#> .

# Questions
:QDate pred:Text ""What is the date of the session? [Open-ended]"" .
:QSessionName pred:Text ""What is the name of the session? [Open-ended]"" .
:QIdentification pred:Text ""Identification of self, role, and patient. [Rubric: 0 = Requires direct prompting, 1 = Introduces themselves but only after a hint, 2 = Introduces themselves but information is incomplete, 3 = Introduces themselves and information is complete]"" .
:QSituation pred:Text ""Identifies the main problem(s). [Rubric: 0 = Unable to identify the main problem(s), 1 = Identifies the main problem(s) after extended prompting, 2 = Identifies the main problem(s) with fewer prompts needed, 3 = Identifies and prioritizes the main problem(s) unprompted]"" .
:QBackground_history pred:Text ""Gives appropriate history. [Rubric: 0 = History is unstructured or non-relevant, 1 = Relevant history but frequent clarification needed, 2 = Relevant history with few further questions needed, 3 = Comprehensive focused history]"" .
:QBackground_examination pred:Text ""Gives appropriate examination/observations. [Rubric: 0 = Observations are omitted or irrelevant, 1 = Observations reported but frequent clarification needed, 2 = Observations reported with few further questions needed, 3 = Comprehensive focused examination/observations]"" .
:QAssessment pred:Text ""Makes logical assessment (correlates problem, history, exam, context). [Rubric: 0 = No logical assessment, 1 = Assessment only after extended questioning, 2 = Assessment after minimal questioning, 3 = Comprehensive logical assessment without questioning]"" .
:QRecommendation_clear_recommendation pred:Text ""Makes a clear recommendation. [Rubric: 0 = No recommendation, 1 = Clear recommendation only after extended questioning, 2 = Clear recommendation after minimal questioning, 3 = Clear comprehensive recommendation without questioning]"" .
:QRecommendation_global_rating_scale pred:Text ""Global Rating Scale (GRS) - How confident am I that I received an accurate picture of the patient? [Rubric: 0 = Not at all confident, 1 = Confident but required extended questioning, 2 = Confident but required some further questioning, 3 = Confident and required little or no questioning]"" .
:QComments pred:Text ""Comments on the session. [Open-ended]"" .

# Responses
:Respondent22 a :Person ;
    pred:Date ""2025-05-16"" ;
    pred:SessionName ""IV (VT)"" ;
    pred:Identification ""3"" ;
    pred:Situation ""3"" ;
    pred:Background_history ""3"" ;
    pred:Background_examination ""3"" ;
    pred:Assessment ""2"" ;
    pred:Recommendation_clear_recommendation ""2"" ;
    pred:Recommendation_global_rating_scale ""3"" ;
    pred:Comments ""Clear communication skills
Good"" .

:Respondent3 a :Person ;
    pred:Date ""2025-03-14"" ;
    pred:SessionName ""IV-Hypoglycemia"" ;
    pred:Identification ""3"" ;
    pred:Situation ""3"" ;
    pred:Background_history ""2"" ;
    pred:Background_examination ""2"" ;
    pred:Assessment ""3"" ;
    pred:Recommendation_clear_recommendation ""1"" ;
    pred:Recommendation_global_rating_scale ""1"" ;
    pred:Comments ""Time: (2:36-2:53)
Late response for considering consultation"" .

:Respondent19 a :Person ;
    pred:Date ""2025-05-04"" ;
    pred:SessionName ""V (Hypoglycemia)"" ;
    pred:Identification ""3"" ;
    pred:Situation ""3"" ;
    pred:Background_history ""3"" ;
    pred:Background_examination ""3"" ;
    pred:Assessment ""3"" ;
    pred:Recommendation_clear_recommendation ""3"" ;
    pred:Recommendation_global_rating_scale ""2"" ;
    pred:Comments ""Concise - clear
Satisfactory"" .

:Respondent14 a :Person ;
    pred:Date ""2025-05-02"" ;
    pred:SessionName ""V (Hypoglycemia)"" ;
    pred:Identification ""3"" ;
    pred:Situation ""2"" ;
    pred:Background_history ""2"" ;
    pred:Background_examination ""2"" ;
    pred:Assessment ""3"" ;
    pred:Recommendation_clear_recommendation ""2"" ;
    pred:Recommendation_global_rating_scale ""3"" ;
    pred:Comments ""Satisfactory"" .

:Respondent4 a :Person ;
    pred:Date ""2025-03-14"" ;
    pred:SessionName ""I-VF"" ;
    pred:Identification ""3"" ;
    pred:Situation ""3"" ;
    pred:Background_history ""2"" ;
    pred:Background_examination ""1"" ;
    pred:Assessment ""2"" ;
    pred:Recommendation_clear_recommendation ""2"" ;
    pred:Recommendation_global_rating_scale ""2"" ;
    pred:Comments ""Time: (10:29-10:54)
Ventricular fibrillation (CVS)
Lack of communication btween 2 main interns
Further brief to patient, ask patent concerns"" .

:Respondent9 a :Person ;
    pred:Date ""2025-04-04"" ;
    pred:SessionName ""MI"" ;
    pred:Identification ""2"" ;
    pred:Situation ""3"" ;
    pred:Background_history ""2"" ;
    pred:Background_examination ""3"" ;
    pred:Assessment ""3"" ;
    pred:Recommendation_clear_recommendation ""2"" ;
    pred:Recommendation_global_rating_scale ""2"" ;
    pred:Comments """" .

You are a meticulous data analyst AI. Your primary function is to accurately analyze structured data and provide precise, verifiable answers.

You will be given a dataset with two key parts:

A 'questions' section: This is your data dictionary or schema. It is the single source of truth for understanding what each field and score means. Refer to it carefully.

A 'responses' section: This contains the raw data from each individual respondent.

To answer the question correctly, you must first use the 'questions' schema to fully understand the context and meaning of the data points within the 'responses'. Do not rely on any prior knowledge outside of this provided data. Base your entire analysis on the information given.

Provide your final answer directly and concisely. Output must be the human-readable value, not an option code.

Rules:
- For MCQ fields, map any letter codes in the Responses (case-insensitive) to the corresponding option text from the Questions schema, and output only that text. Do NOT include the letter or both.
  Example: If the schema is ""[MCQ: A. Abnormal B. Inconclusive C. Normal]"" and the response is ""a"", output ""Abnormal"".
- For open-ended fields, output the exact text value.
- If the question asks for a count, provide only the number (e.g., ""42"").
- If the question asks for a list of names or IDs, provide a simple comma-separated list (e.g., ""17, 21, 23"").
- Preserve capitalization exactly as in the schema (e.g., output ""Abnormal"", not ""abnormal"" or ""A"").

How many respondents participated in session V (Hypoglycemia)?",2,True
case_17,conceptual_aggregation,How many respondents have Comments containing the word Clear?,"@prefix : <http://example.org/survey#> .
@prefix pred: <http://example.org/predicate#> .

# Questions
:QDate pred:Text ""What is the date of the session? [Open-ended]"" .
:QSessionName pred:Text ""What is the name of the session? [Open-ended]"" .
:QIdentification pred:Text ""Identification of self, role, and patient. [Rubric: 0 = Requires direct prompting, 1 = Introduces themselves but only after a hint, 2 = Introduces themselves but information is incomplete, 3 = Introduces themselves and information is complete]"" .
:QSituation pred:Text ""Identifies the main problem(s). [Rubric: 0 = Unable to identify the main problem(s), 1 = Identifies the main problem(s) after extended prompting, 2 = Identifies the main problem(s) with fewer prompts needed, 3 = Identifies and prioritizes the main problem(s) unprompted]"" .
:QBackground_history pred:Text ""Gives appropriate history. [Rubric: 0 = History is unstructured or non-relevant, 1 = Relevant history but frequent clarification needed, 2 = Relevant history with few further questions needed, 3 = Comprehensive focused history]"" .
:QBackground_examination pred:Text ""Gives appropriate examination/observations. [Rubric: 0 = Observations are omitted or irrelevant, 1 = Observations reported but frequent clarification needed, 2 = Observations reported with few further questions needed, 3 = Comprehensive focused examination/observations]"" .
:QAssessment pred:Text ""Makes logical assessment (correlates problem, history, exam, context). [Rubric: 0 = No logical assessment, 1 = Assessment only after extended questioning, 2 = Assessment after minimal questioning, 3 = Comprehensive logical assessment without questioning]"" .
:QRecommendation_clear_recommendation pred:Text ""Makes a clear recommendation. [Rubric: 0 = No recommendation, 1 = Clear recommendation only after extended questioning, 2 = Clear recommendation after minimal questioning, 3 = Clear comprehensive recommendation without questioning]"" .
:QRecommendation_global_rating_scale pred:Text ""Global Rating Scale (GRS) - How confident am I that I received an accurate picture of the patient? [Rubric: 0 = Not at all confident, 1 = Confident but required extended questioning, 2 = Confident but required some further questioning, 3 = Confident and required little or no questioning]"" .
:QComments pred:Text ""Comments on the session. [Open-ended]"" .

# Responses
:Respondent1 a :Person ;
    pred:Date ""2025-03-14"" ;
    pred:SessionName ""III-Sepsis"" ;
    pred:Identification ""3"" ;
    pred:Situation ""3"" ;
    pred:Background_history ""2"" ;
    pred:Background_examination ""3"" ;
    pred:Assessment ""2"" ;
    pred:Recommendation_clear_recommendation ""2"" ;
    pred:Recommendation_global_rating_scale ""2"" ;
    pred:Comments ""Time: (1:00-1:17)"" .

:Respondent17 a :Person ;
    pred:Date ""2025-05-04"" ;
    pred:SessionName ""IV - VT"" ;
    pred:Identification ""3"" ;
    pred:Situation ""3"" ;
    pred:Background_history ""2"" ;
    pred:Background_examination ""2"" ;
    pred:Assessment ""3"" ;
    pred:Recommendation_clear_recommendation ""2"" ;
    pred:Recommendation_global_rating_scale ""2"" ;
    pred:Comments ""Not very concise or clear communication
Satisfactory"" .

:Respondent23 a :Person ;
    pred:Date ""2025-05-16"" ;
    pred:SessionName ""I (Myocardial infarction)"" ;
    pred:Identification ""3"" ;
    pred:Situation ""2"" ;
    pred:Background_history ""3"" ;
    pred:Background_examination ""1"" ;
    pred:Assessment ""2"" ;
    pred:Recommendation_clear_recommendation ""3"" ;
    pred:Recommendation_global_rating_scale ""3"" ;
    pred:Comments ""Diagnostic clarity is present
Good and early assessment of condition is done"" .

",1,"How many respondents have Identification score of 3?

DATA:

@prefix : <http://example.org/survey#> .
@prefix pred: <http://example.org/predicate#> .

# Questions
:QDate pred:Text ""What is the date of the session? [Open-ended]"" .
:QSessionName pred:Text ""What is the name of the session? [Open-ended]"" .
:QIdentification pred:Text ""Identification of self, role, and patient. [Rubric: 0 = Requires direct prompting, 1 = Introduces themselves but only after a hint, 2 = Introduces themselves but information is incomplete, 3 = Introduces themselves and information is complete]"" .
:QSituation pred:Text ""Identifies the main problem(s). [Rubric: 0 = Unable to identify the main problem(s), 1 = Identifies the main problem(s) after extended prompting, 2 = Identifies the main problem(s) with fewer prompts needed, 3 = Identifies and prioritizes the main problem(s) unprompted]"" .
:QBackground_history pred:Text ""Gives appropriate history. [Rubric: 0 = History is unstructured or non-relevant, 1 = Relevant history but frequent clarification needed, 2 = Relevant history with few further questions needed, 3 = Comprehensive focused history]"" .
:QBackground_examination pred:Text ""Gives appropriate examination/observations. [Rubric: 0 = Observations are omitted or irrelevant, 1 = Observations reported but frequent clarification needed, 2 = Observations reported with few further questions needed, 3 = Comprehensive focused examination/observations]"" .
:QAssessment pred:Text ""Makes logical assessment (correlates problem, history, exam, context). [Rubric: 0 = No logical assessment, 1 = Assessment only after extended questioning, 2 = Assessment after minimal questioning, 3 = Comprehensive logical assessment without questioning]"" .
:QRecommendation_clear_recommendation pred:Text ""Makes a clear recommendation. [Rubric: 0 = No recommendation, 1 = Clear recommendation only after extended questioning, 2 = Clear recommendation after minimal questioning, 3 = Clear comprehensive recommendation without questioning]"" .
:QRecommendation_global_rating_scale pred:Text ""Global Rating Scale (GRS) - How confident am I that I received an accurate picture of the patient? [Rubric: 0 = Not at all confident, 1 = Confident but required extended questioning, 2 = Confident but required some further questioning, 3 = Confident and required little or no questioning]"" .
:QComments pred:Text ""Comments on the session. [Open-ended]"" .

# Responses
:Respondent2 a :Person ;
    pred:Date ""2025-03-14"" ;
    pred:SessionName ""II-Anaphylaxsis"" ;
    pred:Identification ""3"" ;
    pred:Situation ""3"" ;
    pred:Background_history ""2"" ;
    pred:Background_examination ""2"" ;
    pred:Assessment ""3"" ;
    pred:Recommendation_clear_recommendation ""3"" ;
    pred:Recommendation_global_rating_scale ""3"" ;
    pred:Comments ""Time: (11:43-11:58)
Talking to registrav could not summarize the condition of patient very clearly
DID: Sepsis I Anaphylaxsis given by team"" .

:Respondent17 a :Person ;
    pred:Date ""2025-05-04"" ;
    pred:SessionName ""IV - VT"" ;
    pred:Identification ""3"" ;
    pred:Situation ""3"" ;
    pred:Background_history ""2"" ;
    pred:Background_examination ""2"" ;
    pred:Assessment ""3"" ;
    pred:Recommendation_clear_recommendation ""2"" ;
    pred:Recommendation_global_rating_scale ""2"" ;
    pred:Comments ""Not very concise or clear communication
Satisfactory"" .

:Respondent3 a :Person ;
    pred:Date ""2025-03-14"" ;
    pred:SessionName ""IV-Hypoglycemia"" ;
    pred:Identification ""3"" ;
    pred:Situation ""3"" ;
    pred:Background_history ""2"" ;
    pred:Background_examination ""2"" ;
    pred:Assessment ""3"" ;
    pred:Recommendation_clear_recommendation ""1"" ;
    pred:Recommendation_global_rating_scale ""1"" ;
    pred:Comments ""Time: (2:36-2:53)
Late response for considering consultation"" .

:Respondent12 a :Person ;
    pred:Date ""2025-05-02"" ;
    pred:SessionName ""IV (VT)"" ;
    pred:Identification ""3"" ;
    pred:Situation ""3"" ;
    pred:Background_history ""2"" ;
    pred:Background_examination ""-1"" ;
    pred:Assessment ""3"" ;
    pred:Recommendation_clear_recommendation ""2"" ;
    pred:Recommendation_global_rating_scale ""3"" ;
    pred:Comments ""Good"" .

Answer: 3

@prefix : <http://example.org/survey#> .
@prefix pred: <http://example.org/predicate#> .

# Questions
:QDate pred:Text ""What is the date of the session? [Open-ended]"" .
:QSessionName pred:Text ""What is the name of the session? [Open-ended]"" .
:QIdentification pred:Text ""Identification of self, role, and patient. [Rubric: 0 = Requires direct prompting, 1 = Introduces themselves but only after a hint, 2 = Introduces themselves but information is incomplete, 3 = Introduces themselves and information is complete]"" .
:QSituation pred:Text ""Identifies the main problem(s). [Rubric: 0 = Unable to identify the main problem(s), 1 = Identifies the main problem(s) after extended prompting, 2 = Identifies the main problem(s) with fewer prompts needed, 3 = Identifies and prioritizes the main problem(s) unprompted]"" .
:QBackground_history pred:Text ""Gives appropriate history. [Rubric: 0 = History is unstructured or non-relevant, 1 = Relevant history but frequent clarification needed, 2 = Relevant history with few further questions needed, 3 = Comprehensive focused history]"" .
:QBackground_examination pred:Text ""Gives appropriate examination/observations. [Rubric: 0 = Observations are omitted or irrelevant, 1 = Observations reported but frequent clarification needed, 2 = Observations reported with few further questions needed, 3 = Comprehensive focused examination/observations]"" .
:QAssessment pred:Text ""Makes logical assessment (correlates problem, history, exam, context). [Rubric: 0 = No logical assessment, 1 = Assessment only after extended questioning, 2 = Assessment after minimal questioning, 3 = Comprehensive logical assessment without questioning]"" .
:QRecommendation_clear_recommendation pred:Text ""Makes a clear recommendation. [Rubric: 0 = No recommendation, 1 = Clear recommendation only after extended questioning, 2 = Clear recommendation after minimal questioning, 3 = Clear comprehensive recommendation without questioning]"" .
:QRecommendation_global_rating_scale pred:Text ""Global Rating Scale (GRS) - How confident am I that I received an accurate picture of the patient? [Rubric: 0 = Not at all confident, 1 = Confident but required extended questioning, 2 = Confident but required some further questioning, 3 = Confident and required little or no questioning]"" .
:QComments pred:Text ""Comments on the session. [Open-ended]"" .

# Responses
:Respondent1 a :Person ;
    pred:Date ""2025-03-14"" ;
    pred:SessionName ""III-Sepsis"" ;
    pred:Identification ""3"" ;
    pred:Situation ""3"" ;
    pred:Background_history ""2"" ;
    pred:Background_examination ""3"" ;
    pred:Assessment ""2"" ;
    pred:Recommendation_clear_recommendation ""2"" ;
    pred:Recommendation_global_rating_scale ""2"" ;
    pred:Comments ""Time: (1:00-1:17)"" .

:Respondent17 a :Person ;
    pred:Date ""2025-05-04"" ;
    pred:SessionName ""IV - VT"" ;
    pred:Identification ""3"" ;
    pred:Situation ""3"" ;
    pred:Background_history ""2"" ;
    pred:Background_examination ""2"" ;
    pred:Assessment ""3"" ;
    pred:Recommendation_clear_recommendation ""2"" ;
    pred:Recommendation_global_rating_scale ""2"" ;
    pred:Comments ""Not very concise or clear communication
Satisfactory"" .

:Respondent23 a :Person ;
    pred:Date ""2025-05-16"" ;
    pred:SessionName ""I (Myocardial infarction)"" ;
    pred:Identification ""3"" ;
    pred:Situation ""2"" ;
    pred:Background_history ""3"" ;
    pred:Background_examination ""1"" ;
    pred:Assessment ""2"" ;
    pred:Recommendation_clear_recommendation ""3"" ;
    pred:Recommendation_global_rating_scale ""3"" ;
    pred:Comments ""Diagnostic clarity is present
Good and early assessment of condition is done"" .

You are a meticulous data analyst AI. Your primary function is to accurately analyze structured data and provide precise, verifiable answers.

You will be given a dataset with two key parts:

A 'questions' section: This is your data dictionary or schema. It is the single source of truth for understanding what each field and score means. Refer to it carefully.

A 'responses' section: This contains the raw data from each individual respondent.

To answer the question correctly, you must first use the 'questions' schema to fully understand the context and meaning of the data points within the 'responses'. Do not rely on any prior knowledge outside of this provided data. Base your entire analysis on the information given.

Provide your final answer directly and concisely. Output must be the human-readable value, not an option code.

Rules:
- For MCQ fields, map any letter codes in the Responses (case-insensitive) to the corresponding option text from the Questions schema, and output only that text. Do NOT include the letter or both.
  Example: If the schema is ""[MCQ: A. Abnormal B. Inconclusive C. Normal]"" and the response is ""a"", output ""Abnormal"".
- For open-ended fields, output the exact text value.
- If the question asks for a count, provide only the number (e.g., ""42"").
- If the question asks for a list of names or IDs, provide a simple comma-separated list (e.g., ""17, 21, 23"").
- Preserve capitalization exactly as in the schema (e.g., output ""Abnormal"", not ""abnormal"" or ""A"").

How many respondents have Comments containing the word Clear?",1,True
case_18,conceptual_aggregation,How many respondents have Comments containing the word Clear?,"@prefix : <http://example.org/survey#> .
@prefix pred: <http://example.org/predicate#> .

# Questions
:QDate pred:Text ""What is the date of the session? [Open-ended]"" .
:QSessionName pred:Text ""What is the name of the session? [Open-ended]"" .
:QIdentification pred:Text ""Identification of self, role, and patient. [Rubric: 0 = Requires direct prompting, 1 = Introduces themselves but only after a hint, 2 = Introduces themselves but information is incomplete, 3 = Introduces themselves and information is complete]"" .
:QSituation pred:Text ""Identifies the main problem(s). [Rubric: 0 = Unable to identify the main problem(s), 1 = Identifies the main problem(s) after extended prompting, 2 = Identifies the main problem(s) with fewer prompts needed, 3 = Identifies and prioritizes the main problem(s) unprompted]"" .
:QBackground_history pred:Text ""Gives appropriate history. [Rubric: 0 = History is unstructured or non-relevant, 1 = Relevant history but frequent clarification needed, 2 = Relevant history with few further questions needed, 3 = Comprehensive focused history]"" .
:QBackground_examination pred:Text ""Gives appropriate examination/observations. [Rubric: 0 = Observations are omitted or irrelevant, 1 = Observations reported but frequent clarification needed, 2 = Observations reported with few further questions needed, 3 = Comprehensive focused examination/observations]"" .
:QAssessment pred:Text ""Makes logical assessment (correlates problem, history, exam, context). [Rubric: 0 = No logical assessment, 1 = Assessment only after extended questioning, 2 = Assessment after minimal questioning, 3 = Comprehensive logical assessment without questioning]"" .
:QRecommendation_clear_recommendation pred:Text ""Makes a clear recommendation. [Rubric: 0 = No recommendation, 1 = Clear recommendation only after extended questioning, 2 = Clear recommendation after minimal questioning, 3 = Clear comprehensive recommendation without questioning]"" .
:QRecommendation_global_rating_scale pred:Text ""Global Rating Scale (GRS) - How confident am I that I received an accurate picture of the patient? [Rubric: 0 = Not at all confident, 1 = Confident but required extended questioning, 2 = Confident but required some further questioning, 3 = Confident and required little or no questioning]"" .
:QComments pred:Text ""Comments on the session. [Open-ended]"" .

# Responses
:Respondent8 a :Person ;
    pred:Date ""2025-04-04"" ;
    pred:SessionName ""IV (AF)"" ;
    pred:Identification ""3"" ;
    pred:Situation ""3"" ;
    pred:Background_history ""3"" ;
    pred:Background_examination ""3"" ;
    pred:Assessment ""3"" ;
    pred:Recommendation_clear_recommendation ""3"" ;
    pred:Recommendation_global_rating_scale ""3"" ;
    pred:Comments ""Clear communication and handover"" .

:Respondent14 a :Person ;
    pred:Date ""2025-05-02"" ;
    pred:SessionName ""V (Hypoglycemia)"" ;
    pred:Identification ""3"" ;
    pred:Situation ""2"" ;
    pred:Background_history ""2"" ;
    pred:Background_examination ""2"" ;
    pred:Assessment ""3"" ;
    pred:Recommendation_clear_recommendation ""2"" ;
    pred:Recommendation_global_rating_scale ""3"" ;
    pred:Comments ""Satisfactory"" .

:Respondent11 a :Person ;
    pred:Date ""2025-05-02"" ;
    pred:SessionName ""II (Anaphylaxis)"" ;
    pred:Identification ""3"" ;
    pred:Situation ""3"" ;
    pred:Background_history ""3"" ;
    pred:Background_examination ""3"" ;
    pred:Assessment ""2"" ;
    pred:Recommendation_clear_recommendation ""3"" ;
    pred:Recommendation_global_rating_scale ""3"" ;
    pred:Comments ""Good"" .

",1,"How many respondents have Identification score of 3?

DATA:

@prefix : <http://example.org/survey#> .
@prefix pred: <http://example.org/predicate#> .

# Questions
:QDate pred:Text ""What is the date of the session? [Open-ended]"" .
:QSessionName pred:Text ""What is the name of the session? [Open-ended]"" .
:QIdentification pred:Text ""Identification of self, role, and patient. [Rubric: 0 = Requires direct prompting, 1 = Introduces themselves but only after a hint, 2 = Introduces themselves but information is incomplete, 3 = Introduces themselves and information is complete]"" .
:QSituation pred:Text ""Identifies the main problem(s). [Rubric: 0 = Unable to identify the main problem(s), 1 = Identifies the main problem(s) after extended prompting, 2 = Identifies the main problem(s) with fewer prompts needed, 3 = Identifies and prioritizes the main problem(s) unprompted]"" .
:QBackground_history pred:Text ""Gives appropriate history. [Rubric: 0 = History is unstructured or non-relevant, 1 = Relevant history but frequent clarification needed, 2 = Relevant history with few further questions needed, 3 = Comprehensive focused history]"" .
:QBackground_examination pred:Text ""Gives appropriate examination/observations. [Rubric: 0 = Observations are omitted or irrelevant, 1 = Observations reported but frequent clarification needed, 2 = Observations reported with few further questions needed, 3 = Comprehensive focused examination/observations]"" .
:QAssessment pred:Text ""Makes logical assessment (correlates problem, history, exam, context). [Rubric: 0 = No logical assessment, 1 = Assessment only after extended questioning, 2 = Assessment after minimal questioning, 3 = Comprehensive logical assessment without questioning]"" .
:QRecommendation_clear_recommendation pred:Text ""Makes a clear recommendation. [Rubric: 0 = No recommendation, 1 = Clear recommendation only after extended questioning, 2 = Clear recommendation after minimal questioning, 3 = Clear comprehensive recommendation without questioning]"" .
:QRecommendation_global_rating_scale pred:Text ""Global Rating Scale (GRS) - How confident am I that I received an accurate picture of the patient? [Rubric: 0 = Not at all confident, 1 = Confident but required extended questioning, 2 = Confident but required some further questioning, 3 = Confident and required little or no questioning]"" .
:QComments pred:Text ""Comments on the session. [Open-ended]"" .

# Responses
:Respondent2 a :Person ;
    pred:Date ""2025-03-14"" ;
    pred:SessionName ""II-Anaphylaxsis"" ;
    pred:Identification ""3"" ;
    pred:Situation ""3"" ;
    pred:Background_history ""2"" ;
    pred:Background_examination ""2"" ;
    pred:Assessment ""3"" ;
    pred:Recommendation_clear_recommendation ""3"" ;
    pred:Recommendation_global_rating_scale ""3"" ;
    pred:Comments ""Time: (11:43-11:58)
Talking to registrav could not summarize the condition of patient very clearly
DID: Sepsis I Anaphylaxsis given by team"" .

:Respondent17 a :Person ;
    pred:Date ""2025-05-04"" ;
    pred:SessionName ""IV - VT"" ;
    pred:Identification ""3"" ;
    pred:Situation ""3"" ;
    pred:Background_history ""2"" ;
    pred:Background_examination ""2"" ;
    pred:Assessment ""3"" ;
    pred:Recommendation_clear_recommendation ""2"" ;
    pred:Recommendation_global_rating_scale ""2"" ;
    pred:Comments ""Not very concise or clear communication
Satisfactory"" .

:Respondent3 a :Person ;
    pred:Date ""2025-03-14"" ;
    pred:SessionName ""IV-Hypoglycemia"" ;
    pred:Identification ""3"" ;
    pred:Situation ""3"" ;
    pred:Background_history ""2"" ;
    pred:Background_examination ""2"" ;
    pred:Assessment ""3"" ;
    pred:Recommendation_clear_recommendation ""1"" ;
    pred:Recommendation_global_rating_scale ""1"" ;
    pred:Comments ""Time: (2:36-2:53)
Late response for considering consultation"" .

:Respondent12 a :Person ;
    pred:Date ""2025-05-02"" ;
    pred:SessionName ""IV (VT)"" ;
    pred:Identification ""3"" ;
    pred:Situation ""3"" ;
    pred:Background_history ""2"" ;
    pred:Background_examination ""-1"" ;
    pred:Assessment ""3"" ;
    pred:Recommendation_clear_recommendation ""2"" ;
    pred:Recommendation_global_rating_scale ""3"" ;
    pred:Comments ""Good"" .

Answer: 3

@prefix : <http://example.org/survey#> .
@prefix pred: <http://example.org/predicate#> .

# Questions
:QDate pred:Text ""What is the date of the session? [Open-ended]"" .
:QSessionName pred:Text ""What is the name of the session? [Open-ended]"" .
:QIdentification pred:Text ""Identification of self, role, and patient. [Rubric: 0 = Requires direct prompting, 1 = Introduces themselves but only after a hint, 2 = Introduces themselves but information is incomplete, 3 = Introduces themselves and information is complete]"" .
:QSituation pred:Text ""Identifies the main problem(s). [Rubric: 0 = Unable to identify the main problem(s), 1 = Identifies the main problem(s) after extended prompting, 2 = Identifies the main problem(s) with fewer prompts needed, 3 = Identifies and prioritizes the main problem(s) unprompted]"" .
:QBackground_history pred:Text ""Gives appropriate history. [Rubric: 0 = History is unstructured or non-relevant, 1 = Relevant history but frequent clarification needed, 2 = Relevant history with few further questions needed, 3 = Comprehensive focused history]"" .
:QBackground_examination pred:Text ""Gives appropriate examination/observations. [Rubric: 0 = Observations are omitted or irrelevant, 1 = Observations reported but frequent clarification needed, 2 = Observations reported with few further questions needed, 3 = Comprehensive focused examination/observations]"" .
:QAssessment pred:Text ""Makes logical assessment (correlates problem, history, exam, context). [Rubric: 0 = No logical assessment, 1 = Assessment only after extended questioning, 2 = Assessment after minimal questioning, 3 = Comprehensive logical assessment without questioning]"" .
:QRecommendation_clear_recommendation pred:Text ""Makes a clear recommendation. [Rubric: 0 = No recommendation, 1 = Clear recommendation only after extended questioning, 2 = Clear recommendation after minimal questioning, 3 = Clear comprehensive recommendation without questioning]"" .
:QRecommendation_global_rating_scale pred:Text ""Global Rating Scale (GRS) - How confident am I that I received an accurate picture of the patient? [Rubric: 0 = Not at all confident, 1 = Confident but required extended questioning, 2 = Confident but required some further questioning, 3 = Confident and required little or no questioning]"" .
:QComments pred:Text ""Comments on the session. [Open-ended]"" .

# Responses
:Respondent8 a :Person ;
    pred:Date ""2025-04-04"" ;
    pred:SessionName ""IV (AF)"" ;
    pred:Identification ""3"" ;
    pred:Situation ""3"" ;
    pred:Background_history ""3"" ;
    pred:Background_examination ""3"" ;
    pred:Assessment ""3"" ;
    pred:Recommendation_clear_recommendation ""3"" ;
    pred:Recommendation_global_rating_scale ""3"" ;
    pred:Comments ""Clear communication and handover"" .

:Respondent14 a :Person ;
    pred:Date ""2025-05-02"" ;
    pred:SessionName ""V (Hypoglycemia)"" ;
    pred:Identification ""3"" ;
    pred:Situation ""2"" ;
    pred:Background_history ""2"" ;
    pred:Background_examination ""2"" ;
    pred:Assessment ""3"" ;
    pred:Recommendation_clear_recommendation ""2"" ;
    pred:Recommendation_global_rating_scale ""3"" ;
    pred:Comments ""Satisfactory"" .

:Respondent11 a :Person ;
    pred:Date ""2025-05-02"" ;
    pred:SessionName ""II (Anaphylaxis)"" ;
    pred:Identification ""3"" ;
    pred:Situation ""3"" ;
    pred:Background_history ""3"" ;
    pred:Background_examination ""3"" ;
    pred:Assessment ""2"" ;
    pred:Recommendation_clear_recommendation ""3"" ;
    pred:Recommendation_global_rating_scale ""3"" ;
    pred:Comments ""Good"" .

You are a meticulous data analyst AI. Your primary function is to accurately analyze structured data and provide precise, verifiable answers.

You will be given a dataset with two key parts:

A 'questions' section: This is your data dictionary or schema. It is the single source of truth for understanding what each field and score means. Refer to it carefully.

A 'responses' section: This contains the raw data from each individual respondent.

To answer the question correctly, you must first use the 'questions' schema to fully understand the context and meaning of the data points within the 'responses'. Do not rely on any prior knowledge outside of this provided data. Base your entire analysis on the information given.

Provide your final answer directly and concisely. Output must be the human-readable value, not an option code.

Rules:
- For MCQ fields, map any letter codes in the Responses (case-insensitive) to the corresponding option text from the Questions schema, and output only that text. Do NOT include the letter or both.
  Example: If the schema is ""[MCQ: A. Abnormal B. Inconclusive C. Normal]"" and the response is ""a"", output ""Abnormal"".
- For open-ended fields, output the exact text value.
- If the question asks for a count, provide only the number (e.g., ""42"").
- If the question asks for a list of names or IDs, provide a simple comma-separated list (e.g., ""17, 21, 23"").
- Preserve capitalization exactly as in the schema (e.g., output ""Abnormal"", not ""abnormal"" or ""A"").

How many respondents have Comments containing the word Clear?",2,False
case_19,conceptual_aggregation,How many respondents have sessions conducted on 2025-05-04?,"@prefix : <http://example.org/survey#> .
@prefix pred: <http://example.org/predicate#> .

# Questions
:QDate pred:Text ""What is the date of the session? [Open-ended]"" .
:QSessionName pred:Text ""What is the name of the session? [Open-ended]"" .
:QIdentification pred:Text ""Identification of self, role, and patient. [Rubric: 0 = Requires direct prompting, 1 = Introduces themselves but only after a hint, 2 = Introduces themselves but information is incomplete, 3 = Introduces themselves and information is complete]"" .
:QSituation pred:Text ""Identifies the main problem(s). [Rubric: 0 = Unable to identify the main problem(s), 1 = Identifies the main problem(s) after extended prompting, 2 = Identifies the main problem(s) with fewer prompts needed, 3 = Identifies and prioritizes the main problem(s) unprompted]"" .
:QBackground_history pred:Text ""Gives appropriate history. [Rubric: 0 = History is unstructured or non-relevant, 1 = Relevant history but frequent clarification needed, 2 = Relevant history with few further questions needed, 3 = Comprehensive focused history]"" .
:QBackground_examination pred:Text ""Gives appropriate examination/observations. [Rubric: 0 = Observations are omitted or irrelevant, 1 = Observations reported but frequent clarification needed, 2 = Observations reported with few further questions needed, 3 = Comprehensive focused examination/observations]"" .
:QAssessment pred:Text ""Makes logical assessment (correlates problem, history, exam, context). [Rubric: 0 = No logical assessment, 1 = Assessment only after extended questioning, 2 = Assessment after minimal questioning, 3 = Comprehensive logical assessment without questioning]"" .
:QRecommendation_clear_recommendation pred:Text ""Makes a clear recommendation. [Rubric: 0 = No recommendation, 1 = Clear recommendation only after extended questioning, 2 = Clear recommendation after minimal questioning, 3 = Clear comprehensive recommendation without questioning]"" .
:QRecommendation_global_rating_scale pred:Text ""Global Rating Scale (GRS) - How confident am I that I received an accurate picture of the patient? [Rubric: 0 = Not at all confident, 1 = Confident but required extended questioning, 2 = Confident but required some further questioning, 3 = Confident and required little or no questioning]"" .
:QComments pred:Text ""Comments on the session. [Open-ended]"" .

# Responses
:Respondent4 a :Person ;
    pred:Date ""2025-03-14"" ;
    pred:SessionName ""I-VF"" ;
    pred:Identification ""3"" ;
    pred:Situation ""3"" ;
    pred:Background_history ""2"" ;
    pred:Background_examination ""1"" ;
    pred:Assessment ""2"" ;
    pred:Recommendation_clear_recommendation ""2"" ;
    pred:Recommendation_global_rating_scale ""2"" ;
    pred:Comments ""Time: (10:29-10:54)
Ventricular fibrillation (CVS)
Lack of communication btween 2 main interns
Further brief to patient, ask patent concerns"" .

:Respondent16 a :Person ;
    pred:Date ""2025-05-04"" ;
    pred:SessionName ""II - Anaphylaxsis"" ;
    pred:Identification ""3"" ;
    pred:Situation ""3"" ;
    pred:Background_history ""3"" ;
    pred:Background_examination ""3"" ;
    pred:Assessment ""3"" ;
    pred:Recommendation_clear_recommendation ""2"" ;
    pred:Recommendation_global_rating_scale ""3"" ;
    pred:Comments ""Good clear and precise clinical handover
Good"" .

:Respondent2 a :Person ;
    pred:Date ""2025-03-14"" ;
    pred:SessionName ""II-Anaphylaxsis"" ;
    pred:Identification ""3"" ;
    pred:Situation ""3"" ;
    pred:Background_history ""2"" ;
    pred:Background_examination ""2"" ;
    pred:Assessment ""3"" ;
    pred:Recommendation_clear_recommendation ""3"" ;
    pred:Recommendation_global_rating_scale ""3"" ;
    pred:Comments ""Time: (11:43-11:58)
Talking to registrav could not summarize the condition of patient very clearly
DID: Sepsis I Anaphylaxsis given by team"" .

:Respondent22 a :Person ;
    pred:Date ""2025-05-16"" ;
    pred:SessionName ""IV (VT)"" ;
    pred:Identification ""3"" ;
    pred:Situation ""3"" ;
    pred:Background_history ""3"" ;
    pred:Background_examination ""3"" ;
    pred:Assessment ""2"" ;
    pred:Recommendation_clear_recommendation ""2"" ;
    pred:Recommendation_global_rating_scale ""3"" ;
    pred:Comments ""Clear communication skills
Good"" .

:Respondent13 a :Person ;
    pred:Date ""2025-05-02"" ;
    pred:SessionName ""I - MI"" ;
    pred:Identification ""3"" ;
    pred:Situation ""3"" ;
    pred:Background_history ""3"" ;
    pred:Background_examination ""3"" ;
    pred:Assessment ""3"" ;
    pred:Recommendation_clear_recommendation ""2"" ;
    pred:Recommendation_global_rating_scale ""3"" ;
    pred:Comments ""Consent denied for video recordings
Satisfactory"" .

",1,"How many respondents have Identification score of 3?

DATA:

@prefix : <http://example.org/survey#> .
@prefix pred: <http://example.org/predicate#> .

# Questions
:QDate pred:Text ""What is the date of the session? [Open-ended]"" .
:QSessionName pred:Text ""What is the name of the session? [Open-ended]"" .
:QIdentification pred:Text ""Identification of self, role, and patient. [Rubric: 0 = Requires direct prompting, 1 = Introduces themselves but only after a hint, 2 = Introduces themselves but information is incomplete, 3 = Introduces themselves and information is complete]"" .
:QSituation pred:Text ""Identifies the main problem(s). [Rubric: 0 = Unable to identify the main problem(s), 1 = Identifies the main problem(s) after extended prompting, 2 = Identifies the main problem(s) with fewer prompts needed, 3 = Identifies and prioritizes the main problem(s) unprompted]"" .
:QBackground_history pred:Text ""Gives appropriate history. [Rubric: 0 = History is unstructured or non-relevant, 1 = Relevant history but frequent clarification needed, 2 = Relevant history with few further questions needed, 3 = Comprehensive focused history]"" .
:QBackground_examination pred:Text ""Gives appropriate examination/observations. [Rubric: 0 = Observations are omitted or irrelevant, 1 = Observations reported but frequent clarification needed, 2 = Observations reported with few further questions needed, 3 = Comprehensive focused examination/observations]"" .
:QAssessment pred:Text ""Makes logical assessment (correlates problem, history, exam, context). [Rubric: 0 = No logical assessment, 1 = Assessment only after extended questioning, 2 = Assessment after minimal questioning, 3 = Comprehensive logical assessment without questioning]"" .
:QRecommendation_clear_recommendation pred:Text ""Makes a clear recommendation. [Rubric: 0 = No recommendation, 1 = Clear recommendation only after extended questioning, 2 = Clear recommendation after minimal questioning, 3 = Clear comprehensive recommendation without questioning]"" .
:QRecommendation_global_rating_scale pred:Text ""Global Rating Scale (GRS) - How confident am I that I received an accurate picture of the patient? [Rubric: 0 = Not at all confident, 1 = Confident but required extended questioning, 2 = Confident but required some further questioning, 3 = Confident and required little or no questioning]"" .
:QComments pred:Text ""Comments on the session. [Open-ended]"" .

# Responses
:Respondent2 a :Person ;
    pred:Date ""2025-03-14"" ;
    pred:SessionName ""II-Anaphylaxsis"" ;
    pred:Identification ""3"" ;
    pred:Situation ""3"" ;
    pred:Background_history ""2"" ;
    pred:Background_examination ""2"" ;
    pred:Assessment ""3"" ;
    pred:Recommendation_clear_recommendation ""3"" ;
    pred:Recommendation_global_rating_scale ""3"" ;
    pred:Comments ""Time: (11:43-11:58)
Talking to registrav could not summarize the condition of patient very clearly
DID: Sepsis I Anaphylaxsis given by team"" .

:Respondent17 a :Person ;
    pred:Date ""2025-05-04"" ;
    pred:SessionName ""IV - VT"" ;
    pred:Identification ""3"" ;
    pred:Situation ""3"" ;
    pred:Background_history ""2"" ;
    pred:Background_examination ""2"" ;
    pred:Assessment ""3"" ;
    pred:Recommendation_clear_recommendation ""2"" ;
    pred:Recommendation_global_rating_scale ""2"" ;
    pred:Comments ""Not very concise or clear communication
Satisfactory"" .

:Respondent3 a :Person ;
    pred:Date ""2025-03-14"" ;
    pred:SessionName ""IV-Hypoglycemia"" ;
    pred:Identification ""3"" ;
    pred:Situation ""3"" ;
    pred:Background_history ""2"" ;
    pred:Background_examination ""2"" ;
    pred:Assessment ""3"" ;
    pred:Recommendation_clear_recommendation ""1"" ;
    pred:Recommendation_global_rating_scale ""1"" ;
    pred:Comments ""Time: (2:36-2:53)
Late response for considering consultation"" .

:Respondent12 a :Person ;
    pred:Date ""2025-05-02"" ;
    pred:SessionName ""IV (VT)"" ;
    pred:Identification ""3"" ;
    pred:Situation ""3"" ;
    pred:Background_history ""2"" ;
    pred:Background_examination ""-1"" ;
    pred:Assessment ""3"" ;
    pred:Recommendation_clear_recommendation ""2"" ;
    pred:Recommendation_global_rating_scale ""3"" ;
    pred:Comments ""Good"" .

Answer: 3

@prefix : <http://example.org/survey#> .
@prefix pred: <http://example.org/predicate#> .

# Questions
:QDate pred:Text ""What is the date of the session? [Open-ended]"" .
:QSessionName pred:Text ""What is the name of the session? [Open-ended]"" .
:QIdentification pred:Text ""Identification of self, role, and patient. [Rubric: 0 = Requires direct prompting, 1 = Introduces themselves but only after a hint, 2 = Introduces themselves but information is incomplete, 3 = Introduces themselves and information is complete]"" .
:QSituation pred:Text ""Identifies the main problem(s). [Rubric: 0 = Unable to identify the main problem(s), 1 = Identifies the main problem(s) after extended prompting, 2 = Identifies the main problem(s) with fewer prompts needed, 3 = Identifies and prioritizes the main problem(s) unprompted]"" .
:QBackground_history pred:Text ""Gives appropriate history. [Rubric: 0 = History is unstructured or non-relevant, 1 = Relevant history but frequent clarification needed, 2 = Relevant history with few further questions needed, 3 = Comprehensive focused history]"" .
:QBackground_examination pred:Text ""Gives appropriate examination/observations. [Rubric: 0 = Observations are omitted or irrelevant, 1 = Observations reported but frequent clarification needed, 2 = Observations reported with few further questions needed, 3 = Comprehensive focused examination/observations]"" .
:QAssessment pred:Text ""Makes logical assessment (correlates problem, history, exam, context). [Rubric: 0 = No logical assessment, 1 = Assessment only after extended questioning, 2 = Assessment after minimal questioning, 3 = Comprehensive logical assessment without questioning]"" .
:QRecommendation_clear_recommendation pred:Text ""Makes a clear recommendation. [Rubric: 0 = No recommendation, 1 = Clear recommendation only after extended questioning, 2 = Clear recommendation after minimal questioning, 3 = Clear comprehensive recommendation without questioning]"" .
:QRecommendation_global_rating_scale pred:Text ""Global Rating Scale (GRS) - How confident am I that I received an accurate picture of the patient? [Rubric: 0 = Not at all confident, 1 = Confident but required extended questioning, 2 = Confident but required some further questioning, 3 = Confident and required little or no questioning]"" .
:QComments pred:Text ""Comments on the session. [Open-ended]"" .

# Responses
:Respondent4 a :Person ;
    pred:Date ""2025-03-14"" ;
    pred:SessionName ""I-VF"" ;
    pred:Identification ""3"" ;
    pred:Situation ""3"" ;
    pred:Background_history ""2"" ;
    pred:Background_examination ""1"" ;
    pred:Assessment ""2"" ;
    pred:Recommendation_clear_recommendation ""2"" ;
    pred:Recommendation_global_rating_scale ""2"" ;
    pred:Comments ""Time: (10:29-10:54)
Ventricular fibrillation (CVS)
Lack of communication btween 2 main interns
Further brief to patient, ask patent concerns"" .

:Respondent16 a :Person ;
    pred:Date ""2025-05-04"" ;
    pred:SessionName ""II - Anaphylaxsis"" ;
    pred:Identification ""3"" ;
    pred:Situation ""3"" ;
    pred:Background_history ""3"" ;
    pred:Background_examination ""3"" ;
    pred:Assessment ""3"" ;
    pred:Recommendation_clear_recommendation ""2"" ;
    pred:Recommendation_global_rating_scale ""3"" ;
    pred:Comments ""Good clear and precise clinical handover
Good"" .

:Respondent2 a :Person ;
    pred:Date ""2025-03-14"" ;
    pred:SessionName ""II-Anaphylaxsis"" ;
    pred:Identification ""3"" ;
    pred:Situation ""3"" ;
    pred:Background_history ""2"" ;
    pred:Background_examination ""2"" ;
    pred:Assessment ""3"" ;
    pred:Recommendation_clear_recommendation ""3"" ;
    pred:Recommendation_global_rating_scale ""3"" ;
    pred:Comments ""Time: (11:43-11:58)
Talking to registrav could not summarize the condition of patient very clearly
DID: Sepsis I Anaphylaxsis given by team"" .

:Respondent22 a :Person ;
    pred:Date ""2025-05-16"" ;
    pred:SessionName ""IV (VT)"" ;
    pred:Identification ""3"" ;
    pred:Situation ""3"" ;
    pred:Background_history ""3"" ;
    pred:Background_examination ""3"" ;
    pred:Assessment ""2"" ;
    pred:Recommendation_clear_recommendation ""2"" ;
    pred:Recommendation_global_rating_scale ""3"" ;
    pred:Comments ""Clear communication skills
Good"" .

:Respondent13 a :Person ;
    pred:Date ""2025-05-02"" ;
    pred:SessionName ""I - MI"" ;
    pred:Identification ""3"" ;
    pred:Situation ""3"" ;
    pred:Background_history ""3"" ;
    pred:Background_examination ""3"" ;
    pred:Assessment ""3"" ;
    pred:Recommendation_clear_recommendation ""2"" ;
    pred:Recommendation_global_rating_scale ""3"" ;
    pred:Comments ""Consent denied for video recordings
Satisfactory"" .

You are a meticulous data analyst AI. Your primary function is to accurately analyze structured data and provide precise, verifiable answers.

You will be given a dataset with two key parts:

A 'questions' section: This is your data dictionary or schema. It is the single source of truth for understanding what each field and score means. Refer to it carefully.

A 'responses' section: This contains the raw data from each individual respondent.

To answer the question correctly, you must first use the 'questions' schema to fully understand the context and meaning of the data points within the 'responses'. Do not rely on any prior knowledge outside of this provided data. Base your entire analysis on the information given.

Provide your final answer directly and concisely. Output must be the human-readable value, not an option code.

Rules:
- For MCQ fields, map any letter codes in the Responses (case-insensitive) to the corresponding option text from the Questions schema, and output only that text. Do NOT include the letter or both.
  Example: If the schema is ""[MCQ: A. Abnormal B. Inconclusive C. Normal]"" and the response is ""a"", output ""Abnormal"".
- For open-ended fields, output the exact text value.
- If the question asks for a count, provide only the number (e.g., ""42"").
- If the question asks for a list of names or IDs, provide a simple comma-separated list (e.g., ""17, 21, 23"").
- Preserve capitalization exactly as in the schema (e.g., output ""Abnormal"", not ""abnormal"" or ""A"").

How many respondents have sessions conducted on 2025-05-04?",1,True
case_20,conceptual_aggregation,How many respondents have Background (history) score greater than or equal to 2?,"@prefix : <http://example.org/survey#> .
@prefix pred: <http://example.org/predicate#> .

# Questions
:QDate pred:Text ""What is the date of the session? [Open-ended]"" .
:QSessionName pred:Text ""What is the name of the session? [Open-ended]"" .
:QIdentification pred:Text ""Identification of self, role, and patient. [Rubric: 0 = Requires direct prompting, 1 = Introduces themselves but only after a hint, 2 = Introduces themselves but information is incomplete, 3 = Introduces themselves and information is complete]"" .
:QSituation pred:Text ""Identifies the main problem(s). [Rubric: 0 = Unable to identify the main problem(s), 1 = Identifies the main problem(s) after extended prompting, 2 = Identifies the main problem(s) with fewer prompts needed, 3 = Identifies and prioritizes the main problem(s) unprompted]"" .
:QBackground_history pred:Text ""Gives appropriate history. [Rubric: 0 = History is unstructured or non-relevant, 1 = Relevant history but frequent clarification needed, 2 = Relevant history with few further questions needed, 3 = Comprehensive focused history]"" .
:QBackground_examination pred:Text ""Gives appropriate examination/observations. [Rubric: 0 = Observations are omitted or irrelevant, 1 = Observations reported but frequent clarification needed, 2 = Observations reported with few further questions needed, 3 = Comprehensive focused examination/observations]"" .
:QAssessment pred:Text ""Makes logical assessment (correlates problem, history, exam, context). [Rubric: 0 = No logical assessment, 1 = Assessment only after extended questioning, 2 = Assessment after minimal questioning, 3 = Comprehensive logical assessment without questioning]"" .
:QRecommendation_clear_recommendation pred:Text ""Makes a clear recommendation. [Rubric: 0 = No recommendation, 1 = Clear recommendation only after extended questioning, 2 = Clear recommendation after minimal questioning, 3 = Clear comprehensive recommendation without questioning]"" .
:QRecommendation_global_rating_scale pred:Text ""Global Rating Scale (GRS) - How confident am I that I received an accurate picture of the patient? [Rubric: 0 = Not at all confident, 1 = Confident but required extended questioning, 2 = Confident but required some further questioning, 3 = Confident and required little or no questioning]"" .
:QComments pred:Text ""Comments on the session. [Open-ended]"" .

# Responses
:Respondent18 a :Person ;
    pred:Date ""2025-05-04"" ;
    pred:SessionName ""I - MI"" ;
    pred:Identification ""3"" ;
    pred:Situation ""3"" ;
    pred:Background_history ""3"" ;
    pred:Background_examination ""3"" ;
    pred:Assessment ""2"" ;
    pred:Recommendation_clear_recommendation ""3"" ;
    pred:Recommendation_global_rating_scale ""2"" ;
    pred:Comments ""Wrong CPR position
Clarity is a bit low over whole case scenario
Satisfactory"" .

:Respondent4 a :Person ;
    pred:Date ""2025-03-14"" ;
    pred:SessionName ""I-VF"" ;
    pred:Identification ""3"" ;
    pred:Situation ""3"" ;
    pred:Background_history ""2"" ;
    pred:Background_examination ""1"" ;
    pred:Assessment ""2"" ;
    pred:Recommendation_clear_recommendation ""2"" ;
    pred:Recommendation_global_rating_scale ""2"" ;
    pred:Comments ""Time: (10:29-10:54)
Ventricular fibrillation (CVS)
Lack of communication btween 2 main interns
Further brief to patient, ask patent concerns"" .

:Respondent23 a :Person ;
    pred:Date ""2025-05-16"" ;
    pred:SessionName ""I (Myocardial infarction)"" ;
    pred:Identification ""3"" ;
    pred:Situation ""2"" ;
    pred:Background_history ""3"" ;
    pred:Background_examination ""1"" ;
    pred:Assessment ""2"" ;
    pred:Recommendation_clear_recommendation ""3"" ;
    pred:Recommendation_global_rating_scale ""3"" ;
    pred:Comments ""Diagnostic clarity is present
Good and early assessment of condition is done"" .

:Respondent2 a :Person ;
    pred:Date ""2025-03-14"" ;
    pred:SessionName ""II-Anaphylaxsis"" ;
    pred:Identification ""3"" ;
    pred:Situation ""3"" ;
    pred:Background_history ""2"" ;
    pred:Background_examination ""2"" ;
    pred:Assessment ""3"" ;
    pred:Recommendation_clear_recommendation ""3"" ;
    pred:Recommendation_global_rating_scale ""3"" ;
    pred:Comments ""Time: (11:43-11:58)
Talking to registrav could not summarize the condition of patient very clearly
DID: Sepsis I Anaphylaxsis given by team"" .

:Respondent12 a :Person ;
    pred:Date ""2025-05-02"" ;
    pred:SessionName ""IV (VT)"" ;
    pred:Identification ""3"" ;
    pred:Situation ""3"" ;
    pred:Background_history ""2"" ;
    pred:Background_examination ""-1"" ;
    pred:Assessment ""3"" ;
    pred:Recommendation_clear_recommendation ""2"" ;
    pred:Recommendation_global_rating_scale ""3"" ;
    pred:Comments ""Good"" .

:Respondent13 a :Person ;
    pred:Date ""2025-05-02"" ;
    pred:SessionName ""I - MI"" ;
    pred:Identification ""3"" ;
    pred:Situation ""3"" ;
    pred:Background_history ""3"" ;
    pred:Background_examination ""3"" ;
    pred:Assessment ""3"" ;
    pred:Recommendation_clear_recommendation ""2"" ;
    pred:Recommendation_global_rating_scale ""3"" ;
    pred:Comments ""Consent denied for video recordings
Satisfactory"" .

",6,"How many respondents have Identification score of 3?

DATA:

@prefix : <http://example.org/survey#> .
@prefix pred: <http://example.org/predicate#> .

# Questions
:QDate pred:Text ""What is the date of the session? [Open-ended]"" .
:QSessionName pred:Text ""What is the name of the session? [Open-ended]"" .
:QIdentification pred:Text ""Identification of self, role, and patient. [Rubric: 0 = Requires direct prompting, 1 = Introduces themselves but only after a hint, 2 = Introduces themselves but information is incomplete, 3 = Introduces themselves and information is complete]"" .
:QSituation pred:Text ""Identifies the main problem(s). [Rubric: 0 = Unable to identify the main problem(s), 1 = Identifies the main problem(s) after extended prompting, 2 = Identifies the main problem(s) with fewer prompts needed, 3 = Identifies and prioritizes the main problem(s) unprompted]"" .
:QBackground_history pred:Text ""Gives appropriate history. [Rubric: 0 = History is unstructured or non-relevant, 1 = Relevant history but frequent clarification needed, 2 = Relevant history with few further questions needed, 3 = Comprehensive focused history]"" .
:QBackground_examination pred:Text ""Gives appropriate examination/observations. [Rubric: 0 = Observations are omitted or irrelevant, 1 = Observations reported but frequent clarification needed, 2 = Observations reported with few further questions needed, 3 = Comprehensive focused examination/observations]"" .
:QAssessment pred:Text ""Makes logical assessment (correlates problem, history, exam, context). [Rubric: 0 = No logical assessment, 1 = Assessment only after extended questioning, 2 = Assessment after minimal questioning, 3 = Comprehensive logical assessment without questioning]"" .
:QRecommendation_clear_recommendation pred:Text ""Makes a clear recommendation. [Rubric: 0 = No recommendation, 1 = Clear recommendation only after extended questioning, 2 = Clear recommendation after minimal questioning, 3 = Clear comprehensive recommendation without questioning]"" .
:QRecommendation_global_rating_scale pred:Text ""Global Rating Scale (GRS) - How confident am I that I received an accurate picture of the patient? [Rubric: 0 = Not at all confident, 1 = Confident but required extended questioning, 2 = Confident but required some further questioning, 3 = Confident and required little or no questioning]"" .
:QComments pred:Text ""Comments on the session. [Open-ended]"" .

# Responses
:Respondent2 a :Person ;
    pred:Date ""2025-03-14"" ;
    pred:SessionName ""II-Anaphylaxsis"" ;
    pred:Identification ""3"" ;
    pred:Situation ""3"" ;
    pred:Background_history ""2"" ;
    pred:Background_examination ""2"" ;
    pred:Assessment ""3"" ;
    pred:Recommendation_clear_recommendation ""3"" ;
    pred:Recommendation_global_rating_scale ""3"" ;
    pred:Comments ""Time: (11:43-11:58)
Talking to registrav could not summarize the condition of patient very clearly
DID: Sepsis I Anaphylaxsis given by team"" .

:Respondent17 a :Person ;
    pred:Date ""2025-05-04"" ;
    pred:SessionName ""IV - VT"" ;
    pred:Identification ""3"" ;
    pred:Situation ""3"" ;
    pred:Background_history ""2"" ;
    pred:Background_examination ""2"" ;
    pred:Assessment ""3"" ;
    pred:Recommendation_clear_recommendation ""2"" ;
    pred:Recommendation_global_rating_scale ""2"" ;
    pred:Comments ""Not very concise or clear communication
Satisfactory"" .

:Respondent3 a :Person ;
    pred:Date ""2025-03-14"" ;
    pred:SessionName ""IV-Hypoglycemia"" ;
    pred:Identification ""3"" ;
    pred:Situation ""3"" ;
    pred:Background_history ""2"" ;
    pred:Background_examination ""2"" ;
    pred:Assessment ""3"" ;
    pred:Recommendation_clear_recommendation ""1"" ;
    pred:Recommendation_global_rating_scale ""1"" ;
    pred:Comments ""Time: (2:36-2:53)
Late response for considering consultation"" .

:Respondent12 a :Person ;
    pred:Date ""2025-05-02"" ;
    pred:SessionName ""IV (VT)"" ;
    pred:Identification ""3"" ;
    pred:Situation ""3"" ;
    pred:Background_history ""2"" ;
    pred:Background_examination ""-1"" ;
    pred:Assessment ""3"" ;
    pred:Recommendation_clear_recommendation ""2"" ;
    pred:Recommendation_global_rating_scale ""3"" ;
    pred:Comments ""Good"" .

Answer: 3

@prefix : <http://example.org/survey#> .
@prefix pred: <http://example.org/predicate#> .

# Questions
:QDate pred:Text ""What is the date of the session? [Open-ended]"" .
:QSessionName pred:Text ""What is the name of the session? [Open-ended]"" .
:QIdentification pred:Text ""Identification of self, role, and patient. [Rubric: 0 = Requires direct prompting, 1 = Introduces themselves but only after a hint, 2 = Introduces themselves but information is incomplete, 3 = Introduces themselves and information is complete]"" .
:QSituation pred:Text ""Identifies the main problem(s). [Rubric: 0 = Unable to identify the main problem(s), 1 = Identifies the main problem(s) after extended prompting, 2 = Identifies the main problem(s) with fewer prompts needed, 3 = Identifies and prioritizes the main problem(s) unprompted]"" .
:QBackground_history pred:Text ""Gives appropriate history. [Rubric: 0 = History is unstructured or non-relevant, 1 = Relevant history but frequent clarification needed, 2 = Relevant history with few further questions needed, 3 = Comprehensive focused history]"" .
:QBackground_examination pred:Text ""Gives appropriate examination/observations. [Rubric: 0 = Observations are omitted or irrelevant, 1 = Observations reported but frequent clarification needed, 2 = Observations reported with few further questions needed, 3 = Comprehensive focused examination/observations]"" .
:QAssessment pred:Text ""Makes logical assessment (correlates problem, history, exam, context). [Rubric: 0 = No logical assessment, 1 = Assessment only after extended questioning, 2 = Assessment after minimal questioning, 3 = Comprehensive logical assessment without questioning]"" .
:QRecommendation_clear_recommendation pred:Text ""Makes a clear recommendation. [Rubric: 0 = No recommendation, 1 = Clear recommendation only after extended questioning, 2 = Clear recommendation after minimal questioning, 3 = Clear comprehensive recommendation without questioning]"" .
:QRecommendation_global_rating_scale pred:Text ""Global Rating Scale (GRS) - How confident am I that I received an accurate picture of the patient? [Rubric: 0 = Not at all confident, 1 = Confident but required extended questioning, 2 = Confident but required some further questioning, 3 = Confident and required little or no questioning]"" .
:QComments pred:Text ""Comments on the session. [Open-ended]"" .

# Responses
:Respondent18 a :Person ;
    pred:Date ""2025-05-04"" ;
    pred:SessionName ""I - MI"" ;
    pred:Identification ""3"" ;
    pred:Situation ""3"" ;
    pred:Background_history ""3"" ;
    pred:Background_examination ""3"" ;
    pred:Assessment ""2"" ;
    pred:Recommendation_clear_recommendation ""3"" ;
    pred:Recommendation_global_rating_scale ""2"" ;
    pred:Comments ""Wrong CPR position
Clarity is a bit low over whole case scenario
Satisfactory"" .

:Respondent4 a :Person ;
    pred:Date ""2025-03-14"" ;
    pred:SessionName ""I-VF"" ;
    pred:Identification ""3"" ;
    pred:Situation ""3"" ;
    pred:Background_history ""2"" ;
    pred:Background_examination ""1"" ;
    pred:Assessment ""2"" ;
    pred:Recommendation_clear_recommendation ""2"" ;
    pred:Recommendation_global_rating_scale ""2"" ;
    pred:Comments ""Time: (10:29-10:54)
Ventricular fibrillation (CVS)
Lack of communication btween 2 main interns
Further brief to patient, ask patent concerns"" .

:Respondent23 a :Person ;
    pred:Date ""2025-05-16"" ;
    pred:SessionName ""I (Myocardial infarction)"" ;
    pred:Identification ""3"" ;
    pred:Situation ""2"" ;
    pred:Background_history ""3"" ;
    pred:Background_examination ""1"" ;
    pred:Assessment ""2"" ;
    pred:Recommendation_clear_recommendation ""3"" ;
    pred:Recommendation_global_rating_scale ""3"" ;
    pred:Comments ""Diagnostic clarity is present
Good and early assessment of condition is done"" .

:Respondent2 a :Person ;
    pred:Date ""2025-03-14"" ;
    pred:SessionName ""II-Anaphylaxsis"" ;
    pred:Identification ""3"" ;
    pred:Situation ""3"" ;
    pred:Background_history ""2"" ;
    pred:Background_examination ""2"" ;
    pred:Assessment ""3"" ;
    pred:Recommendation_clear_recommendation ""3"" ;
    pred:Recommendation_global_rating_scale ""3"" ;
    pred:Comments ""Time: (11:43-11:58)
Talking to registrav could not summarize the condition of patient very clearly
DID: Sepsis I Anaphylaxsis given by team"" .

:Respondent12 a :Person ;
    pred:Date ""2025-05-02"" ;
    pred:SessionName ""IV (VT)"" ;
    pred:Identification ""3"" ;
    pred:Situation ""3"" ;
    pred:Background_history ""2"" ;
    pred:Background_examination ""-1"" ;
    pred:Assessment ""3"" ;
    pred:Recommendation_clear_recommendation ""2"" ;
    pred:Recommendation_global_rating_scale ""3"" ;
    pred:Comments ""Good"" .

:Respondent13 a :Person ;
    pred:Date ""2025-05-02"" ;
    pred:SessionName ""I - MI"" ;
    pred:Identification ""3"" ;
    pred:Situation ""3"" ;
    pred:Background_history ""3"" ;
    pred:Background_examination ""3"" ;
    pred:Assessment ""3"" ;
    pred:Recommendation_clear_recommendation ""2"" ;
    pred:Recommendation_global_rating_scale ""3"" ;
    pred:Comments ""Consent denied for video recordings
Satisfactory"" .

You are a meticulous data analyst AI. Your primary function is to accurately analyze structured data and provide precise, verifiable answers.

You will be given a dataset with two key parts:

A 'questions' section: This is your data dictionary or schema. It is the single source of truth for understanding what each field and score means. Refer to it carefully.

A 'responses' section: This contains the raw data from each individual respondent.

To answer the question correctly, you must first use the 'questions' schema to fully understand the context and meaning of the data points within the 'responses'. Do not rely on any prior knowledge outside of this provided data. Base your entire analysis on the information given.

Provide your final answer directly and concisely. Output must be the human-readable value, not an option code.

Rules:
- For MCQ fields, map any letter codes in the Responses (case-insensitive) to the corresponding option text from the Questions schema, and output only that text. Do NOT include the letter or both.
  Example: If the schema is ""[MCQ: A. Abnormal B. Inconclusive C. Normal]"" and the response is ""a"", output ""Abnormal"".
- For open-ended fields, output the exact text value.
- If the question asks for a count, provide only the number (e.g., ""42"").
- If the question asks for a list of names or IDs, provide a simple comma-separated list (e.g., ""17, 21, 23"").
- Preserve capitalization exactly as in the schema (e.g., output ""Abnormal"", not ""abnormal"" or ""A"").

How many respondents have Background (history) score greater than or equal to 2?",,False
case_21,conceptual_aggregation,How many respondents have Background (examination) score of 3?,"@prefix : <http://example.org/survey#> .
@prefix pred: <http://example.org/predicate#> .

# Questions
:QDate pred:Text ""What is the date of the session? [Open-ended]"" .
:QSessionName pred:Text ""What is the name of the session? [Open-ended]"" .
:QIdentification pred:Text ""Identification of self, role, and patient. [Rubric: 0 = Requires direct prompting, 1 = Introduces themselves but only after a hint, 2 = Introduces themselves but information is incomplete, 3 = Introduces themselves and information is complete]"" .
:QSituation pred:Text ""Identifies the main problem(s). [Rubric: 0 = Unable to identify the main problem(s), 1 = Identifies the main problem(s) after extended prompting, 2 = Identifies the main problem(s) with fewer prompts needed, 3 = Identifies and prioritizes the main problem(s) unprompted]"" .
:QBackground_history pred:Text ""Gives appropriate history. [Rubric: 0 = History is unstructured or non-relevant, 1 = Relevant history but frequent clarification needed, 2 = Relevant history with few further questions needed, 3 = Comprehensive focused history]"" .
:QBackground_examination pred:Text ""Gives appropriate examination/observations. [Rubric: 0 = Observations are omitted or irrelevant, 1 = Observations reported but frequent clarification needed, 2 = Observations reported with few further questions needed, 3 = Comprehensive focused examination/observations]"" .
:QAssessment pred:Text ""Makes logical assessment (correlates problem, history, exam, context). [Rubric: 0 = No logical assessment, 1 = Assessment only after extended questioning, 2 = Assessment after minimal questioning, 3 = Comprehensive logical assessment without questioning]"" .
:QRecommendation_clear_recommendation pred:Text ""Makes a clear recommendation. [Rubric: 0 = No recommendation, 1 = Clear recommendation only after extended questioning, 2 = Clear recommendation after minimal questioning, 3 = Clear comprehensive recommendation without questioning]"" .
:QRecommendation_global_rating_scale pred:Text ""Global Rating Scale (GRS) - How confident am I that I received an accurate picture of the patient? [Rubric: 0 = Not at all confident, 1 = Confident but required extended questioning, 2 = Confident but required some further questioning, 3 = Confident and required little or no questioning]"" .
:QComments pred:Text ""Comments on the session. [Open-ended]"" .

# Responses
:Respondent16 a :Person ;
    pred:Date ""2025-05-04"" ;
    pred:SessionName ""II - Anaphylaxsis"" ;
    pred:Identification ""3"" ;
    pred:Situation ""3"" ;
    pred:Background_history ""3"" ;
    pred:Background_examination ""3"" ;
    pred:Assessment ""3"" ;
    pred:Recommendation_clear_recommendation ""2"" ;
    pred:Recommendation_global_rating_scale ""3"" ;
    pred:Comments ""Good clear and precise clinical handover
Good"" .

:Respondent17 a :Person ;
    pred:Date ""2025-05-04"" ;
    pred:SessionName ""IV - VT"" ;
    pred:Identification ""3"" ;
    pred:Situation ""3"" ;
    pred:Background_history ""2"" ;
    pred:Background_examination ""2"" ;
    pred:Assessment ""3"" ;
    pred:Recommendation_clear_recommendation ""2"" ;
    pred:Recommendation_global_rating_scale ""2"" ;
    pred:Comments ""Not very concise or clear communication
Satisfactory"" .

:Respondent22 a :Person ;
    pred:Date ""2025-05-16"" ;
    pred:SessionName ""IV (VT)"" ;
    pred:Identification ""3"" ;
    pred:Situation ""3"" ;
    pred:Background_history ""3"" ;
    pred:Background_examination ""3"" ;
    pred:Assessment ""2"" ;
    pred:Recommendation_clear_recommendation ""2"" ;
    pred:Recommendation_global_rating_scale ""3"" ;
    pred:Comments ""Clear communication skills
Good"" .

",2,"How many respondents have Identification score of 3?

DATA:

@prefix : <http://example.org/survey#> .
@prefix pred: <http://example.org/predicate#> .

# Questions
:QDate pred:Text ""What is the date of the session? [Open-ended]"" .
:QSessionName pred:Text ""What is the name of the session? [Open-ended]"" .
:QIdentification pred:Text ""Identification of self, role, and patient. [Rubric: 0 = Requires direct prompting, 1 = Introduces themselves but only after a hint, 2 = Introduces themselves but information is incomplete, 3 = Introduces themselves and information is complete]"" .
:QSituation pred:Text ""Identifies the main problem(s). [Rubric: 0 = Unable to identify the main problem(s), 1 = Identifies the main problem(s) after extended prompting, 2 = Identifies the main problem(s) with fewer prompts needed, 3 = Identifies and prioritizes the main problem(s) unprompted]"" .
:QBackground_history pred:Text ""Gives appropriate history. [Rubric: 0 = History is unstructured or non-relevant, 1 = Relevant history but frequent clarification needed, 2 = Relevant history with few further questions needed, 3 = Comprehensive focused history]"" .
:QBackground_examination pred:Text ""Gives appropriate examination/observations. [Rubric: 0 = Observations are omitted or irrelevant, 1 = Observations reported but frequent clarification needed, 2 = Observations reported with few further questions needed, 3 = Comprehensive focused examination/observations]"" .
:QAssessment pred:Text ""Makes logical assessment (correlates problem, history, exam, context). [Rubric: 0 = No logical assessment, 1 = Assessment only after extended questioning, 2 = Assessment after minimal questioning, 3 = Comprehensive logical assessment without questioning]"" .
:QRecommendation_clear_recommendation pred:Text ""Makes a clear recommendation. [Rubric: 0 = No recommendation, 1 = Clear recommendation only after extended questioning, 2 = Clear recommendation after minimal questioning, 3 = Clear comprehensive recommendation without questioning]"" .
:QRecommendation_global_rating_scale pred:Text ""Global Rating Scale (GRS) - How confident am I that I received an accurate picture of the patient? [Rubric: 0 = Not at all confident, 1 = Confident but required extended questioning, 2 = Confident but required some further questioning, 3 = Confident and required little or no questioning]"" .
:QComments pred:Text ""Comments on the session. [Open-ended]"" .

# Responses
:Respondent2 a :Person ;
    pred:Date ""2025-03-14"" ;
    pred:SessionName ""II-Anaphylaxsis"" ;
    pred:Identification ""3"" ;
    pred:Situation ""3"" ;
    pred:Background_history ""2"" ;
    pred:Background_examination ""2"" ;
    pred:Assessment ""3"" ;
    pred:Recommendation_clear_recommendation ""3"" ;
    pred:Recommendation_global_rating_scale ""3"" ;
    pred:Comments ""Time: (11:43-11:58)
Talking to registrav could not summarize the condition of patient very clearly
DID: Sepsis I Anaphylaxsis given by team"" .

:Respondent17 a :Person ;
    pred:Date ""2025-05-04"" ;
    pred:SessionName ""IV - VT"" ;
    pred:Identification ""3"" ;
    pred:Situation ""3"" ;
    pred:Background_history ""2"" ;
    pred:Background_examination ""2"" ;
    pred:Assessment ""3"" ;
    pred:Recommendation_clear_recommendation ""2"" ;
    pred:Recommendation_global_rating_scale ""2"" ;
    pred:Comments ""Not very concise or clear communication
Satisfactory"" .

:Respondent3 a :Person ;
    pred:Date ""2025-03-14"" ;
    pred:SessionName ""IV-Hypoglycemia"" ;
    pred:Identification ""3"" ;
    pred:Situation ""3"" ;
    pred:Background_history ""2"" ;
    pred:Background_examination ""2"" ;
    pred:Assessment ""3"" ;
    pred:Recommendation_clear_recommendation ""1"" ;
    pred:Recommendation_global_rating_scale ""1"" ;
    pred:Comments ""Time: (2:36-2:53)
Late response for considering consultation"" .

:Respondent12 a :Person ;
    pred:Date ""2025-05-02"" ;
    pred:SessionName ""IV (VT)"" ;
    pred:Identification ""3"" ;
    pred:Situation ""3"" ;
    pred:Background_history ""2"" ;
    pred:Background_examination ""-1"" ;
    pred:Assessment ""3"" ;
    pred:Recommendation_clear_recommendation ""2"" ;
    pred:Recommendation_global_rating_scale ""3"" ;
    pred:Comments ""Good"" .

Answer: 3

@prefix : <http://example.org/survey#> .
@prefix pred: <http://example.org/predicate#> .

# Questions
:QDate pred:Text ""What is the date of the session? [Open-ended]"" .
:QSessionName pred:Text ""What is the name of the session? [Open-ended]"" .
:QIdentification pred:Text ""Identification of self, role, and patient. [Rubric: 0 = Requires direct prompting, 1 = Introduces themselves but only after a hint, 2 = Introduces themselves but information is incomplete, 3 = Introduces themselves and information is complete]"" .
:QSituation pred:Text ""Identifies the main problem(s). [Rubric: 0 = Unable to identify the main problem(s), 1 = Identifies the main problem(s) after extended prompting, 2 = Identifies the main problem(s) with fewer prompts needed, 3 = Identifies and prioritizes the main problem(s) unprompted]"" .
:QBackground_history pred:Text ""Gives appropriate history. [Rubric: 0 = History is unstructured or non-relevant, 1 = Relevant history but frequent clarification needed, 2 = Relevant history with few further questions needed, 3 = Comprehensive focused history]"" .
:QBackground_examination pred:Text ""Gives appropriate examination/observations. [Rubric: 0 = Observations are omitted or irrelevant, 1 = Observations reported but frequent clarification needed, 2 = Observations reported with few further questions needed, 3 = Comprehensive focused examination/observations]"" .
:QAssessment pred:Text ""Makes logical assessment (correlates problem, history, exam, context). [Rubric: 0 = No logical assessment, 1 = Assessment only after extended questioning, 2 = Assessment after minimal questioning, 3 = Comprehensive logical assessment without questioning]"" .
:QRecommendation_clear_recommendation pred:Text ""Makes a clear recommendation. [Rubric: 0 = No recommendation, 1 = Clear recommendation only after extended questioning, 2 = Clear recommendation after minimal questioning, 3 = Clear comprehensive recommendation without questioning]"" .
:QRecommendation_global_rating_scale pred:Text ""Global Rating Scale (GRS) - How confident am I that I received an accurate picture of the patient? [Rubric: 0 = Not at all confident, 1 = Confident but required extended questioning, 2 = Confident but required some further questioning, 3 = Confident and required little or no questioning]"" .
:QComments pred:Text ""Comments on the session. [Open-ended]"" .

# Responses
:Respondent16 a :Person ;
    pred:Date ""2025-05-04"" ;
    pred:SessionName ""II - Anaphylaxsis"" ;
    pred:Identification ""3"" ;
    pred:Situation ""3"" ;
    pred:Background_history ""3"" ;
    pred:Background_examination ""3"" ;
    pred:Assessment ""3"" ;
    pred:Recommendation_clear_recommendation ""2"" ;
    pred:Recommendation_global_rating_scale ""3"" ;
    pred:Comments ""Good clear and precise clinical handover
Good"" .

:Respondent17 a :Person ;
    pred:Date ""2025-05-04"" ;
    pred:SessionName ""IV - VT"" ;
    pred:Identification ""3"" ;
    pred:Situation ""3"" ;
    pred:Background_history ""2"" ;
    pred:Background_examination ""2"" ;
    pred:Assessment ""3"" ;
    pred:Recommendation_clear_recommendation ""2"" ;
    pred:Recommendation_global_rating_scale ""2"" ;
    pred:Comments ""Not very concise or clear communication
Satisfactory"" .

:Respondent22 a :Person ;
    pred:Date ""2025-05-16"" ;
    pred:SessionName ""IV (VT)"" ;
    pred:Identification ""3"" ;
    pred:Situation ""3"" ;
    pred:Background_history ""3"" ;
    pred:Background_examination ""3"" ;
    pred:Assessment ""2"" ;
    pred:Recommendation_clear_recommendation ""2"" ;
    pred:Recommendation_global_rating_scale ""3"" ;
    pred:Comments ""Clear communication skills
Good"" .

You are a meticulous data analyst AI. Your primary function is to accurately analyze structured data and provide precise, verifiable answers.

You will be given a dataset with two key parts:

A 'questions' section: This is your data dictionary or schema. It is the single source of truth for understanding what each field and score means. Refer to it carefully.

A 'responses' section: This contains the raw data from each individual respondent.

To answer the question correctly, you must first use the 'questions' schema to fully understand the context and meaning of the data points within the 'responses'. Do not rely on any prior knowledge outside of this provided data. Base your entire analysis on the information given.

Provide your final answer directly and concisely. Output must be the human-readable value, not an option code.

Rules:
- For MCQ fields, map any letter codes in the Responses (case-insensitive) to the corresponding option text from the Questions schema, and output only that text. Do NOT include the letter or both.
  Example: If the schema is ""[MCQ: A. Abnormal B. Inconclusive C. Normal]"" and the response is ""a"", output ""Abnormal"".
- For open-ended fields, output the exact text value.
- If the question asks for a count, provide only the number (e.g., ""42"").
- If the question asks for a list of names or IDs, provide a simple comma-separated list (e.g., ""17, 21, 23"").
- Preserve capitalization exactly as in the schema (e.g., output ""Abnormal"", not ""abnormal"" or ""A"").

How many respondents have Background (examination) score of 3?",2,True
case_22,conceptual_aggregation,How many respondents participated in session (MI)-VT?,"@prefix : <http://example.org/survey#> .
@prefix pred: <http://example.org/predicate#> .

# Questions
:QDate pred:Text ""What is the date of the session? [Open-ended]"" .
:QSessionName pred:Text ""What is the name of the session? [Open-ended]"" .
:QIdentification pred:Text ""Identification of self, role, and patient. [Rubric: 0 = Requires direct prompting, 1 = Introduces themselves but only after a hint, 2 = Introduces themselves but information is incomplete, 3 = Introduces themselves and information is complete]"" .
:QSituation pred:Text ""Identifies the main problem(s). [Rubric: 0 = Unable to identify the main problem(s), 1 = Identifies the main problem(s) after extended prompting, 2 = Identifies the main problem(s) with fewer prompts needed, 3 = Identifies and prioritizes the main problem(s) unprompted]"" .
:QBackground_history pred:Text ""Gives appropriate history. [Rubric: 0 = History is unstructured or non-relevant, 1 = Relevant history but frequent clarification needed, 2 = Relevant history with few further questions needed, 3 = Comprehensive focused history]"" .
:QBackground_examination pred:Text ""Gives appropriate examination/observations. [Rubric: 0 = Observations are omitted or irrelevant, 1 = Observations reported but frequent clarification needed, 2 = Observations reported with few further questions needed, 3 = Comprehensive focused examination/observations]"" .
:QAssessment pred:Text ""Makes logical assessment (correlates problem, history, exam, context). [Rubric: 0 = No logical assessment, 1 = Assessment only after extended questioning, 2 = Assessment after minimal questioning, 3 = Comprehensive logical assessment without questioning]"" .
:QRecommendation_clear_recommendation pred:Text ""Makes a clear recommendation. [Rubric: 0 = No recommendation, 1 = Clear recommendation only after extended questioning, 2 = Clear recommendation after minimal questioning, 3 = Clear comprehensive recommendation without questioning]"" .
:QRecommendation_global_rating_scale pred:Text ""Global Rating Scale (GRS) - How confident am I that I received an accurate picture of the patient? [Rubric: 0 = Not at all confident, 1 = Confident but required extended questioning, 2 = Confident but required some further questioning, 3 = Confident and required little or no questioning]"" .
:QComments pred:Text ""Comments on the session. [Open-ended]"" .

# Responses
:Respondent5 a :Person ;
    pred:Date ""2025-03-14"" ;
    pred:SessionName ""(MI)-VT"" ;
    pred:Identification ""0"" ;
    pred:Situation ""2"" ;
    pred:Background_history ""2"" ;
    pred:Background_examination ""2"" ;
    pred:Assessment ""2"" ;
    pred:Recommendation_clear_recommendation ""2"" ;
    pred:Recommendation_global_rating_scale ""2"" ;
    pred:Comments ""Time: (15:53-16:14)"" .

:Respondent4 a :Person ;
    pred:Date ""2025-03-14"" ;
    pred:SessionName ""I-VF"" ;
    pred:Identification ""3"" ;
    pred:Situation ""3"" ;
    pred:Background_history ""2"" ;
    pred:Background_examination ""1"" ;
    pred:Assessment ""2"" ;
    pred:Recommendation_clear_recommendation ""2"" ;
    pred:Recommendation_global_rating_scale ""2"" ;
    pred:Comments ""Time: (10:29-10:54)
Ventricular fibrillation (CVS)
Lack of communication btween 2 main interns
Further brief to patient, ask patent concerns"" .

:Respondent21 a :Person ;
    pred:Date ""2025-05-16"" ;
    pred:SessionName ""II (Anaphylaxsis)"" ;
    pred:Identification ""3"" ;
    pred:Situation ""3"" ;
    pred:Background_history ""2"" ;
    pred:Background_examination ""2"" ;
    pred:Assessment ""2"" ;
    pred:Recommendation_clear_recommendation ""3"" ;
    pred:Recommendation_global_rating_scale ""2"" ;
    pred:Comments ""Overall a bit unclear communication reflected"" .

",1,"How many respondents have Identification score of 3?

DATA:

@prefix : <http://example.org/survey#> .
@prefix pred: <http://example.org/predicate#> .

# Questions
:QDate pred:Text ""What is the date of the session? [Open-ended]"" .
:QSessionName pred:Text ""What is the name of the session? [Open-ended]"" .
:QIdentification pred:Text ""Identification of self, role, and patient. [Rubric: 0 = Requires direct prompting, 1 = Introduces themselves but only after a hint, 2 = Introduces themselves but information is incomplete, 3 = Introduces themselves and information is complete]"" .
:QSituation pred:Text ""Identifies the main problem(s). [Rubric: 0 = Unable to identify the main problem(s), 1 = Identifies the main problem(s) after extended prompting, 2 = Identifies the main problem(s) with fewer prompts needed, 3 = Identifies and prioritizes the main problem(s) unprompted]"" .
:QBackground_history pred:Text ""Gives appropriate history. [Rubric: 0 = History is unstructured or non-relevant, 1 = Relevant history but frequent clarification needed, 2 = Relevant history with few further questions needed, 3 = Comprehensive focused history]"" .
:QBackground_examination pred:Text ""Gives appropriate examination/observations. [Rubric: 0 = Observations are omitted or irrelevant, 1 = Observations reported but frequent clarification needed, 2 = Observations reported with few further questions needed, 3 = Comprehensive focused examination/observations]"" .
:QAssessment pred:Text ""Makes logical assessment (correlates problem, history, exam, context). [Rubric: 0 = No logical assessment, 1 = Assessment only after extended questioning, 2 = Assessment after minimal questioning, 3 = Comprehensive logical assessment without questioning]"" .
:QRecommendation_clear_recommendation pred:Text ""Makes a clear recommendation. [Rubric: 0 = No recommendation, 1 = Clear recommendation only after extended questioning, 2 = Clear recommendation after minimal questioning, 3 = Clear comprehensive recommendation without questioning]"" .
:QRecommendation_global_rating_scale pred:Text ""Global Rating Scale (GRS) - How confident am I that I received an accurate picture of the patient? [Rubric: 0 = Not at all confident, 1 = Confident but required extended questioning, 2 = Confident but required some further questioning, 3 = Confident and required little or no questioning]"" .
:QComments pred:Text ""Comments on the session. [Open-ended]"" .

# Responses
:Respondent2 a :Person ;
    pred:Date ""2025-03-14"" ;
    pred:SessionName ""II-Anaphylaxsis"" ;
    pred:Identification ""3"" ;
    pred:Situation ""3"" ;
    pred:Background_history ""2"" ;
    pred:Background_examination ""2"" ;
    pred:Assessment ""3"" ;
    pred:Recommendation_clear_recommendation ""3"" ;
    pred:Recommendation_global_rating_scale ""3"" ;
    pred:Comments ""Time: (11:43-11:58)
Talking to registrav could not summarize the condition of patient very clearly
DID: Sepsis I Anaphylaxsis given by team"" .

:Respondent17 a :Person ;
    pred:Date ""2025-05-04"" ;
    pred:SessionName ""IV - VT"" ;
    pred:Identification ""3"" ;
    pred:Situation ""3"" ;
    pred:Background_history ""2"" ;
    pred:Background_examination ""2"" ;
    pred:Assessment ""3"" ;
    pred:Recommendation_clear_recommendation ""2"" ;
    pred:Recommendation_global_rating_scale ""2"" ;
    pred:Comments ""Not very concise or clear communication
Satisfactory"" .

:Respondent3 a :Person ;
    pred:Date ""2025-03-14"" ;
    pred:SessionName ""IV-Hypoglycemia"" ;
    pred:Identification ""3"" ;
    pred:Situation ""3"" ;
    pred:Background_history ""2"" ;
    pred:Background_examination ""2"" ;
    pred:Assessment ""3"" ;
    pred:Recommendation_clear_recommendation ""1"" ;
    pred:Recommendation_global_rating_scale ""1"" ;
    pred:Comments ""Time: (2:36-2:53)
Late response for considering consultation"" .

:Respondent12 a :Person ;
    pred:Date ""2025-05-02"" ;
    pred:SessionName ""IV (VT)"" ;
    pred:Identification ""3"" ;
    pred:Situation ""3"" ;
    pred:Background_history ""2"" ;
    pred:Background_examination ""-1"" ;
    pred:Assessment ""3"" ;
    pred:Recommendation_clear_recommendation ""2"" ;
    pred:Recommendation_global_rating_scale ""3"" ;
    pred:Comments ""Good"" .

Answer: 3

@prefix : <http://example.org/survey#> .
@prefix pred: <http://example.org/predicate#> .

# Questions
:QDate pred:Text ""What is the date of the session? [Open-ended]"" .
:QSessionName pred:Text ""What is the name of the session? [Open-ended]"" .
:QIdentification pred:Text ""Identification of self, role, and patient. [Rubric: 0 = Requires direct prompting, 1 = Introduces themselves but only after a hint, 2 = Introduces themselves but information is incomplete, 3 = Introduces themselves and information is complete]"" .
:QSituation pred:Text ""Identifies the main problem(s). [Rubric: 0 = Unable to identify the main problem(s), 1 = Identifies the main problem(s) after extended prompting, 2 = Identifies the main problem(s) with fewer prompts needed, 3 = Identifies and prioritizes the main problem(s) unprompted]"" .
:QBackground_history pred:Text ""Gives appropriate history. [Rubric: 0 = History is unstructured or non-relevant, 1 = Relevant history but frequent clarification needed, 2 = Relevant history with few further questions needed, 3 = Comprehensive focused history]"" .
:QBackground_examination pred:Text ""Gives appropriate examination/observations. [Rubric: 0 = Observations are omitted or irrelevant, 1 = Observations reported but frequent clarification needed, 2 = Observations reported with few further questions needed, 3 = Comprehensive focused examination/observations]"" .
:QAssessment pred:Text ""Makes logical assessment (correlates problem, history, exam, context). [Rubric: 0 = No logical assessment, 1 = Assessment only after extended questioning, 2 = Assessment after minimal questioning, 3 = Comprehensive logical assessment without questioning]"" .
:QRecommendation_clear_recommendation pred:Text ""Makes a clear recommendation. [Rubric: 0 = No recommendation, 1 = Clear recommendation only after extended questioning, 2 = Clear recommendation after minimal questioning, 3 = Clear comprehensive recommendation without questioning]"" .
:QRecommendation_global_rating_scale pred:Text ""Global Rating Scale (GRS) - How confident am I that I received an accurate picture of the patient? [Rubric: 0 = Not at all confident, 1 = Confident but required extended questioning, 2 = Confident but required some further questioning, 3 = Confident and required little or no questioning]"" .
:QComments pred:Text ""Comments on the session. [Open-ended]"" .

# Responses
:Respondent5 a :Person ;
    pred:Date ""2025-03-14"" ;
    pred:SessionName ""(MI)-VT"" ;
    pred:Identification ""0"" ;
    pred:Situation ""2"" ;
    pred:Background_history ""2"" ;
    pred:Background_examination ""2"" ;
    pred:Assessment ""2"" ;
    pred:Recommendation_clear_recommendation ""2"" ;
    pred:Recommendation_global_rating_scale ""2"" ;
    pred:Comments ""Time: (15:53-16:14)"" .

:Respondent4 a :Person ;
    pred:Date ""2025-03-14"" ;
    pred:SessionName ""I-VF"" ;
    pred:Identification ""3"" ;
    pred:Situation ""3"" ;
    pred:Background_history ""2"" ;
    pred:Background_examination ""1"" ;
    pred:Assessment ""2"" ;
    pred:Recommendation_clear_recommendation ""2"" ;
    pred:Recommendation_global_rating_scale ""2"" ;
    pred:Comments ""Time: (10:29-10:54)
Ventricular fibrillation (CVS)
Lack of communication btween 2 main interns
Further brief to patient, ask patent concerns"" .

:Respondent21 a :Person ;
    pred:Date ""2025-05-16"" ;
    pred:SessionName ""II (Anaphylaxsis)"" ;
    pred:Identification ""3"" ;
    pred:Situation ""3"" ;
    pred:Background_history ""2"" ;
    pred:Background_examination ""2"" ;
    pred:Assessment ""2"" ;
    pred:Recommendation_clear_recommendation ""3"" ;
    pred:Recommendation_global_rating_scale ""2"" ;
    pred:Comments ""Overall a bit unclear communication reflected"" .

You are a meticulous data analyst AI. Your primary function is to accurately analyze structured data and provide precise, verifiable answers.

You will be given a dataset with two key parts:

A 'questions' section: This is your data dictionary or schema. It is the single source of truth for understanding what each field and score means. Refer to it carefully.

A 'responses' section: This contains the raw data from each individual respondent.

To answer the question correctly, you must first use the 'questions' schema to fully understand the context and meaning of the data points within the 'responses'. Do not rely on any prior knowledge outside of this provided data. Base your entire analysis on the information given.

Provide your final answer directly and concisely. Output must be the human-readable value, not an option code.

Rules:
- For MCQ fields, map any letter codes in the Responses (case-insensitive) to the corresponding option text from the Questions schema, and output only that text. Do NOT include the letter or both.
  Example: If the schema is ""[MCQ: A. Abnormal B. Inconclusive C. Normal]"" and the response is ""a"", output ""Abnormal"".
- For open-ended fields, output the exact text value.
- If the question asks for a count, provide only the number (e.g., ""42"").
- If the question asks for a list of names or IDs, provide a simple comma-separated list (e.g., ""17, 21, 23"").
- Preserve capitalization exactly as in the schema (e.g., output ""Abnormal"", not ""abnormal"" or ""A"").

How many respondents participated in session (MI)-VT?",1,True
case_23,conceptual_aggregation,How many respondents have sessions conducted on 2025-05-16?,"@prefix : <http://example.org/survey#> .
@prefix pred: <http://example.org/predicate#> .

# Questions
:QDate pred:Text ""What is the date of the session? [Open-ended]"" .
:QSessionName pred:Text ""What is the name of the session? [Open-ended]"" .
:QIdentification pred:Text ""Identification of self, role, and patient. [Rubric: 0 = Requires direct prompting, 1 = Introduces themselves but only after a hint, 2 = Introduces themselves but information is incomplete, 3 = Introduces themselves and information is complete]"" .
:QSituation pred:Text ""Identifies the main problem(s). [Rubric: 0 = Unable to identify the main problem(s), 1 = Identifies the main problem(s) after extended prompting, 2 = Identifies the main problem(s) with fewer prompts needed, 3 = Identifies and prioritizes the main problem(s) unprompted]"" .
:QBackground_history pred:Text ""Gives appropriate history. [Rubric: 0 = History is unstructured or non-relevant, 1 = Relevant history but frequent clarification needed, 2 = Relevant history with few further questions needed, 3 = Comprehensive focused history]"" .
:QBackground_examination pred:Text ""Gives appropriate examination/observations. [Rubric: 0 = Observations are omitted or irrelevant, 1 = Observations reported but frequent clarification needed, 2 = Observations reported with few further questions needed, 3 = Comprehensive focused examination/observations]"" .
:QAssessment pred:Text ""Makes logical assessment (correlates problem, history, exam, context). [Rubric: 0 = No logical assessment, 1 = Assessment only after extended questioning, 2 = Assessment after minimal questioning, 3 = Comprehensive logical assessment without questioning]"" .
:QRecommendation_clear_recommendation pred:Text ""Makes a clear recommendation. [Rubric: 0 = No recommendation, 1 = Clear recommendation only after extended questioning, 2 = Clear recommendation after minimal questioning, 3 = Clear comprehensive recommendation without questioning]"" .
:QRecommendation_global_rating_scale pred:Text ""Global Rating Scale (GRS) - How confident am I that I received an accurate picture of the patient? [Rubric: 0 = Not at all confident, 1 = Confident but required extended questioning, 2 = Confident but required some further questioning, 3 = Confident and required little or no questioning]"" .
:QComments pred:Text ""Comments on the session. [Open-ended]"" .

# Responses
:Respondent20 a :Person ;
    pred:Date ""2025-05-16"" ;
    pred:SessionName ""III (Sepsis)"" ;
    pred:Identification ""3"" ;
    pred:Situation ""3"" ;
    pred:Background_history ""3"" ;
    pred:Background_examination ""2"" ;
    pred:Assessment ""2"" ;
    pred:Recommendation_clear_recommendation ""2"" ;
    pred:Recommendation_global_rating_scale ""2"" ;
    pred:Comments ""Clinical handover and communication skills, satisfactory
No panic, no arrest team
Satisfactory"" .

:Respondent5 a :Person ;
    pred:Date ""2025-03-14"" ;
    pred:SessionName ""(MI)-VT"" ;
    pred:Identification ""0"" ;
    pred:Situation ""2"" ;
    pred:Background_history ""2"" ;
    pred:Background_examination ""2"" ;
    pred:Assessment ""2"" ;
    pred:Recommendation_clear_recommendation ""2"" ;
    pred:Recommendation_global_rating_scale ""2"" ;
    pred:Comments ""Time: (15:53-16:14)"" .

:Respondent17 a :Person ;
    pred:Date ""2025-05-04"" ;
    pred:SessionName ""IV - VT"" ;
    pred:Identification ""3"" ;
    pred:Situation ""3"" ;
    pred:Background_history ""2"" ;
    pred:Background_examination ""2"" ;
    pred:Assessment ""3"" ;
    pred:Recommendation_clear_recommendation ""2"" ;
    pred:Recommendation_global_rating_scale ""2"" ;
    pred:Comments ""Not very concise or clear communication
Satisfactory"" .

:Respondent23 a :Person ;
    pred:Date ""2025-05-16"" ;
    pred:SessionName ""I (Myocardial infarction)"" ;
    pred:Identification ""3"" ;
    pred:Situation ""2"" ;
    pred:Background_history ""3"" ;
    pred:Background_examination ""1"" ;
    pred:Assessment ""2"" ;
    pred:Recommendation_clear_recommendation ""3"" ;
    pred:Recommendation_global_rating_scale ""3"" ;
    pred:Comments ""Diagnostic clarity is present
Good and early assessment of condition is done"" .

:Respondent9 a :Person ;
    pred:Date ""2025-04-04"" ;
    pred:SessionName ""MI"" ;
    pred:Identification ""2"" ;
    pred:Situation ""3"" ;
    pred:Background_history ""2"" ;
    pred:Background_examination ""3"" ;
    pred:Assessment ""3"" ;
    pred:Recommendation_clear_recommendation ""2"" ;
    pred:Recommendation_global_rating_scale ""2"" ;
    pred:Comments """" .

:Respondent14 a :Person ;
    pred:Date ""2025-05-02"" ;
    pred:SessionName ""V (Hypoglycemia)"" ;
    pred:Identification ""3"" ;
    pred:Situation ""2"" ;
    pred:Background_history ""2"" ;
    pred:Background_examination ""2"" ;
    pred:Assessment ""3"" ;
    pred:Recommendation_clear_recommendation ""2"" ;
    pred:Recommendation_global_rating_scale ""3"" ;
    pred:Comments ""Satisfactory"" .

:Respondent11 a :Person ;
    pred:Date ""2025-05-02"" ;
    pred:SessionName ""II (Anaphylaxis)"" ;
    pred:Identification ""3"" ;
    pred:Situation ""3"" ;
    pred:Background_history ""3"" ;
    pred:Background_examination ""3"" ;
    pred:Assessment ""2"" ;
    pred:Recommendation_clear_recommendation ""3"" ;
    pred:Recommendation_global_rating_scale ""3"" ;
    pred:Comments ""Good"" .

:Respondent4 a :Person ;
    pred:Date ""2025-03-14"" ;
    pred:SessionName ""I-VF"" ;
    pred:Identification ""3"" ;
    pred:Situation ""3"" ;
    pred:Background_history ""2"" ;
    pred:Background_examination ""1"" ;
    pred:Assessment ""2"" ;
    pred:Recommendation_clear_recommendation ""2"" ;
    pred:Recommendation_global_rating_scale ""2"" ;
    pred:Comments ""Time: (10:29-10:54)
Ventricular fibrillation (CVS)
Lack of communication btween 2 main interns
Further brief to patient, ask patent concerns"" .

",2,"How many respondents have Identification score of 3?

DATA:

@prefix : <http://example.org/survey#> .
@prefix pred: <http://example.org/predicate#> .

# Questions
:QDate pred:Text ""What is the date of the session? [Open-ended]"" .
:QSessionName pred:Text ""What is the name of the session? [Open-ended]"" .
:QIdentification pred:Text ""Identification of self, role, and patient. [Rubric: 0 = Requires direct prompting, 1 = Introduces themselves but only after a hint, 2 = Introduces themselves but information is incomplete, 3 = Introduces themselves and information is complete]"" .
:QSituation pred:Text ""Identifies the main problem(s). [Rubric: 0 = Unable to identify the main problem(s), 1 = Identifies the main problem(s) after extended prompting, 2 = Identifies the main problem(s) with fewer prompts needed, 3 = Identifies and prioritizes the main problem(s) unprompted]"" .
:QBackground_history pred:Text ""Gives appropriate history. [Rubric: 0 = History is unstructured or non-relevant, 1 = Relevant history but frequent clarification needed, 2 = Relevant history with few further questions needed, 3 = Comprehensive focused history]"" .
:QBackground_examination pred:Text ""Gives appropriate examination/observations. [Rubric: 0 = Observations are omitted or irrelevant, 1 = Observations reported but frequent clarification needed, 2 = Observations reported with few further questions needed, 3 = Comprehensive focused examination/observations]"" .
:QAssessment pred:Text ""Makes logical assessment (correlates problem, history, exam, context). [Rubric: 0 = No logical assessment, 1 = Assessment only after extended questioning, 2 = Assessment after minimal questioning, 3 = Comprehensive logical assessment without questioning]"" .
:QRecommendation_clear_recommendation pred:Text ""Makes a clear recommendation. [Rubric: 0 = No recommendation, 1 = Clear recommendation only after extended questioning, 2 = Clear recommendation after minimal questioning, 3 = Clear comprehensive recommendation without questioning]"" .
:QRecommendation_global_rating_scale pred:Text ""Global Rating Scale (GRS) - How confident am I that I received an accurate picture of the patient? [Rubric: 0 = Not at all confident, 1 = Confident but required extended questioning, 2 = Confident but required some further questioning, 3 = Confident and required little or no questioning]"" .
:QComments pred:Text ""Comments on the session. [Open-ended]"" .

# Responses
:Respondent2 a :Person ;
    pred:Date ""2025-03-14"" ;
    pred:SessionName ""II-Anaphylaxsis"" ;
    pred:Identification ""3"" ;
    pred:Situation ""3"" ;
    pred:Background_history ""2"" ;
    pred:Background_examination ""2"" ;
    pred:Assessment ""3"" ;
    pred:Recommendation_clear_recommendation ""3"" ;
    pred:Recommendation_global_rating_scale ""3"" ;
    pred:Comments ""Time: (11:43-11:58)
Talking to registrav could not summarize the condition of patient very clearly
DID: Sepsis I Anaphylaxsis given by team"" .

:Respondent17 a :Person ;
    pred:Date ""2025-05-04"" ;
    pred:SessionName ""IV - VT"" ;
    pred:Identification ""3"" ;
    pred:Situation ""3"" ;
    pred:Background_history ""2"" ;
    pred:Background_examination ""2"" ;
    pred:Assessment ""3"" ;
    pred:Recommendation_clear_recommendation ""2"" ;
    pred:Recommendation_global_rating_scale ""2"" ;
    pred:Comments ""Not very concise or clear communication
Satisfactory"" .

:Respondent3 a :Person ;
    pred:Date ""2025-03-14"" ;
    pred:SessionName ""IV-Hypoglycemia"" ;
    pred:Identification ""3"" ;
    pred:Situation ""3"" ;
    pred:Background_history ""2"" ;
    pred:Background_examination ""2"" ;
    pred:Assessment ""3"" ;
    pred:Recommendation_clear_recommendation ""1"" ;
    pred:Recommendation_global_rating_scale ""1"" ;
    pred:Comments ""Time: (2:36-2:53)
Late response for considering consultation"" .

:Respondent12 a :Person ;
    pred:Date ""2025-05-02"" ;
    pred:SessionName ""IV (VT)"" ;
    pred:Identification ""3"" ;
    pred:Situation ""3"" ;
    pred:Background_history ""2"" ;
    pred:Background_examination ""-1"" ;
    pred:Assessment ""3"" ;
    pred:Recommendation_clear_recommendation ""2"" ;
    pred:Recommendation_global_rating_scale ""3"" ;
    pred:Comments ""Good"" .

Answer: 3

@prefix : <http://example.org/survey#> .
@prefix pred: <http://example.org/predicate#> .

# Questions
:QDate pred:Text ""What is the date of the session? [Open-ended]"" .
:QSessionName pred:Text ""What is the name of the session? [Open-ended]"" .
:QIdentification pred:Text ""Identification of self, role, and patient. [Rubric: 0 = Requires direct prompting, 1 = Introduces themselves but only after a hint, 2 = Introduces themselves but information is incomplete, 3 = Introduces themselves and information is complete]"" .
:QSituation pred:Text ""Identifies the main problem(s). [Rubric: 0 = Unable to identify the main problem(s), 1 = Identifies the main problem(s) after extended prompting, 2 = Identifies the main problem(s) with fewer prompts needed, 3 = Identifies and prioritizes the main problem(s) unprompted]"" .
:QBackground_history pred:Text ""Gives appropriate history. [Rubric: 0 = History is unstructured or non-relevant, 1 = Relevant history but frequent clarification needed, 2 = Relevant history with few further questions needed, 3 = Comprehensive focused history]"" .
:QBackground_examination pred:Text ""Gives appropriate examination/observations. [Rubric: 0 = Observations are omitted or irrelevant, 1 = Observations reported but frequent clarification needed, 2 = Observations reported with few further questions needed, 3 = Comprehensive focused examination/observations]"" .
:QAssessment pred:Text ""Makes logical assessment (correlates problem, history, exam, context). [Rubric: 0 = No logical assessment, 1 = Assessment only after extended questioning, 2 = Assessment after minimal questioning, 3 = Comprehensive logical assessment without questioning]"" .
:QRecommendation_clear_recommendation pred:Text ""Makes a clear recommendation. [Rubric: 0 = No recommendation, 1 = Clear recommendation only after extended questioning, 2 = Clear recommendation after minimal questioning, 3 = Clear comprehensive recommendation without questioning]"" .
:QRecommendation_global_rating_scale pred:Text ""Global Rating Scale (GRS) - How confident am I that I received an accurate picture of the patient? [Rubric: 0 = Not at all confident, 1 = Confident but required extended questioning, 2 = Confident but required some further questioning, 3 = Confident and required little or no questioning]"" .
:QComments pred:Text ""Comments on the session. [Open-ended]"" .

# Responses
:Respondent20 a :Person ;
    pred:Date ""2025-05-16"" ;
    pred:SessionName ""III (Sepsis)"" ;
    pred:Identification ""3"" ;
    pred:Situation ""3"" ;
    pred:Background_history ""3"" ;
    pred:Background_examination ""2"" ;
    pred:Assessment ""2"" ;
    pred:Recommendation_clear_recommendation ""2"" ;
    pred:Recommendation_global_rating_scale ""2"" ;
    pred:Comments ""Clinical handover and communication skills, satisfactory
No panic, no arrest team
Satisfactory"" .

:Respondent5 a :Person ;
    pred:Date ""2025-03-14"" ;
    pred:SessionName ""(MI)-VT"" ;
    pred:Identification ""0"" ;
    pred:Situation ""2"" ;
    pred:Background_history ""2"" ;
    pred:Background_examination ""2"" ;
    pred:Assessment ""2"" ;
    pred:Recommendation_clear_recommendation ""2"" ;
    pred:Recommendation_global_rating_scale ""2"" ;
    pred:Comments ""Time: (15:53-16:14)"" .

:Respondent17 a :Person ;
    pred:Date ""2025-05-04"" ;
    pred:SessionName ""IV - VT"" ;
    pred:Identification ""3"" ;
    pred:Situation ""3"" ;
    pred:Background_history ""2"" ;
    pred:Background_examination ""2"" ;
    pred:Assessment ""3"" ;
    pred:Recommendation_clear_recommendation ""2"" ;
    pred:Recommendation_global_rating_scale ""2"" ;
    pred:Comments ""Not very concise or clear communication
Satisfactory"" .

:Respondent23 a :Person ;
    pred:Date ""2025-05-16"" ;
    pred:SessionName ""I (Myocardial infarction)"" ;
    pred:Identification ""3"" ;
    pred:Situation ""2"" ;
    pred:Background_history ""3"" ;
    pred:Background_examination ""1"" ;
    pred:Assessment ""2"" ;
    pred:Recommendation_clear_recommendation ""3"" ;
    pred:Recommendation_global_rating_scale ""3"" ;
    pred:Comments ""Diagnostic clarity is present
Good and early assessment of condition is done"" .

:Respondent9 a :Person ;
    pred:Date ""2025-04-04"" ;
    pred:SessionName ""MI"" ;
    pred:Identification ""2"" ;
    pred:Situation ""3"" ;
    pred:Background_history ""2"" ;
    pred:Background_examination ""3"" ;
    pred:Assessment ""3"" ;
    pred:Recommendation_clear_recommendation ""2"" ;
    pred:Recommendation_global_rating_scale ""2"" ;
    pred:Comments """" .

:Respondent14 a :Person ;
    pred:Date ""2025-05-02"" ;
    pred:SessionName ""V (Hypoglycemia)"" ;
    pred:Identification ""3"" ;
    pred:Situation ""2"" ;
    pred:Background_history ""2"" ;
    pred:Background_examination ""2"" ;
    pred:Assessment ""3"" ;
    pred:Recommendation_clear_recommendation ""2"" ;
    pred:Recommendation_global_rating_scale ""3"" ;
    pred:Comments ""Satisfactory"" .

:Respondent11 a :Person ;
    pred:Date ""2025-05-02"" ;
    pred:SessionName ""II (Anaphylaxis)"" ;
    pred:Identification ""3"" ;
    pred:Situation ""3"" ;
    pred:Background_history ""3"" ;
    pred:Background_examination ""3"" ;
    pred:Assessment ""2"" ;
    pred:Recommendation_clear_recommendation ""3"" ;
    pred:Recommendation_global_rating_scale ""3"" ;
    pred:Comments ""Good"" .

:Respondent4 a :Person ;
    pred:Date ""2025-03-14"" ;
    pred:SessionName ""I-VF"" ;
    pred:Identification ""3"" ;
    pred:Situation ""3"" ;
    pred:Background_history ""2"" ;
    pred:Background_examination ""1"" ;
    pred:Assessment ""2"" ;
    pred:Recommendation_clear_recommendation ""2"" ;
    pred:Recommendation_global_rating_scale ""2"" ;
    pred:Comments ""Time: (10:29-10:54)
Ventricular fibrillation (CVS)
Lack of communication btween 2 main interns
Further brief to patient, ask patent concerns"" .

You are a meticulous data analyst AI. Your primary function is to accurately analyze structured data and provide precise, verifiable answers.

You will be given a dataset with two key parts:

A 'questions' section: This is your data dictionary or schema. It is the single source of truth for understanding what each field and score means. Refer to it carefully.

A 'responses' section: This contains the raw data from each individual respondent.

To answer the question correctly, you must first use the 'questions' schema to fully understand the context and meaning of the data points within the 'responses'. Do not rely on any prior knowledge outside of this provided data. Base your entire analysis on the information given.

Provide your final answer directly and concisely. Output must be the human-readable value, not an option code.

Rules:
- For MCQ fields, map any letter codes in the Responses (case-insensitive) to the corresponding option text from the Questions schema, and output only that text. Do NOT include the letter or both.
  Example: If the schema is ""[MCQ: A. Abnormal B. Inconclusive C. Normal]"" and the response is ""a"", output ""Abnormal"".
- For open-ended fields, output the exact text value.
- If the question asks for a count, provide only the number (e.g., ""42"").
- If the question asks for a list of names or IDs, provide a simple comma-separated list (e.g., ""17, 21, 23"").
- Preserve capitalization exactly as in the schema (e.g., output ""Abnormal"", not ""abnormal"" or ""A"").

How many respondents have sessions conducted on 2025-05-16?",2,True
case_24,conceptual_aggregation,How many respondents have Recommendation (clear recommendation) score of 3?,"@prefix : <http://example.org/survey#> .
@prefix pred: <http://example.org/predicate#> .

# Questions
:QDate pred:Text ""What is the date of the session? [Open-ended]"" .
:QSessionName pred:Text ""What is the name of the session? [Open-ended]"" .
:QIdentification pred:Text ""Identification of self, role, and patient. [Rubric: 0 = Requires direct prompting, 1 = Introduces themselves but only after a hint, 2 = Introduces themselves but information is incomplete, 3 = Introduces themselves and information is complete]"" .
:QSituation pred:Text ""Identifies the main problem(s). [Rubric: 0 = Unable to identify the main problem(s), 1 = Identifies the main problem(s) after extended prompting, 2 = Identifies the main problem(s) with fewer prompts needed, 3 = Identifies and prioritizes the main problem(s) unprompted]"" .
:QBackground_history pred:Text ""Gives appropriate history. [Rubric: 0 = History is unstructured or non-relevant, 1 = Relevant history but frequent clarification needed, 2 = Relevant history with few further questions needed, 3 = Comprehensive focused history]"" .
:QBackground_examination pred:Text ""Gives appropriate examination/observations. [Rubric: 0 = Observations are omitted or irrelevant, 1 = Observations reported but frequent clarification needed, 2 = Observations reported with few further questions needed, 3 = Comprehensive focused examination/observations]"" .
:QAssessment pred:Text ""Makes logical assessment (correlates problem, history, exam, context). [Rubric: 0 = No logical assessment, 1 = Assessment only after extended questioning, 2 = Assessment after minimal questioning, 3 = Comprehensive logical assessment without questioning]"" .
:QRecommendation_clear_recommendation pred:Text ""Makes a clear recommendation. [Rubric: 0 = No recommendation, 1 = Clear recommendation only after extended questioning, 2 = Clear recommendation after minimal questioning, 3 = Clear comprehensive recommendation without questioning]"" .
:QRecommendation_global_rating_scale pred:Text ""Global Rating Scale (GRS) - How confident am I that I received an accurate picture of the patient? [Rubric: 0 = Not at all confident, 1 = Confident but required extended questioning, 2 = Confident but required some further questioning, 3 = Confident and required little or no questioning]"" .
:QComments pred:Text ""Comments on the session. [Open-ended]"" .

# Responses
:Respondent11 a :Person ;
    pred:Date ""2025-05-02"" ;
    pred:SessionName ""II (Anaphylaxis)"" ;
    pred:Identification ""3"" ;
    pred:Situation ""3"" ;
    pred:Background_history ""3"" ;
    pred:Background_examination ""3"" ;
    pred:Assessment ""2"" ;
    pred:Recommendation_clear_recommendation ""3"" ;
    pred:Recommendation_global_rating_scale ""3"" ;
    pred:Comments ""Good"" .

:Respondent20 a :Person ;
    pred:Date ""2025-05-16"" ;
    pred:SessionName ""III (Sepsis)"" ;
    pred:Identification ""3"" ;
    pred:Situation ""3"" ;
    pred:Background_history ""3"" ;
    pred:Background_examination ""2"" ;
    pred:Assessment ""2"" ;
    pred:Recommendation_clear_recommendation ""2"" ;
    pred:Recommendation_global_rating_scale ""2"" ;
    pred:Comments ""Clinical handover and communication skills, satisfactory
No panic, no arrest team
Satisfactory"" .

:Respondent15 a :Person ;
    pred:Date ""2025-05-04"" ;
    pred:SessionName ""III - Sepsis"" ;
    pred:Identification ""3"" ;
    pred:Situation ""3"" ;
    pred:Background_history ""2"" ;
    pred:Background_examination ""3"" ;
    pred:Assessment ""2"" ;
    pred:Recommendation_clear_recommendation ""2"" ;
    pred:Recommendation_global_rating_scale ""2"" ;
    pred:Comments ""Detailed Response - clear communication"" .

",1,"How many respondents have Identification score of 3?

DATA:

@prefix : <http://example.org/survey#> .
@prefix pred: <http://example.org/predicate#> .

# Questions
:QDate pred:Text ""What is the date of the session? [Open-ended]"" .
:QSessionName pred:Text ""What is the name of the session? [Open-ended]"" .
:QIdentification pred:Text ""Identification of self, role, and patient. [Rubric: 0 = Requires direct prompting, 1 = Introduces themselves but only after a hint, 2 = Introduces themselves but information is incomplete, 3 = Introduces themselves and information is complete]"" .
:QSituation pred:Text ""Identifies the main problem(s). [Rubric: 0 = Unable to identify the main problem(s), 1 = Identifies the main problem(s) after extended prompting, 2 = Identifies the main problem(s) with fewer prompts needed, 3 = Identifies and prioritizes the main problem(s) unprompted]"" .
:QBackground_history pred:Text ""Gives appropriate history. [Rubric: 0 = History is unstructured or non-relevant, 1 = Relevant history but frequent clarification needed, 2 = Relevant history with few further questions needed, 3 = Comprehensive focused history]"" .
:QBackground_examination pred:Text ""Gives appropriate examination/observations. [Rubric: 0 = Observations are omitted or irrelevant, 1 = Observations reported but frequent clarification needed, 2 = Observations reported with few further questions needed, 3 = Comprehensive focused examination/observations]"" .
:QAssessment pred:Text ""Makes logical assessment (correlates problem, history, exam, context). [Rubric: 0 = No logical assessment, 1 = Assessment only after extended questioning, 2 = Assessment after minimal questioning, 3 = Comprehensive logical assessment without questioning]"" .
:QRecommendation_clear_recommendation pred:Text ""Makes a clear recommendation. [Rubric: 0 = No recommendation, 1 = Clear recommendation only after extended questioning, 2 = Clear recommendation after minimal questioning, 3 = Clear comprehensive recommendation without questioning]"" .
:QRecommendation_global_rating_scale pred:Text ""Global Rating Scale (GRS) - How confident am I that I received an accurate picture of the patient? [Rubric: 0 = Not at all confident, 1 = Confident but required extended questioning, 2 = Confident but required some further questioning, 3 = Confident and required little or no questioning]"" .
:QComments pred:Text ""Comments on the session. [Open-ended]"" .

# Responses
:Respondent2 a :Person ;
    pred:Date ""2025-03-14"" ;
    pred:SessionName ""II-Anaphylaxsis"" ;
    pred:Identification ""3"" ;
    pred:Situation ""3"" ;
    pred:Background_history ""2"" ;
    pred:Background_examination ""2"" ;
    pred:Assessment ""3"" ;
    pred:Recommendation_clear_recommendation ""3"" ;
    pred:Recommendation_global_rating_scale ""3"" ;
    pred:Comments ""Time: (11:43-11:58)
Talking to registrav could not summarize the condition of patient very clearly
DID: Sepsis I Anaphylaxsis given by team"" .

:Respondent17 a :Person ;
    pred:Date ""2025-05-04"" ;
    pred:SessionName ""IV - VT"" ;
    pred:Identification ""3"" ;
    pred:Situation ""3"" ;
    pred:Background_history ""2"" ;
    pred:Background_examination ""2"" ;
    pred:Assessment ""3"" ;
    pred:Recommendation_clear_recommendation ""2"" ;
    pred:Recommendation_global_rating_scale ""2"" ;
    pred:Comments ""Not very concise or clear communication
Satisfactory"" .

:Respondent3 a :Person ;
    pred:Date ""2025-03-14"" ;
    pred:SessionName ""IV-Hypoglycemia"" ;
    pred:Identification ""3"" ;
    pred:Situation ""3"" ;
    pred:Background_history ""2"" ;
    pred:Background_examination ""2"" ;
    pred:Assessment ""3"" ;
    pred:Recommendation_clear_recommendation ""1"" ;
    pred:Recommendation_global_rating_scale ""1"" ;
    pred:Comments ""Time: (2:36-2:53)
Late response for considering consultation"" .

:Respondent12 a :Person ;
    pred:Date ""2025-05-02"" ;
    pred:SessionName ""IV (VT)"" ;
    pred:Identification ""3"" ;
    pred:Situation ""3"" ;
    pred:Background_history ""2"" ;
    pred:Background_examination ""-1"" ;
    pred:Assessment ""3"" ;
    pred:Recommendation_clear_recommendation ""2"" ;
    pred:Recommendation_global_rating_scale ""3"" ;
    pred:Comments ""Good"" .

Answer: 3

@prefix : <http://example.org/survey#> .
@prefix pred: <http://example.org/predicate#> .

# Questions
:QDate pred:Text ""What is the date of the session? [Open-ended]"" .
:QSessionName pred:Text ""What is the name of the session? [Open-ended]"" .
:QIdentification pred:Text ""Identification of self, role, and patient. [Rubric: 0 = Requires direct prompting, 1 = Introduces themselves but only after a hint, 2 = Introduces themselves but information is incomplete, 3 = Introduces themselves and information is complete]"" .
:QSituation pred:Text ""Identifies the main problem(s). [Rubric: 0 = Unable to identify the main problem(s), 1 = Identifies the main problem(s) after extended prompting, 2 = Identifies the main problem(s) with fewer prompts needed, 3 = Identifies and prioritizes the main problem(s) unprompted]"" .
:QBackground_history pred:Text ""Gives appropriate history. [Rubric: 0 = History is unstructured or non-relevant, 1 = Relevant history but frequent clarification needed, 2 = Relevant history with few further questions needed, 3 = Comprehensive focused history]"" .
:QBackground_examination pred:Text ""Gives appropriate examination/observations. [Rubric: 0 = Observations are omitted or irrelevant, 1 = Observations reported but frequent clarification needed, 2 = Observations reported with few further questions needed, 3 = Comprehensive focused examination/observations]"" .
:QAssessment pred:Text ""Makes logical assessment (correlates problem, history, exam, context). [Rubric: 0 = No logical assessment, 1 = Assessment only after extended questioning, 2 = Assessment after minimal questioning, 3 = Comprehensive logical assessment without questioning]"" .
:QRecommendation_clear_recommendation pred:Text ""Makes a clear recommendation. [Rubric: 0 = No recommendation, 1 = Clear recommendation only after extended questioning, 2 = Clear recommendation after minimal questioning, 3 = Clear comprehensive recommendation without questioning]"" .
:QRecommendation_global_rating_scale pred:Text ""Global Rating Scale (GRS) - How confident am I that I received an accurate picture of the patient? [Rubric: 0 = Not at all confident, 1 = Confident but required extended questioning, 2 = Confident but required some further questioning, 3 = Confident and required little or no questioning]"" .
:QComments pred:Text ""Comments on the session. [Open-ended]"" .

# Responses
:Respondent11 a :Person ;
    pred:Date ""2025-05-02"" ;
    pred:SessionName ""II (Anaphylaxis)"" ;
    pred:Identification ""3"" ;
    pred:Situation ""3"" ;
    pred:Background_history ""3"" ;
    pred:Background_examination ""3"" ;
    pred:Assessment ""2"" ;
    pred:Recommendation_clear_recommendation ""3"" ;
    pred:Recommendation_global_rating_scale ""3"" ;
    pred:Comments ""Good"" .

:Respondent20 a :Person ;
    pred:Date ""2025-05-16"" ;
    pred:SessionName ""III (Sepsis)"" ;
    pred:Identification ""3"" ;
    pred:Situation ""3"" ;
    pred:Background_history ""3"" ;
    pred:Background_examination ""2"" ;
    pred:Assessment ""2"" ;
    pred:Recommendation_clear_recommendation ""2"" ;
    pred:Recommendation_global_rating_scale ""2"" ;
    pred:Comments ""Clinical handover and communication skills, satisfactory
No panic, no arrest team
Satisfactory"" .

:Respondent15 a :Person ;
    pred:Date ""2025-05-04"" ;
    pred:SessionName ""III - Sepsis"" ;
    pred:Identification ""3"" ;
    pred:Situation ""3"" ;
    pred:Background_history ""2"" ;
    pred:Background_examination ""3"" ;
    pred:Assessment ""2"" ;
    pred:Recommendation_clear_recommendation ""2"" ;
    pred:Recommendation_global_rating_scale ""2"" ;
    pred:Comments ""Detailed Response - clear communication"" .

You are a meticulous data analyst AI. Your primary function is to accurately analyze structured data and provide precise, verifiable answers.

You will be given a dataset with two key parts:

A 'questions' section: This is your data dictionary or schema. It is the single source of truth for understanding what each field and score means. Refer to it carefully.

A 'responses' section: This contains the raw data from each individual respondent.

To answer the question correctly, you must first use the 'questions' schema to fully understand the context and meaning of the data points within the 'responses'. Do not rely on any prior knowledge outside of this provided data. Base your entire analysis on the information given.

Provide your final answer directly and concisely. Output must be the human-readable value, not an option code.

Rules:
- For MCQ fields, map any letter codes in the Responses (case-insensitive) to the corresponding option text from the Questions schema, and output only that text. Do NOT include the letter or both.
  Example: If the schema is ""[MCQ: A. Abnormal B. Inconclusive C. Normal]"" and the response is ""a"", output ""Abnormal"".
- For open-ended fields, output the exact text value.
- If the question asks for a count, provide only the number (e.g., ""42"").
- If the question asks for a list of names or IDs, provide a simple comma-separated list (e.g., ""17, 21, 23"").
- Preserve capitalization exactly as in the schema (e.g., output ""Abnormal"", not ""abnormal"" or ""A"").

How many respondents have Recommendation (clear recommendation) score of 3?",2,False
case_25,conceptual_aggregation,How many respondents participated in session MI?,"@prefix : <http://example.org/survey#> .
@prefix pred: <http://example.org/predicate#> .

# Questions
:QDate pred:Text ""What is the date of the session? [Open-ended]"" .
:QSessionName pred:Text ""What is the name of the session? [Open-ended]"" .
:QIdentification pred:Text ""Identification of self, role, and patient. [Rubric: 0 = Requires direct prompting, 1 = Introduces themselves but only after a hint, 2 = Introduces themselves but information is incomplete, 3 = Introduces themselves and information is complete]"" .
:QSituation pred:Text ""Identifies the main problem(s). [Rubric: 0 = Unable to identify the main problem(s), 1 = Identifies the main problem(s) after extended prompting, 2 = Identifies the main problem(s) with fewer prompts needed, 3 = Identifies and prioritizes the main problem(s) unprompted]"" .
:QBackground_history pred:Text ""Gives appropriate history. [Rubric: 0 = History is unstructured or non-relevant, 1 = Relevant history but frequent clarification needed, 2 = Relevant history with few further questions needed, 3 = Comprehensive focused history]"" .
:QBackground_examination pred:Text ""Gives appropriate examination/observations. [Rubric: 0 = Observations are omitted or irrelevant, 1 = Observations reported but frequent clarification needed, 2 = Observations reported with few further questions needed, 3 = Comprehensive focused examination/observations]"" .
:QAssessment pred:Text ""Makes logical assessment (correlates problem, history, exam, context). [Rubric: 0 = No logical assessment, 1 = Assessment only after extended questioning, 2 = Assessment after minimal questioning, 3 = Comprehensive logical assessment without questioning]"" .
:QRecommendation_clear_recommendation pred:Text ""Makes a clear recommendation. [Rubric: 0 = No recommendation, 1 = Clear recommendation only after extended questioning, 2 = Clear recommendation after minimal questioning, 3 = Clear comprehensive recommendation without questioning]"" .
:QRecommendation_global_rating_scale pred:Text ""Global Rating Scale (GRS) - How confident am I that I received an accurate picture of the patient? [Rubric: 0 = Not at all confident, 1 = Confident but required extended questioning, 2 = Confident but required some further questioning, 3 = Confident and required little or no questioning]"" .
:QComments pred:Text ""Comments on the session. [Open-ended]"" .

# Responses
:Respondent9 a :Person ;
    pred:Date ""2025-04-04"" ;
    pred:SessionName ""MI"" ;
    pred:Identification ""2"" ;
    pred:Situation ""3"" ;
    pred:Background_history ""2"" ;
    pred:Background_examination ""3"" ;
    pred:Assessment ""3"" ;
    pred:Recommendation_clear_recommendation ""2"" ;
    pred:Recommendation_global_rating_scale ""2"" ;
    pred:Comments """" .

:Respondent22 a :Person ;
    pred:Date ""2025-05-16"" ;
    pred:SessionName ""IV (VT)"" ;
    pred:Identification ""3"" ;
    pred:Situation ""3"" ;
    pred:Background_history ""3"" ;
    pred:Background_examination ""3"" ;
    pred:Assessment ""2"" ;
    pred:Recommendation_clear_recommendation ""2"" ;
    pred:Recommendation_global_rating_scale ""3"" ;
    pred:Comments ""Clear communication skills
Good"" .

:Respondent8 a :Person ;
    pred:Date ""2025-04-04"" ;
    pred:SessionName ""IV (AF)"" ;
    pred:Identification ""3"" ;
    pred:Situation ""3"" ;
    pred:Background_history ""3"" ;
    pred:Background_examination ""3"" ;
    pred:Assessment ""3"" ;
    pred:Recommendation_clear_recommendation ""3"" ;
    pred:Recommendation_global_rating_scale ""3"" ;
    pred:Comments ""Clear communication and handover"" .

:Respondent3 a :Person ;
    pred:Date ""2025-03-14"" ;
    pred:SessionName ""IV-Hypoglycemia"" ;
    pred:Identification ""3"" ;
    pred:Situation ""3"" ;
    pred:Background_history ""2"" ;
    pred:Background_examination ""2"" ;
    pred:Assessment ""3"" ;
    pred:Recommendation_clear_recommendation ""1"" ;
    pred:Recommendation_global_rating_scale ""1"" ;
    pred:Comments ""Time: (2:36-2:53)
Late response for considering consultation"" .

:Respondent5 a :Person ;
    pred:Date ""2025-03-14"" ;
    pred:SessionName ""(MI)-VT"" ;
    pred:Identification ""0"" ;
    pred:Situation ""2"" ;
    pred:Background_history ""2"" ;
    pred:Background_examination ""2"" ;
    pred:Assessment ""2"" ;
    pred:Recommendation_clear_recommendation ""2"" ;
    pred:Recommendation_global_rating_scale ""2"" ;
    pred:Comments ""Time: (15:53-16:14)"" .

",3,"How many respondents have Identification score of 3?

DATA:

@prefix : <http://example.org/survey#> .
@prefix pred: <http://example.org/predicate#> .

# Questions
:QDate pred:Text ""What is the date of the session? [Open-ended]"" .
:QSessionName pred:Text ""What is the name of the session? [Open-ended]"" .
:QIdentification pred:Text ""Identification of self, role, and patient. [Rubric: 0 = Requires direct prompting, 1 = Introduces themselves but only after a hint, 2 = Introduces themselves but information is incomplete, 3 = Introduces themselves and information is complete]"" .
:QSituation pred:Text ""Identifies the main problem(s). [Rubric: 0 = Unable to identify the main problem(s), 1 = Identifies the main problem(s) after extended prompting, 2 = Identifies the main problem(s) with fewer prompts needed, 3 = Identifies and prioritizes the main problem(s) unprompted]"" .
:QBackground_history pred:Text ""Gives appropriate history. [Rubric: 0 = History is unstructured or non-relevant, 1 = Relevant history but frequent clarification needed, 2 = Relevant history with few further questions needed, 3 = Comprehensive focused history]"" .
:QBackground_examination pred:Text ""Gives appropriate examination/observations. [Rubric: 0 = Observations are omitted or irrelevant, 1 = Observations reported but frequent clarification needed, 2 = Observations reported with few further questions needed, 3 = Comprehensive focused examination/observations]"" .
:QAssessment pred:Text ""Makes logical assessment (correlates problem, history, exam, context). [Rubric: 0 = No logical assessment, 1 = Assessment only after extended questioning, 2 = Assessment after minimal questioning, 3 = Comprehensive logical assessment without questioning]"" .
:QRecommendation_clear_recommendation pred:Text ""Makes a clear recommendation. [Rubric: 0 = No recommendation, 1 = Clear recommendation only after extended questioning, 2 = Clear recommendation after minimal questioning, 3 = Clear comprehensive recommendation without questioning]"" .
:QRecommendation_global_rating_scale pred:Text ""Global Rating Scale (GRS) - How confident am I that I received an accurate picture of the patient? [Rubric: 0 = Not at all confident, 1 = Confident but required extended questioning, 2 = Confident but required some further questioning, 3 = Confident and required little or no questioning]"" .
:QComments pred:Text ""Comments on the session. [Open-ended]"" .

# Responses
:Respondent2 a :Person ;
    pred:Date ""2025-03-14"" ;
    pred:SessionName ""II-Anaphylaxsis"" ;
    pred:Identification ""3"" ;
    pred:Situation ""3"" ;
    pred:Background_history ""2"" ;
    pred:Background_examination ""2"" ;
    pred:Assessment ""3"" ;
    pred:Recommendation_clear_recommendation ""3"" ;
    pred:Recommendation_global_rating_scale ""3"" ;
    pred:Comments ""Time: (11:43-11:58)
Talking to registrav could not summarize the condition of patient very clearly
DID: Sepsis I Anaphylaxsis given by team"" .

:Respondent17 a :Person ;
    pred:Date ""2025-05-04"" ;
    pred:SessionName ""IV - VT"" ;
    pred:Identification ""3"" ;
    pred:Situation ""3"" ;
    pred:Background_history ""2"" ;
    pred:Background_examination ""2"" ;
    pred:Assessment ""3"" ;
    pred:Recommendation_clear_recommendation ""2"" ;
    pred:Recommendation_global_rating_scale ""2"" ;
    pred:Comments ""Not very concise or clear communication
Satisfactory"" .

:Respondent3 a :Person ;
    pred:Date ""2025-03-14"" ;
    pred:SessionName ""IV-Hypoglycemia"" ;
    pred:Identification ""3"" ;
    pred:Situation ""3"" ;
    pred:Background_history ""2"" ;
    pred:Background_examination ""2"" ;
    pred:Assessment ""3"" ;
    pred:Recommendation_clear_recommendation ""1"" ;
    pred:Recommendation_global_rating_scale ""1"" ;
    pred:Comments ""Time: (2:36-2:53)
Late response for considering consultation"" .

:Respondent12 a :Person ;
    pred:Date ""2025-05-02"" ;
    pred:SessionName ""IV (VT)"" ;
    pred:Identification ""3"" ;
    pred:Situation ""3"" ;
    pred:Background_history ""2"" ;
    pred:Background_examination ""-1"" ;
    pred:Assessment ""3"" ;
    pred:Recommendation_clear_recommendation ""2"" ;
    pred:Recommendation_global_rating_scale ""3"" ;
    pred:Comments ""Good"" .

Answer: 3

@prefix : <http://example.org/survey#> .
@prefix pred: <http://example.org/predicate#> .

# Questions
:QDate pred:Text ""What is the date of the session? [Open-ended]"" .
:QSessionName pred:Text ""What is the name of the session? [Open-ended]"" .
:QIdentification pred:Text ""Identification of self, role, and patient. [Rubric: 0 = Requires direct prompting, 1 = Introduces themselves but only after a hint, 2 = Introduces themselves but information is incomplete, 3 = Introduces themselves and information is complete]"" .
:QSituation pred:Text ""Identifies the main problem(s). [Rubric: 0 = Unable to identify the main problem(s), 1 = Identifies the main problem(s) after extended prompting, 2 = Identifies the main problem(s) with fewer prompts needed, 3 = Identifies and prioritizes the main problem(s) unprompted]"" .
:QBackground_history pred:Text ""Gives appropriate history. [Rubric: 0 = History is unstructured or non-relevant, 1 = Relevant history but frequent clarification needed, 2 = Relevant history with few further questions needed, 3 = Comprehensive focused history]"" .
:QBackground_examination pred:Text ""Gives appropriate examination/observations. [Rubric: 0 = Observations are omitted or irrelevant, 1 = Observations reported but frequent clarification needed, 2 = Observations reported with few further questions needed, 3 = Comprehensive focused examination/observations]"" .
:QAssessment pred:Text ""Makes logical assessment (correlates problem, history, exam, context). [Rubric: 0 = No logical assessment, 1 = Assessment only after extended questioning, 2 = Assessment after minimal questioning, 3 = Comprehensive logical assessment without questioning]"" .
:QRecommendation_clear_recommendation pred:Text ""Makes a clear recommendation. [Rubric: 0 = No recommendation, 1 = Clear recommendation only after extended questioning, 2 = Clear recommendation after minimal questioning, 3 = Clear comprehensive recommendation without questioning]"" .
:QRecommendation_global_rating_scale pred:Text ""Global Rating Scale (GRS) - How confident am I that I received an accurate picture of the patient? [Rubric: 0 = Not at all confident, 1 = Confident but required extended questioning, 2 = Confident but required some further questioning, 3 = Confident and required little or no questioning]"" .
:QComments pred:Text ""Comments on the session. [Open-ended]"" .

# Responses
:Respondent9 a :Person ;
    pred:Date ""2025-04-04"" ;
    pred:SessionName ""MI"" ;
    pred:Identification ""2"" ;
    pred:Situation ""3"" ;
    pred:Background_history ""2"" ;
    pred:Background_examination ""3"" ;
    pred:Assessment ""3"" ;
    pred:Recommendation_clear_recommendation ""2"" ;
    pred:Recommendation_global_rating_scale ""2"" ;
    pred:Comments """" .

:Respondent22 a :Person ;
    pred:Date ""2025-05-16"" ;
    pred:SessionName ""IV (VT)"" ;
    pred:Identification ""3"" ;
    pred:Situation ""3"" ;
    pred:Background_history ""3"" ;
    pred:Background_examination ""3"" ;
    pred:Assessment ""2"" ;
    pred:Recommendation_clear_recommendation ""2"" ;
    pred:Recommendation_global_rating_scale ""3"" ;
    pred:Comments ""Clear communication skills
Good"" .

:Respondent8 a :Person ;
    pred:Date ""2025-04-04"" ;
    pred:SessionName ""IV (AF)"" ;
    pred:Identification ""3"" ;
    pred:Situation ""3"" ;
    pred:Background_history ""3"" ;
    pred:Background_examination ""3"" ;
    pred:Assessment ""3"" ;
    pred:Recommendation_clear_recommendation ""3"" ;
    pred:Recommendation_global_rating_scale ""3"" ;
    pred:Comments ""Clear communication and handover"" .

:Respondent3 a :Person ;
    pred:Date ""2025-03-14"" ;
    pred:SessionName ""IV-Hypoglycemia"" ;
    pred:Identification ""3"" ;
    pred:Situation ""3"" ;
    pred:Background_history ""2"" ;
    pred:Background_examination ""2"" ;
    pred:Assessment ""3"" ;
    pred:Recommendation_clear_recommendation ""1"" ;
    pred:Recommendation_global_rating_scale ""1"" ;
    pred:Comments ""Time: (2:36-2:53)
Late response for considering consultation"" .

:Respondent5 a :Person ;
    pred:Date ""2025-03-14"" ;
    pred:SessionName ""(MI)-VT"" ;
    pred:Identification ""0"" ;
    pred:Situation ""2"" ;
    pred:Background_history ""2"" ;
    pred:Background_examination ""2"" ;
    pred:Assessment ""2"" ;
    pred:Recommendation_clear_recommendation ""2"" ;
    pred:Recommendation_global_rating_scale ""2"" ;
    pred:Comments ""Time: (15:53-16:14)"" .

You are a meticulous data analyst AI. Your primary function is to accurately analyze structured data and provide precise, verifiable answers.

You will be given a dataset with two key parts:

A 'questions' section: This is your data dictionary or schema. It is the single source of truth for understanding what each field and score means. Refer to it carefully.

A 'responses' section: This contains the raw data from each individual respondent.

To answer the question correctly, you must first use the 'questions' schema to fully understand the context and meaning of the data points within the 'responses'. Do not rely on any prior knowledge outside of this provided data. Base your entire analysis on the information given.

Provide your final answer directly and concisely. Output must be the human-readable value, not an option code.

Rules:
- For MCQ fields, map any letter codes in the Responses (case-insensitive) to the corresponding option text from the Questions schema, and output only that text. Do NOT include the letter or both.
  Example: If the schema is ""[MCQ: A. Abnormal B. Inconclusive C. Normal]"" and the response is ""a"", output ""Abnormal"".
- For open-ended fields, output the exact text value.
- If the question asks for a count, provide only the number (e.g., ""42"").
- If the question asks for a list of names or IDs, provide a simple comma-separated list (e.g., ""17, 21, 23"").
- Preserve capitalization exactly as in the schema (e.g., output ""Abnormal"", not ""abnormal"" or ""A"").

How many respondents participated in session MI?",1,False
case_26,conceptual_aggregation,How many respondents have Background (examination) score of 1?,"@prefix : <http://example.org/survey#> .
@prefix pred: <http://example.org/predicate#> .

# Questions
:QDate pred:Text ""What is the date of the session? [Open-ended]"" .
:QSessionName pred:Text ""What is the name of the session? [Open-ended]"" .
:QIdentification pred:Text ""Identification of self, role, and patient. [Rubric: 0 = Requires direct prompting, 1 = Introduces themselves but only after a hint, 2 = Introduces themselves but information is incomplete, 3 = Introduces themselves and information is complete]"" .
:QSituation pred:Text ""Identifies the main problem(s). [Rubric: 0 = Unable to identify the main problem(s), 1 = Identifies the main problem(s) after extended prompting, 2 = Identifies the main problem(s) with fewer prompts needed, 3 = Identifies and prioritizes the main problem(s) unprompted]"" .
:QBackground_history pred:Text ""Gives appropriate history. [Rubric: 0 = History is unstructured or non-relevant, 1 = Relevant history but frequent clarification needed, 2 = Relevant history with few further questions needed, 3 = Comprehensive focused history]"" .
:QBackground_examination pred:Text ""Gives appropriate examination/observations. [Rubric: 0 = Observations are omitted or irrelevant, 1 = Observations reported but frequent clarification needed, 2 = Observations reported with few further questions needed, 3 = Comprehensive focused examination/observations]"" .
:QAssessment pred:Text ""Makes logical assessment (correlates problem, history, exam, context). [Rubric: 0 = No logical assessment, 1 = Assessment only after extended questioning, 2 = Assessment after minimal questioning, 3 = Comprehensive logical assessment without questioning]"" .
:QRecommendation_clear_recommendation pred:Text ""Makes a clear recommendation. [Rubric: 0 = No recommendation, 1 = Clear recommendation only after extended questioning, 2 = Clear recommendation after minimal questioning, 3 = Clear comprehensive recommendation without questioning]"" .
:QRecommendation_global_rating_scale pred:Text ""Global Rating Scale (GRS) - How confident am I that I received an accurate picture of the patient? [Rubric: 0 = Not at all confident, 1 = Confident but required extended questioning, 2 = Confident but required some further questioning, 3 = Confident and required little or no questioning]"" .
:QComments pred:Text ""Comments on the session. [Open-ended]"" .

# Responses
:Respondent14 a :Person ;
    pred:Date ""2025-05-02"" ;
    pred:SessionName ""V (Hypoglycemia)"" ;
    pred:Identification ""3"" ;
    pred:Situation ""2"" ;
    pred:Background_history ""2"" ;
    pred:Background_examination ""2"" ;
    pred:Assessment ""3"" ;
    pred:Recommendation_clear_recommendation ""2"" ;
    pred:Recommendation_global_rating_scale ""3"" ;
    pred:Comments ""Satisfactory"" .

:Respondent16 a :Person ;
    pred:Date ""2025-05-04"" ;
    pred:SessionName ""II - Anaphylaxsis"" ;
    pred:Identification ""3"" ;
    pred:Situation ""3"" ;
    pred:Background_history ""3"" ;
    pred:Background_examination ""3"" ;
    pred:Assessment ""3"" ;
    pred:Recommendation_clear_recommendation ""2"" ;
    pred:Recommendation_global_rating_scale ""3"" ;
    pred:Comments ""Good clear and precise clinical handover
Good"" .

:Respondent20 a :Person ;
    pred:Date ""2025-05-16"" ;
    pred:SessionName ""III (Sepsis)"" ;
    pred:Identification ""3"" ;
    pred:Situation ""3"" ;
    pred:Background_history ""3"" ;
    pred:Background_examination ""2"" ;
    pred:Assessment ""2"" ;
    pred:Recommendation_clear_recommendation ""2"" ;
    pred:Recommendation_global_rating_scale ""2"" ;
    pred:Comments ""Clinical handover and communication skills, satisfactory
No panic, no arrest team
Satisfactory"" .

:Respondent9 a :Person ;
    pred:Date ""2025-04-04"" ;
    pred:SessionName ""MI"" ;
    pred:Identification ""2"" ;
    pred:Situation ""3"" ;
    pred:Background_history ""2"" ;
    pred:Background_examination ""3"" ;
    pred:Assessment ""3"" ;
    pred:Recommendation_clear_recommendation ""2"" ;
    pred:Recommendation_global_rating_scale ""2"" ;
    pred:Comments """" .

:Respondent4 a :Person ;
    pred:Date ""2025-03-14"" ;
    pred:SessionName ""I-VF"" ;
    pred:Identification ""3"" ;
    pred:Situation ""3"" ;
    pred:Background_history ""2"" ;
    pred:Background_examination ""1"" ;
    pred:Assessment ""2"" ;
    pred:Recommendation_clear_recommendation ""2"" ;
    pred:Recommendation_global_rating_scale ""2"" ;
    pred:Comments ""Time: (10:29-10:54)
Ventricular fibrillation (CVS)
Lack of communication btween 2 main interns
Further brief to patient, ask patent concerns"" .

",1,"How many respondents have Identification score of 3?

DATA:

@prefix : <http://example.org/survey#> .
@prefix pred: <http://example.org/predicate#> .

# Questions
:QDate pred:Text ""What is the date of the session? [Open-ended]"" .
:QSessionName pred:Text ""What is the name of the session? [Open-ended]"" .
:QIdentification pred:Text ""Identification of self, role, and patient. [Rubric: 0 = Requires direct prompting, 1 = Introduces themselves but only after a hint, 2 = Introduces themselves but information is incomplete, 3 = Introduces themselves and information is complete]"" .
:QSituation pred:Text ""Identifies the main problem(s). [Rubric: 0 = Unable to identify the main problem(s), 1 = Identifies the main problem(s) after extended prompting, 2 = Identifies the main problem(s) with fewer prompts needed, 3 = Identifies and prioritizes the main problem(s) unprompted]"" .
:QBackground_history pred:Text ""Gives appropriate history. [Rubric: 0 = History is unstructured or non-relevant, 1 = Relevant history but frequent clarification needed, 2 = Relevant history with few further questions needed, 3 = Comprehensive focused history]"" .
:QBackground_examination pred:Text ""Gives appropriate examination/observations. [Rubric: 0 = Observations are omitted or irrelevant, 1 = Observations reported but frequent clarification needed, 2 = Observations reported with few further questions needed, 3 = Comprehensive focused examination/observations]"" .
:QAssessment pred:Text ""Makes logical assessment (correlates problem, history, exam, context). [Rubric: 0 = No logical assessment, 1 = Assessment only after extended questioning, 2 = Assessment after minimal questioning, 3 = Comprehensive logical assessment without questioning]"" .
:QRecommendation_clear_recommendation pred:Text ""Makes a clear recommendation. [Rubric: 0 = No recommendation, 1 = Clear recommendation only after extended questioning, 2 = Clear recommendation after minimal questioning, 3 = Clear comprehensive recommendation without questioning]"" .
:QRecommendation_global_rating_scale pred:Text ""Global Rating Scale (GRS) - How confident am I that I received an accurate picture of the patient? [Rubric: 0 = Not at all confident, 1 = Confident but required extended questioning, 2 = Confident but required some further questioning, 3 = Confident and required little or no questioning]"" .
:QComments pred:Text ""Comments on the session. [Open-ended]"" .

# Responses
:Respondent2 a :Person ;
    pred:Date ""2025-03-14"" ;
    pred:SessionName ""II-Anaphylaxsis"" ;
    pred:Identification ""3"" ;
    pred:Situation ""3"" ;
    pred:Background_history ""2"" ;
    pred:Background_examination ""2"" ;
    pred:Assessment ""3"" ;
    pred:Recommendation_clear_recommendation ""3"" ;
    pred:Recommendation_global_rating_scale ""3"" ;
    pred:Comments ""Time: (11:43-11:58)
Talking to registrav could not summarize the condition of patient very clearly
DID: Sepsis I Anaphylaxsis given by team"" .

:Respondent17 a :Person ;
    pred:Date ""2025-05-04"" ;
    pred:SessionName ""IV - VT"" ;
    pred:Identification ""3"" ;
    pred:Situation ""3"" ;
    pred:Background_history ""2"" ;
    pred:Background_examination ""2"" ;
    pred:Assessment ""3"" ;
    pred:Recommendation_clear_recommendation ""2"" ;
    pred:Recommendation_global_rating_scale ""2"" ;
    pred:Comments ""Not very concise or clear communication
Satisfactory"" .

:Respondent3 a :Person ;
    pred:Date ""2025-03-14"" ;
    pred:SessionName ""IV-Hypoglycemia"" ;
    pred:Identification ""3"" ;
    pred:Situation ""3"" ;
    pred:Background_history ""2"" ;
    pred:Background_examination ""2"" ;
    pred:Assessment ""3"" ;
    pred:Recommendation_clear_recommendation ""1"" ;
    pred:Recommendation_global_rating_scale ""1"" ;
    pred:Comments ""Time: (2:36-2:53)
Late response for considering consultation"" .

:Respondent12 a :Person ;
    pred:Date ""2025-05-02"" ;
    pred:SessionName ""IV (VT)"" ;
    pred:Identification ""3"" ;
    pred:Situation ""3"" ;
    pred:Background_history ""2"" ;
    pred:Background_examination ""-1"" ;
    pred:Assessment ""3"" ;
    pred:Recommendation_clear_recommendation ""2"" ;
    pred:Recommendation_global_rating_scale ""3"" ;
    pred:Comments ""Good"" .

Answer: 3

@prefix : <http://example.org/survey#> .
@prefix pred: <http://example.org/predicate#> .

# Questions
:QDate pred:Text ""What is the date of the session? [Open-ended]"" .
:QSessionName pred:Text ""What is the name of the session? [Open-ended]"" .
:QIdentification pred:Text ""Identification of self, role, and patient. [Rubric: 0 = Requires direct prompting, 1 = Introduces themselves but only after a hint, 2 = Introduces themselves but information is incomplete, 3 = Introduces themselves and information is complete]"" .
:QSituation pred:Text ""Identifies the main problem(s). [Rubric: 0 = Unable to identify the main problem(s), 1 = Identifies the main problem(s) after extended prompting, 2 = Identifies the main problem(s) with fewer prompts needed, 3 = Identifies and prioritizes the main problem(s) unprompted]"" .
:QBackground_history pred:Text ""Gives appropriate history. [Rubric: 0 = History is unstructured or non-relevant, 1 = Relevant history but frequent clarification needed, 2 = Relevant history with few further questions needed, 3 = Comprehensive focused history]"" .
:QBackground_examination pred:Text ""Gives appropriate examination/observations. [Rubric: 0 = Observations are omitted or irrelevant, 1 = Observations reported but frequent clarification needed, 2 = Observations reported with few further questions needed, 3 = Comprehensive focused examination/observations]"" .
:QAssessment pred:Text ""Makes logical assessment (correlates problem, history, exam, context). [Rubric: 0 = No logical assessment, 1 = Assessment only after extended questioning, 2 = Assessment after minimal questioning, 3 = Comprehensive logical assessment without questioning]"" .
:QRecommendation_clear_recommendation pred:Text ""Makes a clear recommendation. [Rubric: 0 = No recommendation, 1 = Clear recommendation only after extended questioning, 2 = Clear recommendation after minimal questioning, 3 = Clear comprehensive recommendation without questioning]"" .
:QRecommendation_global_rating_scale pred:Text ""Global Rating Scale (GRS) - How confident am I that I received an accurate picture of the patient? [Rubric: 0 = Not at all confident, 1 = Confident but required extended questioning, 2 = Confident but required some further questioning, 3 = Confident and required little or no questioning]"" .
:QComments pred:Text ""Comments on the session. [Open-ended]"" .

# Responses
:Respondent14 a :Person ;
    pred:Date ""2025-05-02"" ;
    pred:SessionName ""V (Hypoglycemia)"" ;
    pred:Identification ""3"" ;
    pred:Situation ""2"" ;
    pred:Background_history ""2"" ;
    pred:Background_examination ""2"" ;
    pred:Assessment ""3"" ;
    pred:Recommendation_clear_recommendation ""2"" ;
    pred:Recommendation_global_rating_scale ""3"" ;
    pred:Comments ""Satisfactory"" .

:Respondent16 a :Person ;
    pred:Date ""2025-05-04"" ;
    pred:SessionName ""II - Anaphylaxsis"" ;
    pred:Identification ""3"" ;
    pred:Situation ""3"" ;
    pred:Background_history ""3"" ;
    pred:Background_examination ""3"" ;
    pred:Assessment ""3"" ;
    pred:Recommendation_clear_recommendation ""2"" ;
    pred:Recommendation_global_rating_scale ""3"" ;
    pred:Comments ""Good clear and precise clinical handover
Good"" .

:Respondent20 a :Person ;
    pred:Date ""2025-05-16"" ;
    pred:SessionName ""III (Sepsis)"" ;
    pred:Identification ""3"" ;
    pred:Situation ""3"" ;
    pred:Background_history ""3"" ;
    pred:Background_examination ""2"" ;
    pred:Assessment ""2"" ;
    pred:Recommendation_clear_recommendation ""2"" ;
    pred:Recommendation_global_rating_scale ""2"" ;
    pred:Comments ""Clinical handover and communication skills, satisfactory
No panic, no arrest team
Satisfactory"" .

:Respondent9 a :Person ;
    pred:Date ""2025-04-04"" ;
    pred:SessionName ""MI"" ;
    pred:Identification ""2"" ;
    pred:Situation ""3"" ;
    pred:Background_history ""2"" ;
    pred:Background_examination ""3"" ;
    pred:Assessment ""3"" ;
    pred:Recommendation_clear_recommendation ""2"" ;
    pred:Recommendation_global_rating_scale ""2"" ;
    pred:Comments """" .

:Respondent4 a :Person ;
    pred:Date ""2025-03-14"" ;
    pred:SessionName ""I-VF"" ;
    pred:Identification ""3"" ;
    pred:Situation ""3"" ;
    pred:Background_history ""2"" ;
    pred:Background_examination ""1"" ;
    pred:Assessment ""2"" ;
    pred:Recommendation_clear_recommendation ""2"" ;
    pred:Recommendation_global_rating_scale ""2"" ;
    pred:Comments ""Time: (10:29-10:54)
Ventricular fibrillation (CVS)
Lack of communication btween 2 main interns
Further brief to patient, ask patent concerns"" .

You are a meticulous data analyst AI. Your primary function is to accurately analyze structured data and provide precise, verifiable answers.

You will be given a dataset with two key parts:

A 'questions' section: This is your data dictionary or schema. It is the single source of truth for understanding what each field and score means. Refer to it carefully.

A 'responses' section: This contains the raw data from each individual respondent.

To answer the question correctly, you must first use the 'questions' schema to fully understand the context and meaning of the data points within the 'responses'. Do not rely on any prior knowledge outside of this provided data. Base your entire analysis on the information given.

Provide your final answer directly and concisely. Output must be the human-readable value, not an option code.

Rules:
- For MCQ fields, map any letter codes in the Responses (case-insensitive) to the corresponding option text from the Questions schema, and output only that text. Do NOT include the letter or both.
  Example: If the schema is ""[MCQ: A. Abnormal B. Inconclusive C. Normal]"" and the response is ""a"", output ""Abnormal"".
- For open-ended fields, output the exact text value.
- If the question asks for a count, provide only the number (e.g., ""42"").
- If the question asks for a list of names or IDs, provide a simple comma-separated list (e.g., ""17, 21, 23"").
- Preserve capitalization exactly as in the schema (e.g., output ""Abnormal"", not ""abnormal"" or ""A"").

How many respondents have Background (examination) score of 1?",1,True
case_27,conceptual_aggregation,How many respondents have Background (examination) score of 2?,"@prefix : <http://example.org/survey#> .
@prefix pred: <http://example.org/predicate#> .

# Questions
:QDate pred:Text ""What is the date of the session? [Open-ended]"" .
:QSessionName pred:Text ""What is the name of the session? [Open-ended]"" .
:QIdentification pred:Text ""Identification of self, role, and patient. [Rubric: 0 = Requires direct prompting, 1 = Introduces themselves but only after a hint, 2 = Introduces themselves but information is incomplete, 3 = Introduces themselves and information is complete]"" .
:QSituation pred:Text ""Identifies the main problem(s). [Rubric: 0 = Unable to identify the main problem(s), 1 = Identifies the main problem(s) after extended prompting, 2 = Identifies the main problem(s) with fewer prompts needed, 3 = Identifies and prioritizes the main problem(s) unprompted]"" .
:QBackground_history pred:Text ""Gives appropriate history. [Rubric: 0 = History is unstructured or non-relevant, 1 = Relevant history but frequent clarification needed, 2 = Relevant history with few further questions needed, 3 = Comprehensive focused history]"" .
:QBackground_examination pred:Text ""Gives appropriate examination/observations. [Rubric: 0 = Observations are omitted or irrelevant, 1 = Observations reported but frequent clarification needed, 2 = Observations reported with few further questions needed, 3 = Comprehensive focused examination/observations]"" .
:QAssessment pred:Text ""Makes logical assessment (correlates problem, history, exam, context). [Rubric: 0 = No logical assessment, 1 = Assessment only after extended questioning, 2 = Assessment after minimal questioning, 3 = Comprehensive logical assessment without questioning]"" .
:QRecommendation_clear_recommendation pred:Text ""Makes a clear recommendation. [Rubric: 0 = No recommendation, 1 = Clear recommendation only after extended questioning, 2 = Clear recommendation after minimal questioning, 3 = Clear comprehensive recommendation without questioning]"" .
:QRecommendation_global_rating_scale pred:Text ""Global Rating Scale (GRS) - How confident am I that I received an accurate picture of the patient? [Rubric: 0 = Not at all confident, 1 = Confident but required extended questioning, 2 = Confident but required some further questioning, 3 = Confident and required little or no questioning]"" .
:QComments pred:Text ""Comments on the session. [Open-ended]"" .

# Responses
:Respondent1 a :Person ;
    pred:Date ""2025-03-14"" ;
    pred:SessionName ""III-Sepsis"" ;
    pred:Identification ""3"" ;
    pred:Situation ""3"" ;
    pred:Background_history ""2"" ;
    pred:Background_examination ""3"" ;
    pred:Assessment ""2"" ;
    pred:Recommendation_clear_recommendation ""2"" ;
    pred:Recommendation_global_rating_scale ""2"" ;
    pred:Comments ""Time: (1:00-1:17)"" .

:Respondent10 a :Person ;
    pred:Date ""2025-05-02"" ;
    pred:SessionName ""III (Sepsis)"" ;
    pred:Identification ""3"" ;
    pred:Situation ""3"" ;
    pred:Background_history ""3"" ;
    pred:Background_examination ""2"" ;
    pred:Assessment ""2"" ;
    pred:Recommendation_clear_recommendation ""2"" ;
    pred:Recommendation_global_rating_scale ""3"" ;
    pred:Comments ""Clear communication during handover
Good"" .

:Respondent6 a :Person ;
    pred:Date ""2025-04-04"" ;
    pred:SessionName ""III-Sepsis"" ;
    pred:Identification ""-1"" ;
    pred:Situation ""2"" ;
    pred:Background_history ""3"" ;
    pred:Background_examination ""3"" ;
    pred:Assessment ""3"" ;
    pred:Recommendation_clear_recommendation ""3"" ;
    pred:Recommendation_global_rating_scale ""3"" ;
    pred:Comments ""The patient/simulation is not oriented in TPP.
Clear communication between Reg and colleague during handover"" .

:Respondent5 a :Person ;
    pred:Date ""2025-03-14"" ;
    pred:SessionName ""(MI)-VT"" ;
    pred:Identification ""0"" ;
    pred:Situation ""2"" ;
    pred:Background_history ""2"" ;
    pred:Background_examination ""2"" ;
    pred:Assessment ""2"" ;
    pred:Recommendation_clear_recommendation ""2"" ;
    pred:Recommendation_global_rating_scale ""2"" ;
    pred:Comments ""Time: (15:53-16:14)"" .

:Respondent23 a :Person ;
    pred:Date ""2025-05-16"" ;
    pred:SessionName ""I (Myocardial infarction)"" ;
    pred:Identification ""3"" ;
    pred:Situation ""2"" ;
    pred:Background_history ""3"" ;
    pred:Background_examination ""1"" ;
    pred:Assessment ""2"" ;
    pred:Recommendation_clear_recommendation ""3"" ;
    pred:Recommendation_global_rating_scale ""3"" ;
    pred:Comments ""Diagnostic clarity is present
Good and early assessment of condition is done"" .

",2,"How many respondents have Identification score of 3?

DATA:

@prefix : <http://example.org/survey#> .
@prefix pred: <http://example.org/predicate#> .

# Questions
:QDate pred:Text ""What is the date of the session? [Open-ended]"" .
:QSessionName pred:Text ""What is the name of the session? [Open-ended]"" .
:QIdentification pred:Text ""Identification of self, role, and patient. [Rubric: 0 = Requires direct prompting, 1 = Introduces themselves but only after a hint, 2 = Introduces themselves but information is incomplete, 3 = Introduces themselves and information is complete]"" .
:QSituation pred:Text ""Identifies the main problem(s). [Rubric: 0 = Unable to identify the main problem(s), 1 = Identifies the main problem(s) after extended prompting, 2 = Identifies the main problem(s) with fewer prompts needed, 3 = Identifies and prioritizes the main problem(s) unprompted]"" .
:QBackground_history pred:Text ""Gives appropriate history. [Rubric: 0 = History is unstructured or non-relevant, 1 = Relevant history but frequent clarification needed, 2 = Relevant history with few further questions needed, 3 = Comprehensive focused history]"" .
:QBackground_examination pred:Text ""Gives appropriate examination/observations. [Rubric: 0 = Observations are omitted or irrelevant, 1 = Observations reported but frequent clarification needed, 2 = Observations reported with few further questions needed, 3 = Comprehensive focused examination/observations]"" .
:QAssessment pred:Text ""Makes logical assessment (correlates problem, history, exam, context). [Rubric: 0 = No logical assessment, 1 = Assessment only after extended questioning, 2 = Assessment after minimal questioning, 3 = Comprehensive logical assessment without questioning]"" .
:QRecommendation_clear_recommendation pred:Text ""Makes a clear recommendation. [Rubric: 0 = No recommendation, 1 = Clear recommendation only after extended questioning, 2 = Clear recommendation after minimal questioning, 3 = Clear comprehensive recommendation without questioning]"" .
:QRecommendation_global_rating_scale pred:Text ""Global Rating Scale (GRS) - How confident am I that I received an accurate picture of the patient? [Rubric: 0 = Not at all confident, 1 = Confident but required extended questioning, 2 = Confident but required some further questioning, 3 = Confident and required little or no questioning]"" .
:QComments pred:Text ""Comments on the session. [Open-ended]"" .

# Responses
:Respondent2 a :Person ;
    pred:Date ""2025-03-14"" ;
    pred:SessionName ""II-Anaphylaxsis"" ;
    pred:Identification ""3"" ;
    pred:Situation ""3"" ;
    pred:Background_history ""2"" ;
    pred:Background_examination ""2"" ;
    pred:Assessment ""3"" ;
    pred:Recommendation_clear_recommendation ""3"" ;
    pred:Recommendation_global_rating_scale ""3"" ;
    pred:Comments ""Time: (11:43-11:58)
Talking to registrav could not summarize the condition of patient very clearly
DID: Sepsis I Anaphylaxsis given by team"" .

:Respondent17 a :Person ;
    pred:Date ""2025-05-04"" ;
    pred:SessionName ""IV - VT"" ;
    pred:Identification ""3"" ;
    pred:Situation ""3"" ;
    pred:Background_history ""2"" ;
    pred:Background_examination ""2"" ;
    pred:Assessment ""3"" ;
    pred:Recommendation_clear_recommendation ""2"" ;
    pred:Recommendation_global_rating_scale ""2"" ;
    pred:Comments ""Not very concise or clear communication
Satisfactory"" .

:Respondent3 a :Person ;
    pred:Date ""2025-03-14"" ;
    pred:SessionName ""IV-Hypoglycemia"" ;
    pred:Identification ""3"" ;
    pred:Situation ""3"" ;
    pred:Background_history ""2"" ;
    pred:Background_examination ""2"" ;
    pred:Assessment ""3"" ;
    pred:Recommendation_clear_recommendation ""1"" ;
    pred:Recommendation_global_rating_scale ""1"" ;
    pred:Comments ""Time: (2:36-2:53)
Late response for considering consultation"" .

:Respondent12 a :Person ;
    pred:Date ""2025-05-02"" ;
    pred:SessionName ""IV (VT)"" ;
    pred:Identification ""3"" ;
    pred:Situation ""3"" ;
    pred:Background_history ""2"" ;
    pred:Background_examination ""-1"" ;
    pred:Assessment ""3"" ;
    pred:Recommendation_clear_recommendation ""2"" ;
    pred:Recommendation_global_rating_scale ""3"" ;
    pred:Comments ""Good"" .

Answer: 3

@prefix : <http://example.org/survey#> .
@prefix pred: <http://example.org/predicate#> .

# Questions
:QDate pred:Text ""What is the date of the session? [Open-ended]"" .
:QSessionName pred:Text ""What is the name of the session? [Open-ended]"" .
:QIdentification pred:Text ""Identification of self, role, and patient. [Rubric: 0 = Requires direct prompting, 1 = Introduces themselves but only after a hint, 2 = Introduces themselves but information is incomplete, 3 = Introduces themselves and information is complete]"" .
:QSituation pred:Text ""Identifies the main problem(s). [Rubric: 0 = Unable to identify the main problem(s), 1 = Identifies the main problem(s) after extended prompting, 2 = Identifies the main problem(s) with fewer prompts needed, 3 = Identifies and prioritizes the main problem(s) unprompted]"" .
:QBackground_history pred:Text ""Gives appropriate history. [Rubric: 0 = History is unstructured or non-relevant, 1 = Relevant history but frequent clarification needed, 2 = Relevant history with few further questions needed, 3 = Comprehensive focused history]"" .
:QBackground_examination pred:Text ""Gives appropriate examination/observations. [Rubric: 0 = Observations are omitted or irrelevant, 1 = Observations reported but frequent clarification needed, 2 = Observations reported with few further questions needed, 3 = Comprehensive focused examination/observations]"" .
:QAssessment pred:Text ""Makes logical assessment (correlates problem, history, exam, context). [Rubric: 0 = No logical assessment, 1 = Assessment only after extended questioning, 2 = Assessment after minimal questioning, 3 = Comprehensive logical assessment without questioning]"" .
:QRecommendation_clear_recommendation pred:Text ""Makes a clear recommendation. [Rubric: 0 = No recommendation, 1 = Clear recommendation only after extended questioning, 2 = Clear recommendation after minimal questioning, 3 = Clear comprehensive recommendation without questioning]"" .
:QRecommendation_global_rating_scale pred:Text ""Global Rating Scale (GRS) - How confident am I that I received an accurate picture of the patient? [Rubric: 0 = Not at all confident, 1 = Confident but required extended questioning, 2 = Confident but required some further questioning, 3 = Confident and required little or no questioning]"" .
:QComments pred:Text ""Comments on the session. [Open-ended]"" .

# Responses
:Respondent1 a :Person ;
    pred:Date ""2025-03-14"" ;
    pred:SessionName ""III-Sepsis"" ;
    pred:Identification ""3"" ;
    pred:Situation ""3"" ;
    pred:Background_history ""2"" ;
    pred:Background_examination ""3"" ;
    pred:Assessment ""2"" ;
    pred:Recommendation_clear_recommendation ""2"" ;
    pred:Recommendation_global_rating_scale ""2"" ;
    pred:Comments ""Time: (1:00-1:17)"" .

:Respondent10 a :Person ;
    pred:Date ""2025-05-02"" ;
    pred:SessionName ""III (Sepsis)"" ;
    pred:Identification ""3"" ;
    pred:Situation ""3"" ;
    pred:Background_history ""3"" ;
    pred:Background_examination ""2"" ;
    pred:Assessment ""2"" ;
    pred:Recommendation_clear_recommendation ""2"" ;
    pred:Recommendation_global_rating_scale ""3"" ;
    pred:Comments ""Clear communication during handover
Good"" .

:Respondent6 a :Person ;
    pred:Date ""2025-04-04"" ;
    pred:SessionName ""III-Sepsis"" ;
    pred:Identification ""-1"" ;
    pred:Situation ""2"" ;
    pred:Background_history ""3"" ;
    pred:Background_examination ""3"" ;
    pred:Assessment ""3"" ;
    pred:Recommendation_clear_recommendation ""3"" ;
    pred:Recommendation_global_rating_scale ""3"" ;
    pred:Comments ""The patient/simulation is not oriented in TPP.
Clear communication between Reg and colleague during handover"" .

:Respondent5 a :Person ;
    pred:Date ""2025-03-14"" ;
    pred:SessionName ""(MI)-VT"" ;
    pred:Identification ""0"" ;
    pred:Situation ""2"" ;
    pred:Background_history ""2"" ;
    pred:Background_examination ""2"" ;
    pred:Assessment ""2"" ;
    pred:Recommendation_clear_recommendation ""2"" ;
    pred:Recommendation_global_rating_scale ""2"" ;
    pred:Comments ""Time: (15:53-16:14)"" .

:Respondent23 a :Person ;
    pred:Date ""2025-05-16"" ;
    pred:SessionName ""I (Myocardial infarction)"" ;
    pred:Identification ""3"" ;
    pred:Situation ""2"" ;
    pred:Background_history ""3"" ;
    pred:Background_examination ""1"" ;
    pred:Assessment ""2"" ;
    pred:Recommendation_clear_recommendation ""3"" ;
    pred:Recommendation_global_rating_scale ""3"" ;
    pred:Comments ""Diagnostic clarity is present
Good and early assessment of condition is done"" .

You are a meticulous data analyst AI. Your primary function is to accurately analyze structured data and provide precise, verifiable answers.

You will be given a dataset with two key parts:

A 'questions' section: This is your data dictionary or schema. It is the single source of truth for understanding what each field and score means. Refer to it carefully.

A 'responses' section: This contains the raw data from each individual respondent.

To answer the question correctly, you must first use the 'questions' schema to fully understand the context and meaning of the data points within the 'responses'. Do not rely on any prior knowledge outside of this provided data. Base your entire analysis on the information given.

Provide your final answer directly and concisely. Output must be the human-readable value, not an option code.

Rules:
- For MCQ fields, map any letter codes in the Responses (case-insensitive) to the corresponding option text from the Questions schema, and output only that text. Do NOT include the letter or both.
  Example: If the schema is ""[MCQ: A. Abnormal B. Inconclusive C. Normal]"" and the response is ""a"", output ""Abnormal"".
- For open-ended fields, output the exact text value.
- If the question asks for a count, provide only the number (e.g., ""42"").
- If the question asks for a list of names or IDs, provide a simple comma-separated list (e.g., ""17, 21, 23"").
- Preserve capitalization exactly as in the schema (e.g., output ""Abnormal"", not ""abnormal"" or ""A"").

How many respondents have Background (examination) score of 2?",5,False
case_28,conceptual_aggregation,How many respondents have Recommendation (global rating scale) score greater than or equal to 1?,"@prefix : <http://example.org/survey#> .
@prefix pred: <http://example.org/predicate#> .

# Questions
:QDate pred:Text ""What is the date of the session? [Open-ended]"" .
:QSessionName pred:Text ""What is the name of the session? [Open-ended]"" .
:QIdentification pred:Text ""Identification of self, role, and patient. [Rubric: 0 = Requires direct prompting, 1 = Introduces themselves but only after a hint, 2 = Introduces themselves but information is incomplete, 3 = Introduces themselves and information is complete]"" .
:QSituation pred:Text ""Identifies the main problem(s). [Rubric: 0 = Unable to identify the main problem(s), 1 = Identifies the main problem(s) after extended prompting, 2 = Identifies the main problem(s) with fewer prompts needed, 3 = Identifies and prioritizes the main problem(s) unprompted]"" .
:QBackground_history pred:Text ""Gives appropriate history. [Rubric: 0 = History is unstructured or non-relevant, 1 = Relevant history but frequent clarification needed, 2 = Relevant history with few further questions needed, 3 = Comprehensive focused history]"" .
:QBackground_examination pred:Text ""Gives appropriate examination/observations. [Rubric: 0 = Observations are omitted or irrelevant, 1 = Observations reported but frequent clarification needed, 2 = Observations reported with few further questions needed, 3 = Comprehensive focused examination/observations]"" .
:QAssessment pred:Text ""Makes logical assessment (correlates problem, history, exam, context). [Rubric: 0 = No logical assessment, 1 = Assessment only after extended questioning, 2 = Assessment after minimal questioning, 3 = Comprehensive logical assessment without questioning]"" .
:QRecommendation_clear_recommendation pred:Text ""Makes a clear recommendation. [Rubric: 0 = No recommendation, 1 = Clear recommendation only after extended questioning, 2 = Clear recommendation after minimal questioning, 3 = Clear comprehensive recommendation without questioning]"" .
:QRecommendation_global_rating_scale pred:Text ""Global Rating Scale (GRS) - How confident am I that I received an accurate picture of the patient? [Rubric: 0 = Not at all confident, 1 = Confident but required extended questioning, 2 = Confident but required some further questioning, 3 = Confident and required little or no questioning]"" .
:QComments pred:Text ""Comments on the session. [Open-ended]"" .

# Responses
:Respondent3 a :Person ;
    pred:Date ""2025-03-14"" ;
    pred:SessionName ""IV-Hypoglycemia"" ;
    pred:Identification ""3"" ;
    pred:Situation ""3"" ;
    pred:Background_history ""2"" ;
    pred:Background_examination ""2"" ;
    pred:Assessment ""3"" ;
    pred:Recommendation_clear_recommendation ""1"" ;
    pred:Recommendation_global_rating_scale ""1"" ;
    pred:Comments ""Time: (2:36-2:53)
Late response for considering consultation"" .

:Respondent1 a :Person ;
    pred:Date ""2025-03-14"" ;
    pred:SessionName ""III-Sepsis"" ;
    pred:Identification ""3"" ;
    pred:Situation ""3"" ;
    pred:Background_history ""2"" ;
    pred:Background_examination ""3"" ;
    pred:Assessment ""2"" ;
    pred:Recommendation_clear_recommendation ""2"" ;
    pred:Recommendation_global_rating_scale ""2"" ;
    pred:Comments ""Time: (1:00-1:17)"" .

:Respondent20 a :Person ;
    pred:Date ""2025-05-16"" ;
    pred:SessionName ""III (Sepsis)"" ;
    pred:Identification ""3"" ;
    pred:Situation ""3"" ;
    pred:Background_history ""3"" ;
    pred:Background_examination ""2"" ;
    pred:Assessment ""2"" ;
    pred:Recommendation_clear_recommendation ""2"" ;
    pred:Recommendation_global_rating_scale ""2"" ;
    pred:Comments ""Clinical handover and communication skills, satisfactory
No panic, no arrest team
Satisfactory"" .

:Respondent22 a :Person ;
    pred:Date ""2025-05-16"" ;
    pred:SessionName ""IV (VT)"" ;
    pred:Identification ""3"" ;
    pred:Situation ""3"" ;
    pred:Background_history ""3"" ;
    pred:Background_examination ""3"" ;
    pred:Assessment ""2"" ;
    pred:Recommendation_clear_recommendation ""2"" ;
    pred:Recommendation_global_rating_scale ""3"" ;
    pred:Comments ""Clear communication skills
Good"" .

:Respondent23 a :Person ;
    pred:Date ""2025-05-16"" ;
    pred:SessionName ""I (Myocardial infarction)"" ;
    pred:Identification ""3"" ;
    pred:Situation ""2"" ;
    pred:Background_history ""3"" ;
    pred:Background_examination ""1"" ;
    pred:Assessment ""2"" ;
    pred:Recommendation_clear_recommendation ""3"" ;
    pred:Recommendation_global_rating_scale ""3"" ;
    pred:Comments ""Diagnostic clarity is present
Good and early assessment of condition is done"" .

:Respondent8 a :Person ;
    pred:Date ""2025-04-04"" ;
    pred:SessionName ""IV (AF)"" ;
    pred:Identification ""3"" ;
    pred:Situation ""3"" ;
    pred:Background_history ""3"" ;
    pred:Background_examination ""3"" ;
    pred:Assessment ""3"" ;
    pred:Recommendation_clear_recommendation ""3"" ;
    pred:Recommendation_global_rating_scale ""3"" ;
    pred:Comments ""Clear communication and handover"" .

:Respondent13 a :Person ;
    pred:Date ""2025-05-02"" ;
    pred:SessionName ""I - MI"" ;
    pred:Identification ""3"" ;
    pred:Situation ""3"" ;
    pred:Background_history ""3"" ;
    pred:Background_examination ""3"" ;
    pred:Assessment ""3"" ;
    pred:Recommendation_clear_recommendation ""2"" ;
    pred:Recommendation_global_rating_scale ""3"" ;
    pred:Comments ""Consent denied for video recordings
Satisfactory"" .

:Respondent7 a :Person ;
    pred:Date ""2025-04-04"" ;
    pred:SessionName ""II (Anaphylactic Shock)"" ;
    pred:Identification ""3"" ;
    pred:Situation ""2"" ;
    pred:Background_history ""3"" ;
    pred:Background_examination ""3"" ;
    pred:Assessment ""2"" ;
    pred:Recommendation_clear_recommendation ""2"" ;
    pred:Recommendation_global_rating_scale ""3"" ;
    pred:Comments """" .

",8,"How many respondents have Identification score of 3?

DATA:

@prefix : <http://example.org/survey#> .
@prefix pred: <http://example.org/predicate#> .

# Questions
:QDate pred:Text ""What is the date of the session? [Open-ended]"" .
:QSessionName pred:Text ""What is the name of the session? [Open-ended]"" .
:QIdentification pred:Text ""Identification of self, role, and patient. [Rubric: 0 = Requires direct prompting, 1 = Introduces themselves but only after a hint, 2 = Introduces themselves but information is incomplete, 3 = Introduces themselves and information is complete]"" .
:QSituation pred:Text ""Identifies the main problem(s). [Rubric: 0 = Unable to identify the main problem(s), 1 = Identifies the main problem(s) after extended prompting, 2 = Identifies the main problem(s) with fewer prompts needed, 3 = Identifies and prioritizes the main problem(s) unprompted]"" .
:QBackground_history pred:Text ""Gives appropriate history. [Rubric: 0 = History is unstructured or non-relevant, 1 = Relevant history but frequent clarification needed, 2 = Relevant history with few further questions needed, 3 = Comprehensive focused history]"" .
:QBackground_examination pred:Text ""Gives appropriate examination/observations. [Rubric: 0 = Observations are omitted or irrelevant, 1 = Observations reported but frequent clarification needed, 2 = Observations reported with few further questions needed, 3 = Comprehensive focused examination/observations]"" .
:QAssessment pred:Text ""Makes logical assessment (correlates problem, history, exam, context). [Rubric: 0 = No logical assessment, 1 = Assessment only after extended questioning, 2 = Assessment after minimal questioning, 3 = Comprehensive logical assessment without questioning]"" .
:QRecommendation_clear_recommendation pred:Text ""Makes a clear recommendation. [Rubric: 0 = No recommendation, 1 = Clear recommendation only after extended questioning, 2 = Clear recommendation after minimal questioning, 3 = Clear comprehensive recommendation without questioning]"" .
:QRecommendation_global_rating_scale pred:Text ""Global Rating Scale (GRS) - How confident am I that I received an accurate picture of the patient? [Rubric: 0 = Not at all confident, 1 = Confident but required extended questioning, 2 = Confident but required some further questioning, 3 = Confident and required little or no questioning]"" .
:QComments pred:Text ""Comments on the session. [Open-ended]"" .

# Responses
:Respondent2 a :Person ;
    pred:Date ""2025-03-14"" ;
    pred:SessionName ""II-Anaphylaxsis"" ;
    pred:Identification ""3"" ;
    pred:Situation ""3"" ;
    pred:Background_history ""2"" ;
    pred:Background_examination ""2"" ;
    pred:Assessment ""3"" ;
    pred:Recommendation_clear_recommendation ""3"" ;
    pred:Recommendation_global_rating_scale ""3"" ;
    pred:Comments ""Time: (11:43-11:58)
Talking to registrav could not summarize the condition of patient very clearly
DID: Sepsis I Anaphylaxsis given by team"" .

:Respondent17 a :Person ;
    pred:Date ""2025-05-04"" ;
    pred:SessionName ""IV - VT"" ;
    pred:Identification ""3"" ;
    pred:Situation ""3"" ;
    pred:Background_history ""2"" ;
    pred:Background_examination ""2"" ;
    pred:Assessment ""3"" ;
    pred:Recommendation_clear_recommendation ""2"" ;
    pred:Recommendation_global_rating_scale ""2"" ;
    pred:Comments ""Not very concise or clear communication
Satisfactory"" .

:Respondent3 a :Person ;
    pred:Date ""2025-03-14"" ;
    pred:SessionName ""IV-Hypoglycemia"" ;
    pred:Identification ""3"" ;
    pred:Situation ""3"" ;
    pred:Background_history ""2"" ;
    pred:Background_examination ""2"" ;
    pred:Assessment ""3"" ;
    pred:Recommendation_clear_recommendation ""1"" ;
    pred:Recommendation_global_rating_scale ""1"" ;
    pred:Comments ""Time: (2:36-2:53)
Late response for considering consultation"" .

:Respondent12 a :Person ;
    pred:Date ""2025-05-02"" ;
    pred:SessionName ""IV (VT)"" ;
    pred:Identification ""3"" ;
    pred:Situation ""3"" ;
    pred:Background_history ""2"" ;
    pred:Background_examination ""-1"" ;
    pred:Assessment ""3"" ;
    pred:Recommendation_clear_recommendation ""2"" ;
    pred:Recommendation_global_rating_scale ""3"" ;
    pred:Comments ""Good"" .

Answer: 3

@prefix : <http://example.org/survey#> .
@prefix pred: <http://example.org/predicate#> .

# Questions
:QDate pred:Text ""What is the date of the session? [Open-ended]"" .
:QSessionName pred:Text ""What is the name of the session? [Open-ended]"" .
:QIdentification pred:Text ""Identification of self, role, and patient. [Rubric: 0 = Requires direct prompting, 1 = Introduces themselves but only after a hint, 2 = Introduces themselves but information is incomplete, 3 = Introduces themselves and information is complete]"" .
:QSituation pred:Text ""Identifies the main problem(s). [Rubric: 0 = Unable to identify the main problem(s), 1 = Identifies the main problem(s) after extended prompting, 2 = Identifies the main problem(s) with fewer prompts needed, 3 = Identifies and prioritizes the main problem(s) unprompted]"" .
:QBackground_history pred:Text ""Gives appropriate history. [Rubric: 0 = History is unstructured or non-relevant, 1 = Relevant history but frequent clarification needed, 2 = Relevant history with few further questions needed, 3 = Comprehensive focused history]"" .
:QBackground_examination pred:Text ""Gives appropriate examination/observations. [Rubric: 0 = Observations are omitted or irrelevant, 1 = Observations reported but frequent clarification needed, 2 = Observations reported with few further questions needed, 3 = Comprehensive focused examination/observations]"" .
:QAssessment pred:Text ""Makes logical assessment (correlates problem, history, exam, context). [Rubric: 0 = No logical assessment, 1 = Assessment only after extended questioning, 2 = Assessment after minimal questioning, 3 = Comprehensive logical assessment without questioning]"" .
:QRecommendation_clear_recommendation pred:Text ""Makes a clear recommendation. [Rubric: 0 = No recommendation, 1 = Clear recommendation only after extended questioning, 2 = Clear recommendation after minimal questioning, 3 = Clear comprehensive recommendation without questioning]"" .
:QRecommendation_global_rating_scale pred:Text ""Global Rating Scale (GRS) - How confident am I that I received an accurate picture of the patient? [Rubric: 0 = Not at all confident, 1 = Confident but required extended questioning, 2 = Confident but required some further questioning, 3 = Confident and required little or no questioning]"" .
:QComments pred:Text ""Comments on the session. [Open-ended]"" .

# Responses
:Respondent3 a :Person ;
    pred:Date ""2025-03-14"" ;
    pred:SessionName ""IV-Hypoglycemia"" ;
    pred:Identification ""3"" ;
    pred:Situation ""3"" ;
    pred:Background_history ""2"" ;
    pred:Background_examination ""2"" ;
    pred:Assessment ""3"" ;
    pred:Recommendation_clear_recommendation ""1"" ;
    pred:Recommendation_global_rating_scale ""1"" ;
    pred:Comments ""Time: (2:36-2:53)
Late response for considering consultation"" .

:Respondent1 a :Person ;
    pred:Date ""2025-03-14"" ;
    pred:SessionName ""III-Sepsis"" ;
    pred:Identification ""3"" ;
    pred:Situation ""3"" ;
    pred:Background_history ""2"" ;
    pred:Background_examination ""3"" ;
    pred:Assessment ""2"" ;
    pred:Recommendation_clear_recommendation ""2"" ;
    pred:Recommendation_global_rating_scale ""2"" ;
    pred:Comments ""Time: (1:00-1:17)"" .

:Respondent20 a :Person ;
    pred:Date ""2025-05-16"" ;
    pred:SessionName ""III (Sepsis)"" ;
    pred:Identification ""3"" ;
    pred:Situation ""3"" ;
    pred:Background_history ""3"" ;
    pred:Background_examination ""2"" ;
    pred:Assessment ""2"" ;
    pred:Recommendation_clear_recommendation ""2"" ;
    pred:Recommendation_global_rating_scale ""2"" ;
    pred:Comments ""Clinical handover and communication skills, satisfactory
No panic, no arrest team
Satisfactory"" .

:Respondent22 a :Person ;
    pred:Date ""2025-05-16"" ;
    pred:SessionName ""IV (VT)"" ;
    pred:Identification ""3"" ;
    pred:Situation ""3"" ;
    pred:Background_history ""3"" ;
    pred:Background_examination ""3"" ;
    pred:Assessment ""2"" ;
    pred:Recommendation_clear_recommendation ""2"" ;
    pred:Recommendation_global_rating_scale ""3"" ;
    pred:Comments ""Clear communication skills
Good"" .

:Respondent23 a :Person ;
    pred:Date ""2025-05-16"" ;
    pred:SessionName ""I (Myocardial infarction)"" ;
    pred:Identification ""3"" ;
    pred:Situation ""2"" ;
    pred:Background_history ""3"" ;
    pred:Background_examination ""1"" ;
    pred:Assessment ""2"" ;
    pred:Recommendation_clear_recommendation ""3"" ;
    pred:Recommendation_global_rating_scale ""3"" ;
    pred:Comments ""Diagnostic clarity is present
Good and early assessment of condition is done"" .

:Respondent8 a :Person ;
    pred:Date ""2025-04-04"" ;
    pred:SessionName ""IV (AF)"" ;
    pred:Identification ""3"" ;
    pred:Situation ""3"" ;
    pred:Background_history ""3"" ;
    pred:Background_examination ""3"" ;
    pred:Assessment ""3"" ;
    pred:Recommendation_clear_recommendation ""3"" ;
    pred:Recommendation_global_rating_scale ""3"" ;
    pred:Comments ""Clear communication and handover"" .

:Respondent13 a :Person ;
    pred:Date ""2025-05-02"" ;
    pred:SessionName ""I - MI"" ;
    pred:Identification ""3"" ;
    pred:Situation ""3"" ;
    pred:Background_history ""3"" ;
    pred:Background_examination ""3"" ;
    pred:Assessment ""3"" ;
    pred:Recommendation_clear_recommendation ""2"" ;
    pred:Recommendation_global_rating_scale ""3"" ;
    pred:Comments ""Consent denied for video recordings
Satisfactory"" .

:Respondent7 a :Person ;
    pred:Date ""2025-04-04"" ;
    pred:SessionName ""II (Anaphylactic Shock)"" ;
    pred:Identification ""3"" ;
    pred:Situation ""2"" ;
    pred:Background_history ""3"" ;
    pred:Background_examination ""3"" ;
    pred:Assessment ""2"" ;
    pred:Recommendation_clear_recommendation ""2"" ;
    pred:Recommendation_global_rating_scale ""3"" ;
    pred:Comments """" .

You are a meticulous data analyst AI. Your primary function is to accurately analyze structured data and provide precise, verifiable answers.

You will be given a dataset with two key parts:

A 'questions' section: This is your data dictionary or schema. It is the single source of truth for understanding what each field and score means. Refer to it carefully.

A 'responses' section: This contains the raw data from each individual respondent.

To answer the question correctly, you must first use the 'questions' schema to fully understand the context and meaning of the data points within the 'responses'. Do not rely on any prior knowledge outside of this provided data. Base your entire analysis on the information given.

Provide your final answer directly and concisely. Output must be the human-readable value, not an option code.

Rules:
- For MCQ fields, map any letter codes in the Responses (case-insensitive) to the corresponding option text from the Questions schema, and output only that text. Do NOT include the letter or both.
  Example: If the schema is ""[MCQ: A. Abnormal B. Inconclusive C. Normal]"" and the response is ""a"", output ""Abnormal"".
- For open-ended fields, output the exact text value.
- If the question asks for a count, provide only the number (e.g., ""42"").
- If the question asks for a list of names or IDs, provide a simple comma-separated list (e.g., ""17, 21, 23"").
- Preserve capitalization exactly as in the schema (e.g., output ""Abnormal"", not ""abnormal"" or ""A"").

How many respondents have Recommendation (global rating scale) score greater than or equal to 1?",11,False
case_29,conceptual_aggregation,How many respondents have Identification score of 3?,"@prefix : <http://example.org/survey#> .
@prefix pred: <http://example.org/predicate#> .

# Questions
:QDate pred:Text ""What is the date of the session? [Open-ended]"" .
:QSessionName pred:Text ""What is the name of the session? [Open-ended]"" .
:QIdentification pred:Text ""Identification of self, role, and patient. [Rubric: 0 = Requires direct prompting, 1 = Introduces themselves but only after a hint, 2 = Introduces themselves but information is incomplete, 3 = Introduces themselves and information is complete]"" .
:QSituation pred:Text ""Identifies the main problem(s). [Rubric: 0 = Unable to identify the main problem(s), 1 = Identifies the main problem(s) after extended prompting, 2 = Identifies the main problem(s) with fewer prompts needed, 3 = Identifies and prioritizes the main problem(s) unprompted]"" .
:QBackground_history pred:Text ""Gives appropriate history. [Rubric: 0 = History is unstructured or non-relevant, 1 = Relevant history but frequent clarification needed, 2 = Relevant history with few further questions needed, 3 = Comprehensive focused history]"" .
:QBackground_examination pred:Text ""Gives appropriate examination/observations. [Rubric: 0 = Observations are omitted or irrelevant, 1 = Observations reported but frequent clarification needed, 2 = Observations reported with few further questions needed, 3 = Comprehensive focused examination/observations]"" .
:QAssessment pred:Text ""Makes logical assessment (correlates problem, history, exam, context). [Rubric: 0 = No logical assessment, 1 = Assessment only after extended questioning, 2 = Assessment after minimal questioning, 3 = Comprehensive logical assessment without questioning]"" .
:QRecommendation_clear_recommendation pred:Text ""Makes a clear recommendation. [Rubric: 0 = No recommendation, 1 = Clear recommendation only after extended questioning, 2 = Clear recommendation after minimal questioning, 3 = Clear comprehensive recommendation without questioning]"" .
:QRecommendation_global_rating_scale pred:Text ""Global Rating Scale (GRS) - How confident am I that I received an accurate picture of the patient? [Rubric: 0 = Not at all confident, 1 = Confident but required extended questioning, 2 = Confident but required some further questioning, 3 = Confident and required little or no questioning]"" .
:QComments pred:Text ""Comments on the session. [Open-ended]"" .

# Responses
:Respondent7 a :Person ;
    pred:Date ""2025-04-04"" ;
    pred:SessionName ""II (Anaphylactic Shock)"" ;
    pred:Identification ""3"" ;
    pred:Situation ""2"" ;
    pred:Background_history ""3"" ;
    pred:Background_examination ""3"" ;
    pred:Assessment ""2"" ;
    pred:Recommendation_clear_recommendation ""2"" ;
    pred:Recommendation_global_rating_scale ""3"" ;
    pred:Comments """" .

:Respondent8 a :Person ;
    pred:Date ""2025-04-04"" ;
    pred:SessionName ""IV (AF)"" ;
    pred:Identification ""3"" ;
    pred:Situation ""3"" ;
    pred:Background_history ""3"" ;
    pred:Background_examination ""3"" ;
    pred:Assessment ""3"" ;
    pred:Recommendation_clear_recommendation ""3"" ;
    pred:Recommendation_global_rating_scale ""3"" ;
    pred:Comments ""Clear communication and handover"" .

:Respondent13 a :Person ;
    pred:Date ""2025-05-02"" ;
    pred:SessionName ""I - MI"" ;
    pred:Identification ""3"" ;
    pred:Situation ""3"" ;
    pred:Background_history ""3"" ;
    pred:Background_examination ""3"" ;
    pred:Assessment ""3"" ;
    pred:Recommendation_clear_recommendation ""2"" ;
    pred:Recommendation_global_rating_scale ""3"" ;
    pred:Comments ""Consent denied for video recordings
Satisfactory"" .

",3,"How many respondents have Identification score of 3?

DATA:

@prefix : <http://example.org/survey#> .
@prefix pred: <http://example.org/predicate#> .

# Questions
:QDate pred:Text ""What is the date of the session? [Open-ended]"" .
:QSessionName pred:Text ""What is the name of the session? [Open-ended]"" .
:QIdentification pred:Text ""Identification of self, role, and patient. [Rubric: 0 = Requires direct prompting, 1 = Introduces themselves but only after a hint, 2 = Introduces themselves but information is incomplete, 3 = Introduces themselves and information is complete]"" .
:QSituation pred:Text ""Identifies the main problem(s). [Rubric: 0 = Unable to identify the main problem(s), 1 = Identifies the main problem(s) after extended prompting, 2 = Identifies the main problem(s) with fewer prompts needed, 3 = Identifies and prioritizes the main problem(s) unprompted]"" .
:QBackground_history pred:Text ""Gives appropriate history. [Rubric: 0 = History is unstructured or non-relevant, 1 = Relevant history but frequent clarification needed, 2 = Relevant history with few further questions needed, 3 = Comprehensive focused history]"" .
:QBackground_examination pred:Text ""Gives appropriate examination/observations. [Rubric: 0 = Observations are omitted or irrelevant, 1 = Observations reported but frequent clarification needed, 2 = Observations reported with few further questions needed, 3 = Comprehensive focused examination/observations]"" .
:QAssessment pred:Text ""Makes logical assessment (correlates problem, history, exam, context). [Rubric: 0 = No logical assessment, 1 = Assessment only after extended questioning, 2 = Assessment after minimal questioning, 3 = Comprehensive logical assessment without questioning]"" .
:QRecommendation_clear_recommendation pred:Text ""Makes a clear recommendation. [Rubric: 0 = No recommendation, 1 = Clear recommendation only after extended questioning, 2 = Clear recommendation after minimal questioning, 3 = Clear comprehensive recommendation without questioning]"" .
:QRecommendation_global_rating_scale pred:Text ""Global Rating Scale (GRS) - How confident am I that I received an accurate picture of the patient? [Rubric: 0 = Not at all confident, 1 = Confident but required extended questioning, 2 = Confident but required some further questioning, 3 = Confident and required little or no questioning]"" .
:QComments pred:Text ""Comments on the session. [Open-ended]"" .

# Responses
:Respondent2 a :Person ;
    pred:Date ""2025-03-14"" ;
    pred:SessionName ""II-Anaphylaxsis"" ;
    pred:Identification ""3"" ;
    pred:Situation ""3"" ;
    pred:Background_history ""2"" ;
    pred:Background_examination ""2"" ;
    pred:Assessment ""3"" ;
    pred:Recommendation_clear_recommendation ""3"" ;
    pred:Recommendation_global_rating_scale ""3"" ;
    pred:Comments ""Time: (11:43-11:58)
Talking to registrav could not summarize the condition of patient very clearly
DID: Sepsis I Anaphylaxsis given by team"" .

:Respondent17 a :Person ;
    pred:Date ""2025-05-04"" ;
    pred:SessionName ""IV - VT"" ;
    pred:Identification ""3"" ;
    pred:Situation ""3"" ;
    pred:Background_history ""2"" ;
    pred:Background_examination ""2"" ;
    pred:Assessment ""3"" ;
    pred:Recommendation_clear_recommendation ""2"" ;
    pred:Recommendation_global_rating_scale ""2"" ;
    pred:Comments ""Not very concise or clear communication
Satisfactory"" .

:Respondent3 a :Person ;
    pred:Date ""2025-03-14"" ;
    pred:SessionName ""IV-Hypoglycemia"" ;
    pred:Identification ""3"" ;
    pred:Situation ""3"" ;
    pred:Background_history ""2"" ;
    pred:Background_examination ""2"" ;
    pred:Assessment ""3"" ;
    pred:Recommendation_clear_recommendation ""1"" ;
    pred:Recommendation_global_rating_scale ""1"" ;
    pred:Comments ""Time: (2:36-2:53)
Late response for considering consultation"" .

:Respondent12 a :Person ;
    pred:Date ""2025-05-02"" ;
    pred:SessionName ""IV (VT)"" ;
    pred:Identification ""3"" ;
    pred:Situation ""3"" ;
    pred:Background_history ""2"" ;
    pred:Background_examination ""-1"" ;
    pred:Assessment ""3"" ;
    pred:Recommendation_clear_recommendation ""2"" ;
    pred:Recommendation_global_rating_scale ""3"" ;
    pred:Comments ""Good"" .

Answer: 3

@prefix : <http://example.org/survey#> .
@prefix pred: <http://example.org/predicate#> .

# Questions
:QDate pred:Text ""What is the date of the session? [Open-ended]"" .
:QSessionName pred:Text ""What is the name of the session? [Open-ended]"" .
:QIdentification pred:Text ""Identification of self, role, and patient. [Rubric: 0 = Requires direct prompting, 1 = Introduces themselves but only after a hint, 2 = Introduces themselves but information is incomplete, 3 = Introduces themselves and information is complete]"" .
:QSituation pred:Text ""Identifies the main problem(s). [Rubric: 0 = Unable to identify the main problem(s), 1 = Identifies the main problem(s) after extended prompting, 2 = Identifies the main problem(s) with fewer prompts needed, 3 = Identifies and prioritizes the main problem(s) unprompted]"" .
:QBackground_history pred:Text ""Gives appropriate history. [Rubric: 0 = History is unstructured or non-relevant, 1 = Relevant history but frequent clarification needed, 2 = Relevant history with few further questions needed, 3 = Comprehensive focused history]"" .
:QBackground_examination pred:Text ""Gives appropriate examination/observations. [Rubric: 0 = Observations are omitted or irrelevant, 1 = Observations reported but frequent clarification needed, 2 = Observations reported with few further questions needed, 3 = Comprehensive focused examination/observations]"" .
:QAssessment pred:Text ""Makes logical assessment (correlates problem, history, exam, context). [Rubric: 0 = No logical assessment, 1 = Assessment only after extended questioning, 2 = Assessment after minimal questioning, 3 = Comprehensive logical assessment without questioning]"" .
:QRecommendation_clear_recommendation pred:Text ""Makes a clear recommendation. [Rubric: 0 = No recommendation, 1 = Clear recommendation only after extended questioning, 2 = Clear recommendation after minimal questioning, 3 = Clear comprehensive recommendation without questioning]"" .
:QRecommendation_global_rating_scale pred:Text ""Global Rating Scale (GRS) - How confident am I that I received an accurate picture of the patient? [Rubric: 0 = Not at all confident, 1 = Confident but required extended questioning, 2 = Confident but required some further questioning, 3 = Confident and required little or no questioning]"" .
:QComments pred:Text ""Comments on the session. [Open-ended]"" .

# Responses
:Respondent7 a :Person ;
    pred:Date ""2025-04-04"" ;
    pred:SessionName ""II (Anaphylactic Shock)"" ;
    pred:Identification ""3"" ;
    pred:Situation ""2"" ;
    pred:Background_history ""3"" ;
    pred:Background_examination ""3"" ;
    pred:Assessment ""2"" ;
    pred:Recommendation_clear_recommendation ""2"" ;
    pred:Recommendation_global_rating_scale ""3"" ;
    pred:Comments """" .

:Respondent8 a :Person ;
    pred:Date ""2025-04-04"" ;
    pred:SessionName ""IV (AF)"" ;
    pred:Identification ""3"" ;
    pred:Situation ""3"" ;
    pred:Background_history ""3"" ;
    pred:Background_examination ""3"" ;
    pred:Assessment ""3"" ;
    pred:Recommendation_clear_recommendation ""3"" ;
    pred:Recommendation_global_rating_scale ""3"" ;
    pred:Comments ""Clear communication and handover"" .

:Respondent13 a :Person ;
    pred:Date ""2025-05-02"" ;
    pred:SessionName ""I - MI"" ;
    pred:Identification ""3"" ;
    pred:Situation ""3"" ;
    pred:Background_history ""3"" ;
    pred:Background_examination ""3"" ;
    pred:Assessment ""3"" ;
    pred:Recommendation_clear_recommendation ""2"" ;
    pred:Recommendation_global_rating_scale ""3"" ;
    pred:Comments ""Consent denied for video recordings
Satisfactory"" .

You are a meticulous data analyst AI. Your primary function is to accurately analyze structured data and provide precise, verifiable answers.

You will be given a dataset with two key parts:

A 'questions' section: This is your data dictionary or schema. It is the single source of truth for understanding what each field and score means. Refer to it carefully.

A 'responses' section: This contains the raw data from each individual respondent.

To answer the question correctly, you must first use the 'questions' schema to fully understand the context and meaning of the data points within the 'responses'. Do not rely on any prior knowledge outside of this provided data. Base your entire analysis on the information given.

Provide your final answer directly and concisely. Output must be the human-readable value, not an option code.

Rules:
- For MCQ fields, map any letter codes in the Responses (case-insensitive) to the corresponding option text from the Questions schema, and output only that text. Do NOT include the letter or both.
  Example: If the schema is ""[MCQ: A. Abnormal B. Inconclusive C. Normal]"" and the response is ""a"", output ""Abnormal"".
- For open-ended fields, output the exact text value.
- If the question asks for a count, provide only the number (e.g., ""42"").
- If the question asks for a list of names or IDs, provide a simple comma-separated list (e.g., ""17, 21, 23"").
- Preserve capitalization exactly as in the schema (e.g., output ""Abnormal"", not ""abnormal"" or ""A"").

How many respondents have Identification score of 3?",7,False
case_30,conceptual_aggregation,How many respondents have Assessment score of 3?,"@prefix : <http://example.org/survey#> .
@prefix pred: <http://example.org/predicate#> .

# Questions
:QDate pred:Text ""What is the date of the session? [Open-ended]"" .
:QSessionName pred:Text ""What is the name of the session? [Open-ended]"" .
:QIdentification pred:Text ""Identification of self, role, and patient. [Rubric: 0 = Requires direct prompting, 1 = Introduces themselves but only after a hint, 2 = Introduces themselves but information is incomplete, 3 = Introduces themselves and information is complete]"" .
:QSituation pred:Text ""Identifies the main problem(s). [Rubric: 0 = Unable to identify the main problem(s), 1 = Identifies the main problem(s) after extended prompting, 2 = Identifies the main problem(s) with fewer prompts needed, 3 = Identifies and prioritizes the main problem(s) unprompted]"" .
:QBackground_history pred:Text ""Gives appropriate history. [Rubric: 0 = History is unstructured or non-relevant, 1 = Relevant history but frequent clarification needed, 2 = Relevant history with few further questions needed, 3 = Comprehensive focused history]"" .
:QBackground_examination pred:Text ""Gives appropriate examination/observations. [Rubric: 0 = Observations are omitted or irrelevant, 1 = Observations reported but frequent clarification needed, 2 = Observations reported with few further questions needed, 3 = Comprehensive focused examination/observations]"" .
:QAssessment pred:Text ""Makes logical assessment (correlates problem, history, exam, context). [Rubric: 0 = No logical assessment, 1 = Assessment only after extended questioning, 2 = Assessment after minimal questioning, 3 = Comprehensive logical assessment without questioning]"" .
:QRecommendation_clear_recommendation pred:Text ""Makes a clear recommendation. [Rubric: 0 = No recommendation, 1 = Clear recommendation only after extended questioning, 2 = Clear recommendation after minimal questioning, 3 = Clear comprehensive recommendation without questioning]"" .
:QRecommendation_global_rating_scale pred:Text ""Global Rating Scale (GRS) - How confident am I that I received an accurate picture of the patient? [Rubric: 0 = Not at all confident, 1 = Confident but required extended questioning, 2 = Confident but required some further questioning, 3 = Confident and required little or no questioning]"" .
:QComments pred:Text ""Comments on the session. [Open-ended]"" .

# Responses
:Respondent18 a :Person ;
    pred:Date ""2025-05-04"" ;
    pred:SessionName ""I - MI"" ;
    pred:Identification ""3"" ;
    pred:Situation ""3"" ;
    pred:Background_history ""3"" ;
    pred:Background_examination ""3"" ;
    pred:Assessment ""2"" ;
    pred:Recommendation_clear_recommendation ""3"" ;
    pred:Recommendation_global_rating_scale ""2"" ;
    pred:Comments ""Wrong CPR position
Clarity is a bit low over whole case scenario
Satisfactory"" .

:Respondent6 a :Person ;
    pred:Date ""2025-04-04"" ;
    pred:SessionName ""III-Sepsis"" ;
    pred:Identification ""-1"" ;
    pred:Situation ""2"" ;
    pred:Background_history ""3"" ;
    pred:Background_examination ""3"" ;
    pred:Assessment ""3"" ;
    pred:Recommendation_clear_recommendation ""3"" ;
    pred:Recommendation_global_rating_scale ""3"" ;
    pred:Comments ""The patient/simulation is not oriented in TPP.
Clear communication between Reg and colleague during handover"" .

:Respondent21 a :Person ;
    pred:Date ""2025-05-16"" ;
    pred:SessionName ""II (Anaphylaxsis)"" ;
    pred:Identification ""3"" ;
    pred:Situation ""3"" ;
    pred:Background_history ""2"" ;
    pred:Background_examination ""2"" ;
    pred:Assessment ""2"" ;
    pred:Recommendation_clear_recommendation ""3"" ;
    pred:Recommendation_global_rating_scale ""2"" ;
    pred:Comments ""Overall a bit unclear communication reflected"" .

:Respondent17 a :Person ;
    pred:Date ""2025-05-04"" ;
    pred:SessionName ""IV - VT"" ;
    pred:Identification ""3"" ;
    pred:Situation ""3"" ;
    pred:Background_history ""2"" ;
    pred:Background_examination ""2"" ;
    pred:Assessment ""3"" ;
    pred:Recommendation_clear_recommendation ""2"" ;
    pred:Recommendation_global_rating_scale ""2"" ;
    pred:Comments ""Not very concise or clear communication
Satisfactory"" .

:Respondent15 a :Person ;
    pred:Date ""2025-05-04"" ;
    pred:SessionName ""III - Sepsis"" ;
    pred:Identification ""3"" ;
    pred:Situation ""3"" ;
    pred:Background_history ""2"" ;
    pred:Background_examination ""3"" ;
    pred:Assessment ""2"" ;
    pred:Recommendation_clear_recommendation ""2"" ;
    pred:Recommendation_global_rating_scale ""2"" ;
    pred:Comments ""Detailed Response - clear communication"" .

",2,"How many respondents have Identification score of 3?

DATA:

@prefix : <http://example.org/survey#> .
@prefix pred: <http://example.org/predicate#> .

# Questions
:QDate pred:Text ""What is the date of the session? [Open-ended]"" .
:QSessionName pred:Text ""What is the name of the session? [Open-ended]"" .
:QIdentification pred:Text ""Identification of self, role, and patient. [Rubric: 0 = Requires direct prompting, 1 = Introduces themselves but only after a hint, 2 = Introduces themselves but information is incomplete, 3 = Introduces themselves and information is complete]"" .
:QSituation pred:Text ""Identifies the main problem(s). [Rubric: 0 = Unable to identify the main problem(s), 1 = Identifies the main problem(s) after extended prompting, 2 = Identifies the main problem(s) with fewer prompts needed, 3 = Identifies and prioritizes the main problem(s) unprompted]"" .
:QBackground_history pred:Text ""Gives appropriate history. [Rubric: 0 = History is unstructured or non-relevant, 1 = Relevant history but frequent clarification needed, 2 = Relevant history with few further questions needed, 3 = Comprehensive focused history]"" .
:QBackground_examination pred:Text ""Gives appropriate examination/observations. [Rubric: 0 = Observations are omitted or irrelevant, 1 = Observations reported but frequent clarification needed, 2 = Observations reported with few further questions needed, 3 = Comprehensive focused examination/observations]"" .
:QAssessment pred:Text ""Makes logical assessment (correlates problem, history, exam, context). [Rubric: 0 = No logical assessment, 1 = Assessment only after extended questioning, 2 = Assessment after minimal questioning, 3 = Comprehensive logical assessment without questioning]"" .
:QRecommendation_clear_recommendation pred:Text ""Makes a clear recommendation. [Rubric: 0 = No recommendation, 1 = Clear recommendation only after extended questioning, 2 = Clear recommendation after minimal questioning, 3 = Clear comprehensive recommendation without questioning]"" .
:QRecommendation_global_rating_scale pred:Text ""Global Rating Scale (GRS) - How confident am I that I received an accurate picture of the patient? [Rubric: 0 = Not at all confident, 1 = Confident but required extended questioning, 2 = Confident but required some further questioning, 3 = Confident and required little or no questioning]"" .
:QComments pred:Text ""Comments on the session. [Open-ended]"" .

# Responses
:Respondent2 a :Person ;
    pred:Date ""2025-03-14"" ;
    pred:SessionName ""II-Anaphylaxsis"" ;
    pred:Identification ""3"" ;
    pred:Situation ""3"" ;
    pred:Background_history ""2"" ;
    pred:Background_examination ""2"" ;
    pred:Assessment ""3"" ;
    pred:Recommendation_clear_recommendation ""3"" ;
    pred:Recommendation_global_rating_scale ""3"" ;
    pred:Comments ""Time: (11:43-11:58)
Talking to registrav could not summarize the condition of patient very clearly
DID: Sepsis I Anaphylaxsis given by team"" .

:Respondent17 a :Person ;
    pred:Date ""2025-05-04"" ;
    pred:SessionName ""IV - VT"" ;
    pred:Identification ""3"" ;
    pred:Situation ""3"" ;
    pred:Background_history ""2"" ;
    pred:Background_examination ""2"" ;
    pred:Assessment ""3"" ;
    pred:Recommendation_clear_recommendation ""2"" ;
    pred:Recommendation_global_rating_scale ""2"" ;
    pred:Comments ""Not very concise or clear communication
Satisfactory"" .

:Respondent3 a :Person ;
    pred:Date ""2025-03-14"" ;
    pred:SessionName ""IV-Hypoglycemia"" ;
    pred:Identification ""3"" ;
    pred:Situation ""3"" ;
    pred:Background_history ""2"" ;
    pred:Background_examination ""2"" ;
    pred:Assessment ""3"" ;
    pred:Recommendation_clear_recommendation ""1"" ;
    pred:Recommendation_global_rating_scale ""1"" ;
    pred:Comments ""Time: (2:36-2:53)
Late response for considering consultation"" .

:Respondent12 a :Person ;
    pred:Date ""2025-05-02"" ;
    pred:SessionName ""IV (VT)"" ;
    pred:Identification ""3"" ;
    pred:Situation ""3"" ;
    pred:Background_history ""2"" ;
    pred:Background_examination ""-1"" ;
    pred:Assessment ""3"" ;
    pred:Recommendation_clear_recommendation ""2"" ;
    pred:Recommendation_global_rating_scale ""3"" ;
    pred:Comments ""Good"" .

Answer: 3

@prefix : <http://example.org/survey#> .
@prefix pred: <http://example.org/predicate#> .

# Questions
:QDate pred:Text ""What is the date of the session? [Open-ended]"" .
:QSessionName pred:Text ""What is the name of the session? [Open-ended]"" .
:QIdentification pred:Text ""Identification of self, role, and patient. [Rubric: 0 = Requires direct prompting, 1 = Introduces themselves but only after a hint, 2 = Introduces themselves but information is incomplete, 3 = Introduces themselves and information is complete]"" .
:QSituation pred:Text ""Identifies the main problem(s). [Rubric: 0 = Unable to identify the main problem(s), 1 = Identifies the main problem(s) after extended prompting, 2 = Identifies the main problem(s) with fewer prompts needed, 3 = Identifies and prioritizes the main problem(s) unprompted]"" .
:QBackground_history pred:Text ""Gives appropriate history. [Rubric: 0 = History is unstructured or non-relevant, 1 = Relevant history but frequent clarification needed, 2 = Relevant history with few further questions needed, 3 = Comprehensive focused history]"" .
:QBackground_examination pred:Text ""Gives appropriate examination/observations. [Rubric: 0 = Observations are omitted or irrelevant, 1 = Observations reported but frequent clarification needed, 2 = Observations reported with few further questions needed, 3 = Comprehensive focused examination/observations]"" .
:QAssessment pred:Text ""Makes logical assessment (correlates problem, history, exam, context). [Rubric: 0 = No logical assessment, 1 = Assessment only after extended questioning, 2 = Assessment after minimal questioning, 3 = Comprehensive logical assessment without questioning]"" .
:QRecommendation_clear_recommendation pred:Text ""Makes a clear recommendation. [Rubric: 0 = No recommendation, 1 = Clear recommendation only after extended questioning, 2 = Clear recommendation after minimal questioning, 3 = Clear comprehensive recommendation without questioning]"" .
:QRecommendation_global_rating_scale pred:Text ""Global Rating Scale (GRS) - How confident am I that I received an accurate picture of the patient? [Rubric: 0 = Not at all confident, 1 = Confident but required extended questioning, 2 = Confident but required some further questioning, 3 = Confident and required little or no questioning]"" .
:QComments pred:Text ""Comments on the session. [Open-ended]"" .

# Responses
:Respondent18 a :Person ;
    pred:Date ""2025-05-04"" ;
    pred:SessionName ""I - MI"" ;
    pred:Identification ""3"" ;
    pred:Situation ""3"" ;
    pred:Background_history ""3"" ;
    pred:Background_examination ""3"" ;
    pred:Assessment ""2"" ;
    pred:Recommendation_clear_recommendation ""3"" ;
    pred:Recommendation_global_rating_scale ""2"" ;
    pred:Comments ""Wrong CPR position
Clarity is a bit low over whole case scenario
Satisfactory"" .

:Respondent6 a :Person ;
    pred:Date ""2025-04-04"" ;
    pred:SessionName ""III-Sepsis"" ;
    pred:Identification ""-1"" ;
    pred:Situation ""2"" ;
    pred:Background_history ""3"" ;
    pred:Background_examination ""3"" ;
    pred:Assessment ""3"" ;
    pred:Recommendation_clear_recommendation ""3"" ;
    pred:Recommendation_global_rating_scale ""3"" ;
    pred:Comments ""The patient/simulation is not oriented in TPP.
Clear communication between Reg and colleague during handover"" .

:Respondent21 a :Person ;
    pred:Date ""2025-05-16"" ;
    pred:SessionName ""II (Anaphylaxsis)"" ;
    pred:Identification ""3"" ;
    pred:Situation ""3"" ;
    pred:Background_history ""2"" ;
    pred:Background_examination ""2"" ;
    pred:Assessment ""2"" ;
    pred:Recommendation_clear_recommendation ""3"" ;
    pred:Recommendation_global_rating_scale ""2"" ;
    pred:Comments ""Overall a bit unclear communication reflected"" .

:Respondent17 a :Person ;
    pred:Date ""2025-05-04"" ;
    pred:SessionName ""IV - VT"" ;
    pred:Identification ""3"" ;
    pred:Situation ""3"" ;
    pred:Background_history ""2"" ;
    pred:Background_examination ""2"" ;
    pred:Assessment ""3"" ;
    pred:Recommendation_clear_recommendation ""2"" ;
    pred:Recommendation_global_rating_scale ""2"" ;
    pred:Comments ""Not very concise or clear communication
Satisfactory"" .

:Respondent15 a :Person ;
    pred:Date ""2025-05-04"" ;
    pred:SessionName ""III - Sepsis"" ;
    pred:Identification ""3"" ;
    pred:Situation ""3"" ;
    pred:Background_history ""2"" ;
    pred:Background_examination ""3"" ;
    pred:Assessment ""2"" ;
    pred:Recommendation_clear_recommendation ""2"" ;
    pred:Recommendation_global_rating_scale ""2"" ;
    pred:Comments ""Detailed Response - clear communication"" .

You are a meticulous data analyst AI. Your primary function is to accurately analyze structured data and provide precise, verifiable answers.

You will be given a dataset with two key parts:

A 'questions' section: This is your data dictionary or schema. It is the single source of truth for understanding what each field and score means. Refer to it carefully.

A 'responses' section: This contains the raw data from each individual respondent.

To answer the question correctly, you must first use the 'questions' schema to fully understand the context and meaning of the data points within the 'responses'. Do not rely on any prior knowledge outside of this provided data. Base your entire analysis on the information given.

Provide your final answer directly and concisely. Output must be the human-readable value, not an option code.

Rules:
- For MCQ fields, map any letter codes in the Responses (case-insensitive) to the corresponding option text from the Questions schema, and output only that text. Do NOT include the letter or both.
  Example: If the schema is ""[MCQ: A. Abnormal B. Inconclusive C. Normal]"" and the response is ""a"", output ""Abnormal"".
- For open-ended fields, output the exact text value.
- If the question asks for a count, provide only the number (e.g., ""42"").
- If the question asks for a list of names or IDs, provide a simple comma-separated list (e.g., ""17, 21, 23"").
- Preserve capitalization exactly as in the schema (e.g., output ""Abnormal"", not ""abnormal"" or ""A"").

How many respondents have Assessment score of 3?",5,False
case_31,conceptual_aggregation,How many respondents participated in session III-Sepsis?,"@prefix : <http://example.org/survey#> .
@prefix pred: <http://example.org/predicate#> .

# Questions
:QDate pred:Text ""What is the date of the session? [Open-ended]"" .
:QSessionName pred:Text ""What is the name of the session? [Open-ended]"" .
:QIdentification pred:Text ""Identification of self, role, and patient. [Rubric: 0 = Requires direct prompting, 1 = Introduces themselves but only after a hint, 2 = Introduces themselves but information is incomplete, 3 = Introduces themselves and information is complete]"" .
:QSituation pred:Text ""Identifies the main problem(s). [Rubric: 0 = Unable to identify the main problem(s), 1 = Identifies the main problem(s) after extended prompting, 2 = Identifies the main problem(s) with fewer prompts needed, 3 = Identifies and prioritizes the main problem(s) unprompted]"" .
:QBackground_history pred:Text ""Gives appropriate history. [Rubric: 0 = History is unstructured or non-relevant, 1 = Relevant history but frequent clarification needed, 2 = Relevant history with few further questions needed, 3 = Comprehensive focused history]"" .
:QBackground_examination pred:Text ""Gives appropriate examination/observations. [Rubric: 0 = Observations are omitted or irrelevant, 1 = Observations reported but frequent clarification needed, 2 = Observations reported with few further questions needed, 3 = Comprehensive focused examination/observations]"" .
:QAssessment pred:Text ""Makes logical assessment (correlates problem, history, exam, context). [Rubric: 0 = No logical assessment, 1 = Assessment only after extended questioning, 2 = Assessment after minimal questioning, 3 = Comprehensive logical assessment without questioning]"" .
:QRecommendation_clear_recommendation pred:Text ""Makes a clear recommendation. [Rubric: 0 = No recommendation, 1 = Clear recommendation only after extended questioning, 2 = Clear recommendation after minimal questioning, 3 = Clear comprehensive recommendation without questioning]"" .
:QRecommendation_global_rating_scale pred:Text ""Global Rating Scale (GRS) - How confident am I that I received an accurate picture of the patient? [Rubric: 0 = Not at all confident, 1 = Confident but required extended questioning, 2 = Confident but required some further questioning, 3 = Confident and required little or no questioning]"" .
:QComments pred:Text ""Comments on the session. [Open-ended]"" .

# Responses
:Respondent15 a :Person ;
    pred:Date ""2025-05-04"" ;
    pred:SessionName ""III - Sepsis"" ;
    pred:Identification ""3"" ;
    pred:Situation ""3"" ;
    pred:Background_history ""2"" ;
    pred:Background_examination ""3"" ;
    pred:Assessment ""2"" ;
    pred:Recommendation_clear_recommendation ""2"" ;
    pred:Recommendation_global_rating_scale ""2"" ;
    pred:Comments ""Detailed Response - clear communication"" .

:Respondent18 a :Person ;
    pred:Date ""2025-05-04"" ;
    pred:SessionName ""I - MI"" ;
    pred:Identification ""3"" ;
    pred:Situation ""3"" ;
    pred:Background_history ""3"" ;
    pred:Background_examination ""3"" ;
    pred:Assessment ""2"" ;
    pred:Recommendation_clear_recommendation ""3"" ;
    pred:Recommendation_global_rating_scale ""2"" ;
    pred:Comments ""Wrong CPR position
Clarity is a bit low over whole case scenario
Satisfactory"" .

:Respondent5 a :Person ;
    pred:Date ""2025-03-14"" ;
    pred:SessionName ""(MI)-VT"" ;
    pred:Identification ""0"" ;
    pred:Situation ""2"" ;
    pred:Background_history ""2"" ;
    pred:Background_examination ""2"" ;
    pred:Assessment ""2"" ;
    pred:Recommendation_clear_recommendation ""2"" ;
    pred:Recommendation_global_rating_scale ""2"" ;
    pred:Comments ""Time: (15:53-16:14)"" .

:Respondent10 a :Person ;
    pred:Date ""2025-05-02"" ;
    pred:SessionName ""III (Sepsis)"" ;
    pred:Identification ""3"" ;
    pred:Situation ""3"" ;
    pred:Background_history ""3"" ;
    pred:Background_examination ""2"" ;
    pred:Assessment ""2"" ;
    pred:Recommendation_clear_recommendation ""2"" ;
    pred:Recommendation_global_rating_scale ""3"" ;
    pred:Comments ""Clear communication during handover
Good"" .

:Respondent23 a :Person ;
    pred:Date ""2025-05-16"" ;
    pred:SessionName ""I (Myocardial infarction)"" ;
    pred:Identification ""3"" ;
    pred:Situation ""2"" ;
    pred:Background_history ""3"" ;
    pred:Background_examination ""1"" ;
    pred:Assessment ""2"" ;
    pred:Recommendation_clear_recommendation ""3"" ;
    pred:Recommendation_global_rating_scale ""3"" ;
    pred:Comments ""Diagnostic clarity is present
Good and early assessment of condition is done"" .

:Respondent8 a :Person ;
    pred:Date ""2025-04-04"" ;
    pred:SessionName ""IV (AF)"" ;
    pred:Identification ""3"" ;
    pred:Situation ""3"" ;
    pred:Background_history ""3"" ;
    pred:Background_examination ""3"" ;
    pred:Assessment ""3"" ;
    pred:Recommendation_clear_recommendation ""3"" ;
    pred:Recommendation_global_rating_scale ""3"" ;
    pred:Comments ""Clear communication and handover"" .

:Respondent11 a :Person ;
    pred:Date ""2025-05-02"" ;
    pred:SessionName ""II (Anaphylaxis)"" ;
    pred:Identification ""3"" ;
    pred:Situation ""3"" ;
    pred:Background_history ""3"" ;
    pred:Background_examination ""3"" ;
    pred:Assessment ""2"" ;
    pred:Recommendation_clear_recommendation ""3"" ;
    pred:Recommendation_global_rating_scale ""3"" ;
    pred:Comments ""Good"" .

:Respondent1 a :Person ;
    pred:Date ""2025-03-14"" ;
    pred:SessionName ""III-Sepsis"" ;
    pred:Identification ""3"" ;
    pred:Situation ""3"" ;
    pred:Background_history ""2"" ;
    pred:Background_examination ""3"" ;
    pred:Assessment ""2"" ;
    pred:Recommendation_clear_recommendation ""2"" ;
    pred:Recommendation_global_rating_scale ""2"" ;
    pred:Comments ""Time: (1:00-1:17)"" .

",1,"How many respondents have Identification score of 3?

DATA:

@prefix : <http://example.org/survey#> .
@prefix pred: <http://example.org/predicate#> .

# Questions
:QDate pred:Text ""What is the date of the session? [Open-ended]"" .
:QSessionName pred:Text ""What is the name of the session? [Open-ended]"" .
:QIdentification pred:Text ""Identification of self, role, and patient. [Rubric: 0 = Requires direct prompting, 1 = Introduces themselves but only after a hint, 2 = Introduces themselves but information is incomplete, 3 = Introduces themselves and information is complete]"" .
:QSituation pred:Text ""Identifies the main problem(s). [Rubric: 0 = Unable to identify the main problem(s), 1 = Identifies the main problem(s) after extended prompting, 2 = Identifies the main problem(s) with fewer prompts needed, 3 = Identifies and prioritizes the main problem(s) unprompted]"" .
:QBackground_history pred:Text ""Gives appropriate history. [Rubric: 0 = History is unstructured or non-relevant, 1 = Relevant history but frequent clarification needed, 2 = Relevant history with few further questions needed, 3 = Comprehensive focused history]"" .
:QBackground_examination pred:Text ""Gives appropriate examination/observations. [Rubric: 0 = Observations are omitted or irrelevant, 1 = Observations reported but frequent clarification needed, 2 = Observations reported with few further questions needed, 3 = Comprehensive focused examination/observations]"" .
:QAssessment pred:Text ""Makes logical assessment (correlates problem, history, exam, context). [Rubric: 0 = No logical assessment, 1 = Assessment only after extended questioning, 2 = Assessment after minimal questioning, 3 = Comprehensive logical assessment without questioning]"" .
:QRecommendation_clear_recommendation pred:Text ""Makes a clear recommendation. [Rubric: 0 = No recommendation, 1 = Clear recommendation only after extended questioning, 2 = Clear recommendation after minimal questioning, 3 = Clear comprehensive recommendation without questioning]"" .
:QRecommendation_global_rating_scale pred:Text ""Global Rating Scale (GRS) - How confident am I that I received an accurate picture of the patient? [Rubric: 0 = Not at all confident, 1 = Confident but required extended questioning, 2 = Confident but required some further questioning, 3 = Confident and required little or no questioning]"" .
:QComments pred:Text ""Comments on the session. [Open-ended]"" .

# Responses
:Respondent2 a :Person ;
    pred:Date ""2025-03-14"" ;
    pred:SessionName ""II-Anaphylaxsis"" ;
    pred:Identification ""3"" ;
    pred:Situation ""3"" ;
    pred:Background_history ""2"" ;
    pred:Background_examination ""2"" ;
    pred:Assessment ""3"" ;
    pred:Recommendation_clear_recommendation ""3"" ;
    pred:Recommendation_global_rating_scale ""3"" ;
    pred:Comments ""Time: (11:43-11:58)
Talking to registrav could not summarize the condition of patient very clearly
DID: Sepsis I Anaphylaxsis given by team"" .

:Respondent17 a :Person ;
    pred:Date ""2025-05-04"" ;
    pred:SessionName ""IV - VT"" ;
    pred:Identification ""3"" ;
    pred:Situation ""3"" ;
    pred:Background_history ""2"" ;
    pred:Background_examination ""2"" ;
    pred:Assessment ""3"" ;
    pred:Recommendation_clear_recommendation ""2"" ;
    pred:Recommendation_global_rating_scale ""2"" ;
    pred:Comments ""Not very concise or clear communication
Satisfactory"" .

:Respondent3 a :Person ;
    pred:Date ""2025-03-14"" ;
    pred:SessionName ""IV-Hypoglycemia"" ;
    pred:Identification ""3"" ;
    pred:Situation ""3"" ;
    pred:Background_history ""2"" ;
    pred:Background_examination ""2"" ;
    pred:Assessment ""3"" ;
    pred:Recommendation_clear_recommendation ""1"" ;
    pred:Recommendation_global_rating_scale ""1"" ;
    pred:Comments ""Time: (2:36-2:53)
Late response for considering consultation"" .

:Respondent12 a :Person ;
    pred:Date ""2025-05-02"" ;
    pred:SessionName ""IV (VT)"" ;
    pred:Identification ""3"" ;
    pred:Situation ""3"" ;
    pred:Background_history ""2"" ;
    pred:Background_examination ""-1"" ;
    pred:Assessment ""3"" ;
    pred:Recommendation_clear_recommendation ""2"" ;
    pred:Recommendation_global_rating_scale ""3"" ;
    pred:Comments ""Good"" .

Answer: 3

@prefix : <http://example.org/survey#> .
@prefix pred: <http://example.org/predicate#> .

# Questions
:QDate pred:Text ""What is the date of the session? [Open-ended]"" .
:QSessionName pred:Text ""What is the name of the session? [Open-ended]"" .
:QIdentification pred:Text ""Identification of self, role, and patient. [Rubric: 0 = Requires direct prompting, 1 = Introduces themselves but only after a hint, 2 = Introduces themselves but information is incomplete, 3 = Introduces themselves and information is complete]"" .
:QSituation pred:Text ""Identifies the main problem(s). [Rubric: 0 = Unable to identify the main problem(s), 1 = Identifies the main problem(s) after extended prompting, 2 = Identifies the main problem(s) with fewer prompts needed, 3 = Identifies and prioritizes the main problem(s) unprompted]"" .
:QBackground_history pred:Text ""Gives appropriate history. [Rubric: 0 = History is unstructured or non-relevant, 1 = Relevant history but frequent clarification needed, 2 = Relevant history with few further questions needed, 3 = Comprehensive focused history]"" .
:QBackground_examination pred:Text ""Gives appropriate examination/observations. [Rubric: 0 = Observations are omitted or irrelevant, 1 = Observations reported but frequent clarification needed, 2 = Observations reported with few further questions needed, 3 = Comprehensive focused examination/observations]"" .
:QAssessment pred:Text ""Makes logical assessment (correlates problem, history, exam, context). [Rubric: 0 = No logical assessment, 1 = Assessment only after extended questioning, 2 = Assessment after minimal questioning, 3 = Comprehensive logical assessment without questioning]"" .
:QRecommendation_clear_recommendation pred:Text ""Makes a clear recommendation. [Rubric: 0 = No recommendation, 1 = Clear recommendation only after extended questioning, 2 = Clear recommendation after minimal questioning, 3 = Clear comprehensive recommendation without questioning]"" .
:QRecommendation_global_rating_scale pred:Text ""Global Rating Scale (GRS) - How confident am I that I received an accurate picture of the patient? [Rubric: 0 = Not at all confident, 1 = Confident but required extended questioning, 2 = Confident but required some further questioning, 3 = Confident and required little or no questioning]"" .
:QComments pred:Text ""Comments on the session. [Open-ended]"" .

# Responses
:Respondent15 a :Person ;
    pred:Date ""2025-05-04"" ;
    pred:SessionName ""III - Sepsis"" ;
    pred:Identification ""3"" ;
    pred:Situation ""3"" ;
    pred:Background_history ""2"" ;
    pred:Background_examination ""3"" ;
    pred:Assessment ""2"" ;
    pred:Recommendation_clear_recommendation ""2"" ;
    pred:Recommendation_global_rating_scale ""2"" ;
    pred:Comments ""Detailed Response - clear communication"" .

:Respondent18 a :Person ;
    pred:Date ""2025-05-04"" ;
    pred:SessionName ""I - MI"" ;
    pred:Identification ""3"" ;
    pred:Situation ""3"" ;
    pred:Background_history ""3"" ;
    pred:Background_examination ""3"" ;
    pred:Assessment ""2"" ;
    pred:Recommendation_clear_recommendation ""3"" ;
    pred:Recommendation_global_rating_scale ""2"" ;
    pred:Comments ""Wrong CPR position
Clarity is a bit low over whole case scenario
Satisfactory"" .

:Respondent5 a :Person ;
    pred:Date ""2025-03-14"" ;
    pred:SessionName ""(MI)-VT"" ;
    pred:Identification ""0"" ;
    pred:Situation ""2"" ;
    pred:Background_history ""2"" ;
    pred:Background_examination ""2"" ;
    pred:Assessment ""2"" ;
    pred:Recommendation_clear_recommendation ""2"" ;
    pred:Recommendation_global_rating_scale ""2"" ;
    pred:Comments ""Time: (15:53-16:14)"" .

:Respondent10 a :Person ;
    pred:Date ""2025-05-02"" ;
    pred:SessionName ""III (Sepsis)"" ;
    pred:Identification ""3"" ;
    pred:Situation ""3"" ;
    pred:Background_history ""3"" ;
    pred:Background_examination ""2"" ;
    pred:Assessment ""2"" ;
    pred:Recommendation_clear_recommendation ""2"" ;
    pred:Recommendation_global_rating_scale ""3"" ;
    pred:Comments ""Clear communication during handover
Good"" .

:Respondent23 a :Person ;
    pred:Date ""2025-05-16"" ;
    pred:SessionName ""I (Myocardial infarction)"" ;
    pred:Identification ""3"" ;
    pred:Situation ""2"" ;
    pred:Background_history ""3"" ;
    pred:Background_examination ""1"" ;
    pred:Assessment ""2"" ;
    pred:Recommendation_clear_recommendation ""3"" ;
    pred:Recommendation_global_rating_scale ""3"" ;
    pred:Comments ""Diagnostic clarity is present
Good and early assessment of condition is done"" .

:Respondent8 a :Person ;
    pred:Date ""2025-04-04"" ;
    pred:SessionName ""IV (AF)"" ;
    pred:Identification ""3"" ;
    pred:Situation ""3"" ;
    pred:Background_history ""3"" ;
    pred:Background_examination ""3"" ;
    pred:Assessment ""3"" ;
    pred:Recommendation_clear_recommendation ""3"" ;
    pred:Recommendation_global_rating_scale ""3"" ;
    pred:Comments ""Clear communication and handover"" .

:Respondent11 a :Person ;
    pred:Date ""2025-05-02"" ;
    pred:SessionName ""II (Anaphylaxis)"" ;
    pred:Identification ""3"" ;
    pred:Situation ""3"" ;
    pred:Background_history ""3"" ;
    pred:Background_examination ""3"" ;
    pred:Assessment ""2"" ;
    pred:Recommendation_clear_recommendation ""3"" ;
    pred:Recommendation_global_rating_scale ""3"" ;
    pred:Comments ""Good"" .

:Respondent1 a :Person ;
    pred:Date ""2025-03-14"" ;
    pred:SessionName ""III-Sepsis"" ;
    pred:Identification ""3"" ;
    pred:Situation ""3"" ;
    pred:Background_history ""2"" ;
    pred:Background_examination ""3"" ;
    pred:Assessment ""2"" ;
    pred:Recommendation_clear_recommendation ""2"" ;
    pred:Recommendation_global_rating_scale ""2"" ;
    pred:Comments ""Time: (1:00-1:17)"" .

You are a meticulous data analyst AI. Your primary function is to accurately analyze structured data and provide precise, verifiable answers.

You will be given a dataset with two key parts:

A 'questions' section: This is your data dictionary or schema. It is the single source of truth for understanding what each field and score means. Refer to it carefully.

A 'responses' section: This contains the raw data from each individual respondent.

To answer the question correctly, you must first use the 'questions' schema to fully understand the context and meaning of the data points within the 'responses'. Do not rely on any prior knowledge outside of this provided data. Base your entire analysis on the information given.

Provide your final answer directly and concisely. Output must be the human-readable value, not an option code.

Rules:
- For MCQ fields, map any letter codes in the Responses (case-insensitive) to the corresponding option text from the Questions schema, and output only that text. Do NOT include the letter or both.
  Example: If the schema is ""[MCQ: A. Abnormal B. Inconclusive C. Normal]"" and the response is ""a"", output ""Abnormal"".
- For open-ended fields, output the exact text value.
- If the question asks for a count, provide only the number (e.g., ""42"").
- If the question asks for a list of names or IDs, provide a simple comma-separated list (e.g., ""17, 21, 23"").
- Preserve capitalization exactly as in the schema (e.g., output ""Abnormal"", not ""abnormal"" or ""A"").

How many respondents participated in session III-Sepsis?",1,True
case_32,conceptual_aggregation,How many respondents have sessions conducted on 2025-05-02?,"@prefix : <http://example.org/survey#> .
@prefix pred: <http://example.org/predicate#> .

# Questions
:QDate pred:Text ""What is the date of the session? [Open-ended]"" .
:QSessionName pred:Text ""What is the name of the session? [Open-ended]"" .
:QIdentification pred:Text ""Identification of self, role, and patient. [Rubric: 0 = Requires direct prompting, 1 = Introduces themselves but only after a hint, 2 = Introduces themselves but information is incomplete, 3 = Introduces themselves and information is complete]"" .
:QSituation pred:Text ""Identifies the main problem(s). [Rubric: 0 = Unable to identify the main problem(s), 1 = Identifies the main problem(s) after extended prompting, 2 = Identifies the main problem(s) with fewer prompts needed, 3 = Identifies and prioritizes the main problem(s) unprompted]"" .
:QBackground_history pred:Text ""Gives appropriate history. [Rubric: 0 = History is unstructured or non-relevant, 1 = Relevant history but frequent clarification needed, 2 = Relevant history with few further questions needed, 3 = Comprehensive focused history]"" .
:QBackground_examination pred:Text ""Gives appropriate examination/observations. [Rubric: 0 = Observations are omitted or irrelevant, 1 = Observations reported but frequent clarification needed, 2 = Observations reported with few further questions needed, 3 = Comprehensive focused examination/observations]"" .
:QAssessment pred:Text ""Makes logical assessment (correlates problem, history, exam, context). [Rubric: 0 = No logical assessment, 1 = Assessment only after extended questioning, 2 = Assessment after minimal questioning, 3 = Comprehensive logical assessment without questioning]"" .
:QRecommendation_clear_recommendation pred:Text ""Makes a clear recommendation. [Rubric: 0 = No recommendation, 1 = Clear recommendation only after extended questioning, 2 = Clear recommendation after minimal questioning, 3 = Clear comprehensive recommendation without questioning]"" .
:QRecommendation_global_rating_scale pred:Text ""Global Rating Scale (GRS) - How confident am I that I received an accurate picture of the patient? [Rubric: 0 = Not at all confident, 1 = Confident but required extended questioning, 2 = Confident but required some further questioning, 3 = Confident and required little or no questioning]"" .
:QComments pred:Text ""Comments on the session. [Open-ended]"" .

# Responses
:Respondent5 a :Person ;
    pred:Date ""2025-03-14"" ;
    pred:SessionName ""(MI)-VT"" ;
    pred:Identification ""0"" ;
    pred:Situation ""2"" ;
    pred:Background_history ""2"" ;
    pred:Background_examination ""2"" ;
    pred:Assessment ""2"" ;
    pred:Recommendation_clear_recommendation ""2"" ;
    pred:Recommendation_global_rating_scale ""2"" ;
    pred:Comments ""Time: (15:53-16:14)"" .

:Respondent18 a :Person ;
    pred:Date ""2025-05-04"" ;
    pred:SessionName ""I - MI"" ;
    pred:Identification ""3"" ;
    pred:Situation ""3"" ;
    pred:Background_history ""3"" ;
    pred:Background_examination ""3"" ;
    pred:Assessment ""2"" ;
    pred:Recommendation_clear_recommendation ""3"" ;
    pred:Recommendation_global_rating_scale ""2"" ;
    pred:Comments ""Wrong CPR position
Clarity is a bit low over whole case scenario
Satisfactory"" .

:Respondent15 a :Person ;
    pred:Date ""2025-05-04"" ;
    pred:SessionName ""III - Sepsis"" ;
    pred:Identification ""3"" ;
    pred:Situation ""3"" ;
    pred:Background_history ""2"" ;
    pred:Background_examination ""3"" ;
    pred:Assessment ""2"" ;
    pred:Recommendation_clear_recommendation ""2"" ;
    pred:Recommendation_global_rating_scale ""2"" ;
    pred:Comments ""Detailed Response - clear communication"" .

:Respondent11 a :Person ;
    pred:Date ""2025-05-02"" ;
    pred:SessionName ""II (Anaphylaxis)"" ;
    pred:Identification ""3"" ;
    pred:Situation ""3"" ;
    pred:Background_history ""3"" ;
    pred:Background_examination ""3"" ;
    pred:Assessment ""2"" ;
    pred:Recommendation_clear_recommendation ""3"" ;
    pred:Recommendation_global_rating_scale ""3"" ;
    pred:Comments ""Good"" .

:Respondent14 a :Person ;
    pred:Date ""2025-05-02"" ;
    pred:SessionName ""V (Hypoglycemia)"" ;
    pred:Identification ""3"" ;
    pred:Situation ""2"" ;
    pred:Background_history ""2"" ;
    pred:Background_examination ""2"" ;
    pred:Assessment ""3"" ;
    pred:Recommendation_clear_recommendation ""2"" ;
    pred:Recommendation_global_rating_scale ""3"" ;
    pred:Comments ""Satisfactory"" .

:Respondent2 a :Person ;
    pred:Date ""2025-03-14"" ;
    pred:SessionName ""II-Anaphylaxsis"" ;
    pred:Identification ""3"" ;
    pred:Situation ""3"" ;
    pred:Background_history ""2"" ;
    pred:Background_examination ""2"" ;
    pred:Assessment ""3"" ;
    pred:Recommendation_clear_recommendation ""3"" ;
    pred:Recommendation_global_rating_scale ""3"" ;
    pred:Comments ""Time: (11:43-11:58)
Talking to registrav could not summarize the condition of patient very clearly
DID: Sepsis I Anaphylaxsis given by team"" .

",2,"How many respondents have Identification score of 3?

DATA:

@prefix : <http://example.org/survey#> .
@prefix pred: <http://example.org/predicate#> .

# Questions
:QDate pred:Text ""What is the date of the session? [Open-ended]"" .
:QSessionName pred:Text ""What is the name of the session? [Open-ended]"" .
:QIdentification pred:Text ""Identification of self, role, and patient. [Rubric: 0 = Requires direct prompting, 1 = Introduces themselves but only after a hint, 2 = Introduces themselves but information is incomplete, 3 = Introduces themselves and information is complete]"" .
:QSituation pred:Text ""Identifies the main problem(s). [Rubric: 0 = Unable to identify the main problem(s), 1 = Identifies the main problem(s) after extended prompting, 2 = Identifies the main problem(s) with fewer prompts needed, 3 = Identifies and prioritizes the main problem(s) unprompted]"" .
:QBackground_history pred:Text ""Gives appropriate history. [Rubric: 0 = History is unstructured or non-relevant, 1 = Relevant history but frequent clarification needed, 2 = Relevant history with few further questions needed, 3 = Comprehensive focused history]"" .
:QBackground_examination pred:Text ""Gives appropriate examination/observations. [Rubric: 0 = Observations are omitted or irrelevant, 1 = Observations reported but frequent clarification needed, 2 = Observations reported with few further questions needed, 3 = Comprehensive focused examination/observations]"" .
:QAssessment pred:Text ""Makes logical assessment (correlates problem, history, exam, context). [Rubric: 0 = No logical assessment, 1 = Assessment only after extended questioning, 2 = Assessment after minimal questioning, 3 = Comprehensive logical assessment without questioning]"" .
:QRecommendation_clear_recommendation pred:Text ""Makes a clear recommendation. [Rubric: 0 = No recommendation, 1 = Clear recommendation only after extended questioning, 2 = Clear recommendation after minimal questioning, 3 = Clear comprehensive recommendation without questioning]"" .
:QRecommendation_global_rating_scale pred:Text ""Global Rating Scale (GRS) - How confident am I that I received an accurate picture of the patient? [Rubric: 0 = Not at all confident, 1 = Confident but required extended questioning, 2 = Confident but required some further questioning, 3 = Confident and required little or no questioning]"" .
:QComments pred:Text ""Comments on the session. [Open-ended]"" .

# Responses
:Respondent2 a :Person ;
    pred:Date ""2025-03-14"" ;
    pred:SessionName ""II-Anaphylaxsis"" ;
    pred:Identification ""3"" ;
    pred:Situation ""3"" ;
    pred:Background_history ""2"" ;
    pred:Background_examination ""2"" ;
    pred:Assessment ""3"" ;
    pred:Recommendation_clear_recommendation ""3"" ;
    pred:Recommendation_global_rating_scale ""3"" ;
    pred:Comments ""Time: (11:43-11:58)
Talking to registrav could not summarize the condition of patient very clearly
DID: Sepsis I Anaphylaxsis given by team"" .

:Respondent17 a :Person ;
    pred:Date ""2025-05-04"" ;
    pred:SessionName ""IV - VT"" ;
    pred:Identification ""3"" ;
    pred:Situation ""3"" ;
    pred:Background_history ""2"" ;
    pred:Background_examination ""2"" ;
    pred:Assessment ""3"" ;
    pred:Recommendation_clear_recommendation ""2"" ;
    pred:Recommendation_global_rating_scale ""2"" ;
    pred:Comments ""Not very concise or clear communication
Satisfactory"" .

:Respondent3 a :Person ;
    pred:Date ""2025-03-14"" ;
    pred:SessionName ""IV-Hypoglycemia"" ;
    pred:Identification ""3"" ;
    pred:Situation ""3"" ;
    pred:Background_history ""2"" ;
    pred:Background_examination ""2"" ;
    pred:Assessment ""3"" ;
    pred:Recommendation_clear_recommendation ""1"" ;
    pred:Recommendation_global_rating_scale ""1"" ;
    pred:Comments ""Time: (2:36-2:53)
Late response for considering consultation"" .

:Respondent12 a :Person ;
    pred:Date ""2025-05-02"" ;
    pred:SessionName ""IV (VT)"" ;
    pred:Identification ""3"" ;
    pred:Situation ""3"" ;
    pred:Background_history ""2"" ;
    pred:Background_examination ""-1"" ;
    pred:Assessment ""3"" ;
    pred:Recommendation_clear_recommendation ""2"" ;
    pred:Recommendation_global_rating_scale ""3"" ;
    pred:Comments ""Good"" .

Answer: 3

@prefix : <http://example.org/survey#> .
@prefix pred: <http://example.org/predicate#> .

# Questions
:QDate pred:Text ""What is the date of the session? [Open-ended]"" .
:QSessionName pred:Text ""What is the name of the session? [Open-ended]"" .
:QIdentification pred:Text ""Identification of self, role, and patient. [Rubric: 0 = Requires direct prompting, 1 = Introduces themselves but only after a hint, 2 = Introduces themselves but information is incomplete, 3 = Introduces themselves and information is complete]"" .
:QSituation pred:Text ""Identifies the main problem(s). [Rubric: 0 = Unable to identify the main problem(s), 1 = Identifies the main problem(s) after extended prompting, 2 = Identifies the main problem(s) with fewer prompts needed, 3 = Identifies and prioritizes the main problem(s) unprompted]"" .
:QBackground_history pred:Text ""Gives appropriate history. [Rubric: 0 = History is unstructured or non-relevant, 1 = Relevant history but frequent clarification needed, 2 = Relevant history with few further questions needed, 3 = Comprehensive focused history]"" .
:QBackground_examination pred:Text ""Gives appropriate examination/observations. [Rubric: 0 = Observations are omitted or irrelevant, 1 = Observations reported but frequent clarification needed, 2 = Observations reported with few further questions needed, 3 = Comprehensive focused examination/observations]"" .
:QAssessment pred:Text ""Makes logical assessment (correlates problem, history, exam, context). [Rubric: 0 = No logical assessment, 1 = Assessment only after extended questioning, 2 = Assessment after minimal questioning, 3 = Comprehensive logical assessment without questioning]"" .
:QRecommendation_clear_recommendation pred:Text ""Makes a clear recommendation. [Rubric: 0 = No recommendation, 1 = Clear recommendation only after extended questioning, 2 = Clear recommendation after minimal questioning, 3 = Clear comprehensive recommendation without questioning]"" .
:QRecommendation_global_rating_scale pred:Text ""Global Rating Scale (GRS) - How confident am I that I received an accurate picture of the patient? [Rubric: 0 = Not at all confident, 1 = Confident but required extended questioning, 2 = Confident but required some further questioning, 3 = Confident and required little or no questioning]"" .
:QComments pred:Text ""Comments on the session. [Open-ended]"" .

# Responses
:Respondent5 a :Person ;
    pred:Date ""2025-03-14"" ;
    pred:SessionName ""(MI)-VT"" ;
    pred:Identification ""0"" ;
    pred:Situation ""2"" ;
    pred:Background_history ""2"" ;
    pred:Background_examination ""2"" ;
    pred:Assessment ""2"" ;
    pred:Recommendation_clear_recommendation ""2"" ;
    pred:Recommendation_global_rating_scale ""2"" ;
    pred:Comments ""Time: (15:53-16:14)"" .

:Respondent18 a :Person ;
    pred:Date ""2025-05-04"" ;
    pred:SessionName ""I - MI"" ;
    pred:Identification ""3"" ;
    pred:Situation ""3"" ;
    pred:Background_history ""3"" ;
    pred:Background_examination ""3"" ;
    pred:Assessment ""2"" ;
    pred:Recommendation_clear_recommendation ""3"" ;
    pred:Recommendation_global_rating_scale ""2"" ;
    pred:Comments ""Wrong CPR position
Clarity is a bit low over whole case scenario
Satisfactory"" .

:Respondent15 a :Person ;
    pred:Date ""2025-05-04"" ;
    pred:SessionName ""III - Sepsis"" ;
    pred:Identification ""3"" ;
    pred:Situation ""3"" ;
    pred:Background_history ""2"" ;
    pred:Background_examination ""3"" ;
    pred:Assessment ""2"" ;
    pred:Recommendation_clear_recommendation ""2"" ;
    pred:Recommendation_global_rating_scale ""2"" ;
    pred:Comments ""Detailed Response - clear communication"" .

:Respondent11 a :Person ;
    pred:Date ""2025-05-02"" ;
    pred:SessionName ""II (Anaphylaxis)"" ;
    pred:Identification ""3"" ;
    pred:Situation ""3"" ;
    pred:Background_history ""3"" ;
    pred:Background_examination ""3"" ;
    pred:Assessment ""2"" ;
    pred:Recommendation_clear_recommendation ""3"" ;
    pred:Recommendation_global_rating_scale ""3"" ;
    pred:Comments ""Good"" .

:Respondent14 a :Person ;
    pred:Date ""2025-05-02"" ;
    pred:SessionName ""V (Hypoglycemia)"" ;
    pred:Identification ""3"" ;
    pred:Situation ""2"" ;
    pred:Background_history ""2"" ;
    pred:Background_examination ""2"" ;
    pred:Assessment ""3"" ;
    pred:Recommendation_clear_recommendation ""2"" ;
    pred:Recommendation_global_rating_scale ""3"" ;
    pred:Comments ""Satisfactory"" .

:Respondent2 a :Person ;
    pred:Date ""2025-03-14"" ;
    pred:SessionName ""II-Anaphylaxsis"" ;
    pred:Identification ""3"" ;
    pred:Situation ""3"" ;
    pred:Background_history ""2"" ;
    pred:Background_examination ""2"" ;
    pred:Assessment ""3"" ;
    pred:Recommendation_clear_recommendation ""3"" ;
    pred:Recommendation_global_rating_scale ""3"" ;
    pred:Comments ""Time: (11:43-11:58)
Talking to registrav could not summarize the condition of patient very clearly
DID: Sepsis I Anaphylaxsis given by team"" .

You are a meticulous data analyst AI. Your primary function is to accurately analyze structured data and provide precise, verifiable answers.

You will be given a dataset with two key parts:

A 'questions' section: This is your data dictionary or schema. It is the single source of truth for understanding what each field and score means. Refer to it carefully.

A 'responses' section: This contains the raw data from each individual respondent.

To answer the question correctly, you must first use the 'questions' schema to fully understand the context and meaning of the data points within the 'responses'. Do not rely on any prior knowledge outside of this provided data. Base your entire analysis on the information given.

Provide your final answer directly and concisely. Output must be the human-readable value, not an option code.

Rules:
- For MCQ fields, map any letter codes in the Responses (case-insensitive) to the corresponding option text from the Questions schema, and output only that text. Do NOT include the letter or both.
  Example: If the schema is ""[MCQ: A. Abnormal B. Inconclusive C. Normal]"" and the response is ""a"", output ""Abnormal"".
- For open-ended fields, output the exact text value.
- If the question asks for a count, provide only the number (e.g., ""42"").
- If the question asks for a list of names or IDs, provide a simple comma-separated list (e.g., ""17, 21, 23"").
- Preserve capitalization exactly as in the schema (e.g., output ""Abnormal"", not ""abnormal"" or ""A"").

How many respondents have sessions conducted on 2025-05-02?",3,False
case_33,conceptual_aggregation,How many respondents have Recommendation (global rating scale) score of 2?,"@prefix : <http://example.org/survey#> .
@prefix pred: <http://example.org/predicate#> .

# Questions
:QDate pred:Text ""What is the date of the session? [Open-ended]"" .
:QSessionName pred:Text ""What is the name of the session? [Open-ended]"" .
:QIdentification pred:Text ""Identification of self, role, and patient. [Rubric: 0 = Requires direct prompting, 1 = Introduces themselves but only after a hint, 2 = Introduces themselves but information is incomplete, 3 = Introduces themselves and information is complete]"" .
:QSituation pred:Text ""Identifies the main problem(s). [Rubric: 0 = Unable to identify the main problem(s), 1 = Identifies the main problem(s) after extended prompting, 2 = Identifies the main problem(s) with fewer prompts needed, 3 = Identifies and prioritizes the main problem(s) unprompted]"" .
:QBackground_history pred:Text ""Gives appropriate history. [Rubric: 0 = History is unstructured or non-relevant, 1 = Relevant history but frequent clarification needed, 2 = Relevant history with few further questions needed, 3 = Comprehensive focused history]"" .
:QBackground_examination pred:Text ""Gives appropriate examination/observations. [Rubric: 0 = Observations are omitted or irrelevant, 1 = Observations reported but frequent clarification needed, 2 = Observations reported with few further questions needed, 3 = Comprehensive focused examination/observations]"" .
:QAssessment pred:Text ""Makes logical assessment (correlates problem, history, exam, context). [Rubric: 0 = No logical assessment, 1 = Assessment only after extended questioning, 2 = Assessment after minimal questioning, 3 = Comprehensive logical assessment without questioning]"" .
:QRecommendation_clear_recommendation pred:Text ""Makes a clear recommendation. [Rubric: 0 = No recommendation, 1 = Clear recommendation only after extended questioning, 2 = Clear recommendation after minimal questioning, 3 = Clear comprehensive recommendation without questioning]"" .
:QRecommendation_global_rating_scale pred:Text ""Global Rating Scale (GRS) - How confident am I that I received an accurate picture of the patient? [Rubric: 0 = Not at all confident, 1 = Confident but required extended questioning, 2 = Confident but required some further questioning, 3 = Confident and required little or no questioning]"" .
:QComments pred:Text ""Comments on the session. [Open-ended]"" .

# Responses
:Respondent16 a :Person ;
    pred:Date ""2025-05-04"" ;
    pred:SessionName ""II - Anaphylaxsis"" ;
    pred:Identification ""3"" ;
    pred:Situation ""3"" ;
    pred:Background_history ""3"" ;
    pred:Background_examination ""3"" ;
    pred:Assessment ""3"" ;
    pred:Recommendation_clear_recommendation ""2"" ;
    pred:Recommendation_global_rating_scale ""3"" ;
    pred:Comments ""Good clear and precise clinical handover
Good"" .

:Respondent1 a :Person ;
    pred:Date ""2025-03-14"" ;
    pred:SessionName ""III-Sepsis"" ;
    pred:Identification ""3"" ;
    pred:Situation ""3"" ;
    pred:Background_history ""2"" ;
    pred:Background_examination ""3"" ;
    pred:Assessment ""2"" ;
    pred:Recommendation_clear_recommendation ""2"" ;
    pred:Recommendation_global_rating_scale ""2"" ;
    pred:Comments ""Time: (1:00-1:17)"" .

:Respondent15 a :Person ;
    pred:Date ""2025-05-04"" ;
    pred:SessionName ""III - Sepsis"" ;
    pred:Identification ""3"" ;
    pred:Situation ""3"" ;
    pred:Background_history ""2"" ;
    pred:Background_examination ""3"" ;
    pred:Assessment ""2"" ;
    pred:Recommendation_clear_recommendation ""2"" ;
    pred:Recommendation_global_rating_scale ""2"" ;
    pred:Comments ""Detailed Response - clear communication"" .

:Respondent19 a :Person ;
    pred:Date ""2025-05-04"" ;
    pred:SessionName ""V (Hypoglycemia)"" ;
    pred:Identification ""3"" ;
    pred:Situation ""3"" ;
    pred:Background_history ""3"" ;
    pred:Background_examination ""3"" ;
    pred:Assessment ""3"" ;
    pred:Recommendation_clear_recommendation ""3"" ;
    pred:Recommendation_global_rating_scale ""2"" ;
    pred:Comments ""Concise - clear
Satisfactory"" .

:Respondent17 a :Person ;
    pred:Date ""2025-05-04"" ;
    pred:SessionName ""IV - VT"" ;
    pred:Identification ""3"" ;
    pred:Situation ""3"" ;
    pred:Background_history ""2"" ;
    pred:Background_examination ""2"" ;
    pred:Assessment ""3"" ;
    pred:Recommendation_clear_recommendation ""2"" ;
    pred:Recommendation_global_rating_scale ""2"" ;
    pred:Comments ""Not very concise or clear communication
Satisfactory"" .

",4,"How many respondents have Identification score of 3?

DATA:

@prefix : <http://example.org/survey#> .
@prefix pred: <http://example.org/predicate#> .

# Questions
:QDate pred:Text ""What is the date of the session? [Open-ended]"" .
:QSessionName pred:Text ""What is the name of the session? [Open-ended]"" .
:QIdentification pred:Text ""Identification of self, role, and patient. [Rubric: 0 = Requires direct prompting, 1 = Introduces themselves but only after a hint, 2 = Introduces themselves but information is incomplete, 3 = Introduces themselves and information is complete]"" .
:QSituation pred:Text ""Identifies the main problem(s). [Rubric: 0 = Unable to identify the main problem(s), 1 = Identifies the main problem(s) after extended prompting, 2 = Identifies the main problem(s) with fewer prompts needed, 3 = Identifies and prioritizes the main problem(s) unprompted]"" .
:QBackground_history pred:Text ""Gives appropriate history. [Rubric: 0 = History is unstructured or non-relevant, 1 = Relevant history but frequent clarification needed, 2 = Relevant history with few further questions needed, 3 = Comprehensive focused history]"" .
:QBackground_examination pred:Text ""Gives appropriate examination/observations. [Rubric: 0 = Observations are omitted or irrelevant, 1 = Observations reported but frequent clarification needed, 2 = Observations reported with few further questions needed, 3 = Comprehensive focused examination/observations]"" .
:QAssessment pred:Text ""Makes logical assessment (correlates problem, history, exam, context). [Rubric: 0 = No logical assessment, 1 = Assessment only after extended questioning, 2 = Assessment after minimal questioning, 3 = Comprehensive logical assessment without questioning]"" .
:QRecommendation_clear_recommendation pred:Text ""Makes a clear recommendation. [Rubric: 0 = No recommendation, 1 = Clear recommendation only after extended questioning, 2 = Clear recommendation after minimal questioning, 3 = Clear comprehensive recommendation without questioning]"" .
:QRecommendation_global_rating_scale pred:Text ""Global Rating Scale (GRS) - How confident am I that I received an accurate picture of the patient? [Rubric: 0 = Not at all confident, 1 = Confident but required extended questioning, 2 = Confident but required some further questioning, 3 = Confident and required little or no questioning]"" .
:QComments pred:Text ""Comments on the session. [Open-ended]"" .

# Responses
:Respondent2 a :Person ;
    pred:Date ""2025-03-14"" ;
    pred:SessionName ""II-Anaphylaxsis"" ;
    pred:Identification ""3"" ;
    pred:Situation ""3"" ;
    pred:Background_history ""2"" ;
    pred:Background_examination ""2"" ;
    pred:Assessment ""3"" ;
    pred:Recommendation_clear_recommendation ""3"" ;
    pred:Recommendation_global_rating_scale ""3"" ;
    pred:Comments ""Time: (11:43-11:58)
Talking to registrav could not summarize the condition of patient very clearly
DID: Sepsis I Anaphylaxsis given by team"" .

:Respondent17 a :Person ;
    pred:Date ""2025-05-04"" ;
    pred:SessionName ""IV - VT"" ;
    pred:Identification ""3"" ;
    pred:Situation ""3"" ;
    pred:Background_history ""2"" ;
    pred:Background_examination ""2"" ;
    pred:Assessment ""3"" ;
    pred:Recommendation_clear_recommendation ""2"" ;
    pred:Recommendation_global_rating_scale ""2"" ;
    pred:Comments ""Not very concise or clear communication
Satisfactory"" .

:Respondent3 a :Person ;
    pred:Date ""2025-03-14"" ;
    pred:SessionName ""IV-Hypoglycemia"" ;
    pred:Identification ""3"" ;
    pred:Situation ""3"" ;
    pred:Background_history ""2"" ;
    pred:Background_examination ""2"" ;
    pred:Assessment ""3"" ;
    pred:Recommendation_clear_recommendation ""1"" ;
    pred:Recommendation_global_rating_scale ""1"" ;
    pred:Comments ""Time: (2:36-2:53)
Late response for considering consultation"" .

:Respondent12 a :Person ;
    pred:Date ""2025-05-02"" ;
    pred:SessionName ""IV (VT)"" ;
    pred:Identification ""3"" ;
    pred:Situation ""3"" ;
    pred:Background_history ""2"" ;
    pred:Background_examination ""-1"" ;
    pred:Assessment ""3"" ;
    pred:Recommendation_clear_recommendation ""2"" ;
    pred:Recommendation_global_rating_scale ""3"" ;
    pred:Comments ""Good"" .

Answer: 3

@prefix : <http://example.org/survey#> .
@prefix pred: <http://example.org/predicate#> .

# Questions
:QDate pred:Text ""What is the date of the session? [Open-ended]"" .
:QSessionName pred:Text ""What is the name of the session? [Open-ended]"" .
:QIdentification pred:Text ""Identification of self, role, and patient. [Rubric: 0 = Requires direct prompting, 1 = Introduces themselves but only after a hint, 2 = Introduces themselves but information is incomplete, 3 = Introduces themselves and information is complete]"" .
:QSituation pred:Text ""Identifies the main problem(s). [Rubric: 0 = Unable to identify the main problem(s), 1 = Identifies the main problem(s) after extended prompting, 2 = Identifies the main problem(s) with fewer prompts needed, 3 = Identifies and prioritizes the main problem(s) unprompted]"" .
:QBackground_history pred:Text ""Gives appropriate history. [Rubric: 0 = History is unstructured or non-relevant, 1 = Relevant history but frequent clarification needed, 2 = Relevant history with few further questions needed, 3 = Comprehensive focused history]"" .
:QBackground_examination pred:Text ""Gives appropriate examination/observations. [Rubric: 0 = Observations are omitted or irrelevant, 1 = Observations reported but frequent clarification needed, 2 = Observations reported with few further questions needed, 3 = Comprehensive focused examination/observations]"" .
:QAssessment pred:Text ""Makes logical assessment (correlates problem, history, exam, context). [Rubric: 0 = No logical assessment, 1 = Assessment only after extended questioning, 2 = Assessment after minimal questioning, 3 = Comprehensive logical assessment without questioning]"" .
:QRecommendation_clear_recommendation pred:Text ""Makes a clear recommendation. [Rubric: 0 = No recommendation, 1 = Clear recommendation only after extended questioning, 2 = Clear recommendation after minimal questioning, 3 = Clear comprehensive recommendation without questioning]"" .
:QRecommendation_global_rating_scale pred:Text ""Global Rating Scale (GRS) - How confident am I that I received an accurate picture of the patient? [Rubric: 0 = Not at all confident, 1 = Confident but required extended questioning, 2 = Confident but required some further questioning, 3 = Confident and required little or no questioning]"" .
:QComments pred:Text ""Comments on the session. [Open-ended]"" .

# Responses
:Respondent16 a :Person ;
    pred:Date ""2025-05-04"" ;
    pred:SessionName ""II - Anaphylaxsis"" ;
    pred:Identification ""3"" ;
    pred:Situation ""3"" ;
    pred:Background_history ""3"" ;
    pred:Background_examination ""3"" ;
    pred:Assessment ""3"" ;
    pred:Recommendation_clear_recommendation ""2"" ;
    pred:Recommendation_global_rating_scale ""3"" ;
    pred:Comments ""Good clear and precise clinical handover
Good"" .

:Respondent1 a :Person ;
    pred:Date ""2025-03-14"" ;
    pred:SessionName ""III-Sepsis"" ;
    pred:Identification ""3"" ;
    pred:Situation ""3"" ;
    pred:Background_history ""2"" ;
    pred:Background_examination ""3"" ;
    pred:Assessment ""2"" ;
    pred:Recommendation_clear_recommendation ""2"" ;
    pred:Recommendation_global_rating_scale ""2"" ;
    pred:Comments ""Time: (1:00-1:17)"" .

:Respondent15 a :Person ;
    pred:Date ""2025-05-04"" ;
    pred:SessionName ""III - Sepsis"" ;
    pred:Identification ""3"" ;
    pred:Situation ""3"" ;
    pred:Background_history ""2"" ;
    pred:Background_examination ""3"" ;
    pred:Assessment ""2"" ;
    pred:Recommendation_clear_recommendation ""2"" ;
    pred:Recommendation_global_rating_scale ""2"" ;
    pred:Comments ""Detailed Response - clear communication"" .

:Respondent19 a :Person ;
    pred:Date ""2025-05-04"" ;
    pred:SessionName ""V (Hypoglycemia)"" ;
    pred:Identification ""3"" ;
    pred:Situation ""3"" ;
    pred:Background_history ""3"" ;
    pred:Background_examination ""3"" ;
    pred:Assessment ""3"" ;
    pred:Recommendation_clear_recommendation ""3"" ;
    pred:Recommendation_global_rating_scale ""2"" ;
    pred:Comments ""Concise - clear
Satisfactory"" .

:Respondent17 a :Person ;
    pred:Date ""2025-05-04"" ;
    pred:SessionName ""IV - VT"" ;
    pred:Identification ""3"" ;
    pred:Situation ""3"" ;
    pred:Background_history ""2"" ;
    pred:Background_examination ""2"" ;
    pred:Assessment ""3"" ;
    pred:Recommendation_clear_recommendation ""2"" ;
    pred:Recommendation_global_rating_scale ""2"" ;
    pred:Comments ""Not very concise or clear communication
Satisfactory"" .

You are a meticulous data analyst AI. Your primary function is to accurately analyze structured data and provide precise, verifiable answers.

You will be given a dataset with two key parts:

A 'questions' section: This is your data dictionary or schema. It is the single source of truth for understanding what each field and score means. Refer to it carefully.

A 'responses' section: This contains the raw data from each individual respondent.

To answer the question correctly, you must first use the 'questions' schema to fully understand the context and meaning of the data points within the 'responses'. Do not rely on any prior knowledge outside of this provided data. Base your entire analysis on the information given.

Provide your final answer directly and concisely. Output must be the human-readable value, not an option code.

Rules:
- For MCQ fields, map any letter codes in the Responses (case-insensitive) to the corresponding option text from the Questions schema, and output only that text. Do NOT include the letter or both.
  Example: If the schema is ""[MCQ: A. Abnormal B. Inconclusive C. Normal]"" and the response is ""a"", output ""Abnormal"".
- For open-ended fields, output the exact text value.
- If the question asks for a count, provide only the number (e.g., ""42"").
- If the question asks for a list of names or IDs, provide a simple comma-separated list (e.g., ""17, 21, 23"").
- Preserve capitalization exactly as in the schema (e.g., output ""Abnormal"", not ""abnormal"" or ""A"").

How many respondents have Recommendation (global rating scale) score of 2?",4,True
case_34,conceptual_aggregation,How many respondents have sessions conducted on 2025-03-14?,"@prefix : <http://example.org/survey#> .
@prefix pred: <http://example.org/predicate#> .

# Questions
:QDate pred:Text ""What is the date of the session? [Open-ended]"" .
:QSessionName pred:Text ""What is the name of the session? [Open-ended]"" .
:QIdentification pred:Text ""Identification of self, role, and patient. [Rubric: 0 = Requires direct prompting, 1 = Introduces themselves but only after a hint, 2 = Introduces themselves but information is incomplete, 3 = Introduces themselves and information is complete]"" .
:QSituation pred:Text ""Identifies the main problem(s). [Rubric: 0 = Unable to identify the main problem(s), 1 = Identifies the main problem(s) after extended prompting, 2 = Identifies the main problem(s) with fewer prompts needed, 3 = Identifies and prioritizes the main problem(s) unprompted]"" .
:QBackground_history pred:Text ""Gives appropriate history. [Rubric: 0 = History is unstructured or non-relevant, 1 = Relevant history but frequent clarification needed, 2 = Relevant history with few further questions needed, 3 = Comprehensive focused history]"" .
:QBackground_examination pred:Text ""Gives appropriate examination/observations. [Rubric: 0 = Observations are omitted or irrelevant, 1 = Observations reported but frequent clarification needed, 2 = Observations reported with few further questions needed, 3 = Comprehensive focused examination/observations]"" .
:QAssessment pred:Text ""Makes logical assessment (correlates problem, history, exam, context). [Rubric: 0 = No logical assessment, 1 = Assessment only after extended questioning, 2 = Assessment after minimal questioning, 3 = Comprehensive logical assessment without questioning]"" .
:QRecommendation_clear_recommendation pred:Text ""Makes a clear recommendation. [Rubric: 0 = No recommendation, 1 = Clear recommendation only after extended questioning, 2 = Clear recommendation after minimal questioning, 3 = Clear comprehensive recommendation without questioning]"" .
:QRecommendation_global_rating_scale pred:Text ""Global Rating Scale (GRS) - How confident am I that I received an accurate picture of the patient? [Rubric: 0 = Not at all confident, 1 = Confident but required extended questioning, 2 = Confident but required some further questioning, 3 = Confident and required little or no questioning]"" .
:QComments pred:Text ""Comments on the session. [Open-ended]"" .

# Responses
:Respondent4 a :Person ;
    pred:Date ""2025-03-14"" ;
    pred:SessionName ""I-VF"" ;
    pred:Identification ""3"" ;
    pred:Situation ""3"" ;
    pred:Background_history ""2"" ;
    pred:Background_examination ""1"" ;
    pred:Assessment ""2"" ;
    pred:Recommendation_clear_recommendation ""2"" ;
    pred:Recommendation_global_rating_scale ""2"" ;
    pred:Comments ""Time: (10:29-10:54)
Ventricular fibrillation (CVS)
Lack of communication btween 2 main interns
Further brief to patient, ask patent concerns"" .

:Respondent20 a :Person ;
    pred:Date ""2025-05-16"" ;
    pred:SessionName ""III (Sepsis)"" ;
    pred:Identification ""3"" ;
    pred:Situation ""3"" ;
    pred:Background_history ""3"" ;
    pred:Background_examination ""2"" ;
    pred:Assessment ""2"" ;
    pred:Recommendation_clear_recommendation ""2"" ;
    pred:Recommendation_global_rating_scale ""2"" ;
    pred:Comments ""Clinical handover and communication skills, satisfactory
No panic, no arrest team
Satisfactory"" .

:Respondent3 a :Person ;
    pred:Date ""2025-03-14"" ;
    pred:SessionName ""IV-Hypoglycemia"" ;
    pred:Identification ""3"" ;
    pred:Situation ""3"" ;
    pred:Background_history ""2"" ;
    pred:Background_examination ""2"" ;
    pred:Assessment ""3"" ;
    pred:Recommendation_clear_recommendation ""1"" ;
    pred:Recommendation_global_rating_scale ""1"" ;
    pred:Comments ""Time: (2:36-2:53)
Late response for considering consultation"" .

",2,"How many respondents have Identification score of 3?

DATA:

@prefix : <http://example.org/survey#> .
@prefix pred: <http://example.org/predicate#> .

# Questions
:QDate pred:Text ""What is the date of the session? [Open-ended]"" .
:QSessionName pred:Text ""What is the name of the session? [Open-ended]"" .
:QIdentification pred:Text ""Identification of self, role, and patient. [Rubric: 0 = Requires direct prompting, 1 = Introduces themselves but only after a hint, 2 = Introduces themselves but information is incomplete, 3 = Introduces themselves and information is complete]"" .
:QSituation pred:Text ""Identifies the main problem(s). [Rubric: 0 = Unable to identify the main problem(s), 1 = Identifies the main problem(s) after extended prompting, 2 = Identifies the main problem(s) with fewer prompts needed, 3 = Identifies and prioritizes the main problem(s) unprompted]"" .
:QBackground_history pred:Text ""Gives appropriate history. [Rubric: 0 = History is unstructured or non-relevant, 1 = Relevant history but frequent clarification needed, 2 = Relevant history with few further questions needed, 3 = Comprehensive focused history]"" .
:QBackground_examination pred:Text ""Gives appropriate examination/observations. [Rubric: 0 = Observations are omitted or irrelevant, 1 = Observations reported but frequent clarification needed, 2 = Observations reported with few further questions needed, 3 = Comprehensive focused examination/observations]"" .
:QAssessment pred:Text ""Makes logical assessment (correlates problem, history, exam, context). [Rubric: 0 = No logical assessment, 1 = Assessment only after extended questioning, 2 = Assessment after minimal questioning, 3 = Comprehensive logical assessment without questioning]"" .
:QRecommendation_clear_recommendation pred:Text ""Makes a clear recommendation. [Rubric: 0 = No recommendation, 1 = Clear recommendation only after extended questioning, 2 = Clear recommendation after minimal questioning, 3 = Clear comprehensive recommendation without questioning]"" .
:QRecommendation_global_rating_scale pred:Text ""Global Rating Scale (GRS) - How confident am I that I received an accurate picture of the patient? [Rubric: 0 = Not at all confident, 1 = Confident but required extended questioning, 2 = Confident but required some further questioning, 3 = Confident and required little or no questioning]"" .
:QComments pred:Text ""Comments on the session. [Open-ended]"" .

# Responses
:Respondent2 a :Person ;
    pred:Date ""2025-03-14"" ;
    pred:SessionName ""II-Anaphylaxsis"" ;
    pred:Identification ""3"" ;
    pred:Situation ""3"" ;
    pred:Background_history ""2"" ;
    pred:Background_examination ""2"" ;
    pred:Assessment ""3"" ;
    pred:Recommendation_clear_recommendation ""3"" ;
    pred:Recommendation_global_rating_scale ""3"" ;
    pred:Comments ""Time: (11:43-11:58)
Talking to registrav could not summarize the condition of patient very clearly
DID: Sepsis I Anaphylaxsis given by team"" .

:Respondent17 a :Person ;
    pred:Date ""2025-05-04"" ;
    pred:SessionName ""IV - VT"" ;
    pred:Identification ""3"" ;
    pred:Situation ""3"" ;
    pred:Background_history ""2"" ;
    pred:Background_examination ""2"" ;
    pred:Assessment ""3"" ;
    pred:Recommendation_clear_recommendation ""2"" ;
    pred:Recommendation_global_rating_scale ""2"" ;
    pred:Comments ""Not very concise or clear communication
Satisfactory"" .

:Respondent3 a :Person ;
    pred:Date ""2025-03-14"" ;
    pred:SessionName ""IV-Hypoglycemia"" ;
    pred:Identification ""3"" ;
    pred:Situation ""3"" ;
    pred:Background_history ""2"" ;
    pred:Background_examination ""2"" ;
    pred:Assessment ""3"" ;
    pred:Recommendation_clear_recommendation ""1"" ;
    pred:Recommendation_global_rating_scale ""1"" ;
    pred:Comments ""Time: (2:36-2:53)
Late response for considering consultation"" .

:Respondent12 a :Person ;
    pred:Date ""2025-05-02"" ;
    pred:SessionName ""IV (VT)"" ;
    pred:Identification ""3"" ;
    pred:Situation ""3"" ;
    pred:Background_history ""2"" ;
    pred:Background_examination ""-1"" ;
    pred:Assessment ""3"" ;
    pred:Recommendation_clear_recommendation ""2"" ;
    pred:Recommendation_global_rating_scale ""3"" ;
    pred:Comments ""Good"" .

Answer: 3

@prefix : <http://example.org/survey#> .
@prefix pred: <http://example.org/predicate#> .

# Questions
:QDate pred:Text ""What is the date of the session? [Open-ended]"" .
:QSessionName pred:Text ""What is the name of the session? [Open-ended]"" .
:QIdentification pred:Text ""Identification of self, role, and patient. [Rubric: 0 = Requires direct prompting, 1 = Introduces themselves but only after a hint, 2 = Introduces themselves but information is incomplete, 3 = Introduces themselves and information is complete]"" .
:QSituation pred:Text ""Identifies the main problem(s). [Rubric: 0 = Unable to identify the main problem(s), 1 = Identifies the main problem(s) after extended prompting, 2 = Identifies the main problem(s) with fewer prompts needed, 3 = Identifies and prioritizes the main problem(s) unprompted]"" .
:QBackground_history pred:Text ""Gives appropriate history. [Rubric: 0 = History is unstructured or non-relevant, 1 = Relevant history but frequent clarification needed, 2 = Relevant history with few further questions needed, 3 = Comprehensive focused history]"" .
:QBackground_examination pred:Text ""Gives appropriate examination/observations. [Rubric: 0 = Observations are omitted or irrelevant, 1 = Observations reported but frequent clarification needed, 2 = Observations reported with few further questions needed, 3 = Comprehensive focused examination/observations]"" .
:QAssessment pred:Text ""Makes logical assessment (correlates problem, history, exam, context). [Rubric: 0 = No logical assessment, 1 = Assessment only after extended questioning, 2 = Assessment after minimal questioning, 3 = Comprehensive logical assessment without questioning]"" .
:QRecommendation_clear_recommendation pred:Text ""Makes a clear recommendation. [Rubric: 0 = No recommendation, 1 = Clear recommendation only after extended questioning, 2 = Clear recommendation after minimal questioning, 3 = Clear comprehensive recommendation without questioning]"" .
:QRecommendation_global_rating_scale pred:Text ""Global Rating Scale (GRS) - How confident am I that I received an accurate picture of the patient? [Rubric: 0 = Not at all confident, 1 = Confident but required extended questioning, 2 = Confident but required some further questioning, 3 = Confident and required little or no questioning]"" .
:QComments pred:Text ""Comments on the session. [Open-ended]"" .

# Responses
:Respondent4 a :Person ;
    pred:Date ""2025-03-14"" ;
    pred:SessionName ""I-VF"" ;
    pred:Identification ""3"" ;
    pred:Situation ""3"" ;
    pred:Background_history ""2"" ;
    pred:Background_examination ""1"" ;
    pred:Assessment ""2"" ;
    pred:Recommendation_clear_recommendation ""2"" ;
    pred:Recommendation_global_rating_scale ""2"" ;
    pred:Comments ""Time: (10:29-10:54)
Ventricular fibrillation (CVS)
Lack of communication btween 2 main interns
Further brief to patient, ask patent concerns"" .

:Respondent20 a :Person ;
    pred:Date ""2025-05-16"" ;
    pred:SessionName ""III (Sepsis)"" ;
    pred:Identification ""3"" ;
    pred:Situation ""3"" ;
    pred:Background_history ""3"" ;
    pred:Background_examination ""2"" ;
    pred:Assessment ""2"" ;
    pred:Recommendation_clear_recommendation ""2"" ;
    pred:Recommendation_global_rating_scale ""2"" ;
    pred:Comments ""Clinical handover and communication skills, satisfactory
No panic, no arrest team
Satisfactory"" .

:Respondent3 a :Person ;
    pred:Date ""2025-03-14"" ;
    pred:SessionName ""IV-Hypoglycemia"" ;
    pred:Identification ""3"" ;
    pred:Situation ""3"" ;
    pred:Background_history ""2"" ;
    pred:Background_examination ""2"" ;
    pred:Assessment ""3"" ;
    pred:Recommendation_clear_recommendation ""1"" ;
    pred:Recommendation_global_rating_scale ""1"" ;
    pred:Comments ""Time: (2:36-2:53)
Late response for considering consultation"" .

You are a meticulous data analyst AI. Your primary function is to accurately analyze structured data and provide precise, verifiable answers.

You will be given a dataset with two key parts:

A 'questions' section: This is your data dictionary or schema. It is the single source of truth for understanding what each field and score means. Refer to it carefully.

A 'responses' section: This contains the raw data from each individual respondent.

To answer the question correctly, you must first use the 'questions' schema to fully understand the context and meaning of the data points within the 'responses'. Do not rely on any prior knowledge outside of this provided data. Base your entire analysis on the information given.

Provide your final answer directly and concisely. Output must be the human-readable value, not an option code.

Rules:
- For MCQ fields, map any letter codes in the Responses (case-insensitive) to the corresponding option text from the Questions schema, and output only that text. Do NOT include the letter or both.
  Example: If the schema is ""[MCQ: A. Abnormal B. Inconclusive C. Normal]"" and the response is ""a"", output ""Abnormal"".
- For open-ended fields, output the exact text value.
- If the question asks for a count, provide only the number (e.g., ""42"").
- If the question asks for a list of names or IDs, provide a simple comma-separated list (e.g., ""17, 21, 23"").
- Preserve capitalization exactly as in the schema (e.g., output ""Abnormal"", not ""abnormal"" or ""A"").

How many respondents have sessions conducted on 2025-03-14?",3,False
case_35,conceptual_aggregation,How many respondents have Situation score greater than or equal to 2?,"@prefix : <http://example.org/survey#> .
@prefix pred: <http://example.org/predicate#> .

# Questions
:QDate pred:Text ""What is the date of the session? [Open-ended]"" .
:QSessionName pred:Text ""What is the name of the session? [Open-ended]"" .
:QIdentification pred:Text ""Identification of self, role, and patient. [Rubric: 0 = Requires direct prompting, 1 = Introduces themselves but only after a hint, 2 = Introduces themselves but information is incomplete, 3 = Introduces themselves and information is complete]"" .
:QSituation pred:Text ""Identifies the main problem(s). [Rubric: 0 = Unable to identify the main problem(s), 1 = Identifies the main problem(s) after extended prompting, 2 = Identifies the main problem(s) with fewer prompts needed, 3 = Identifies and prioritizes the main problem(s) unprompted]"" .
:QBackground_history pred:Text ""Gives appropriate history. [Rubric: 0 = History is unstructured or non-relevant, 1 = Relevant history but frequent clarification needed, 2 = Relevant history with few further questions needed, 3 = Comprehensive focused history]"" .
:QBackground_examination pred:Text ""Gives appropriate examination/observations. [Rubric: 0 = Observations are omitted or irrelevant, 1 = Observations reported but frequent clarification needed, 2 = Observations reported with few further questions needed, 3 = Comprehensive focused examination/observations]"" .
:QAssessment pred:Text ""Makes logical assessment (correlates problem, history, exam, context). [Rubric: 0 = No logical assessment, 1 = Assessment only after extended questioning, 2 = Assessment after minimal questioning, 3 = Comprehensive logical assessment without questioning]"" .
:QRecommendation_clear_recommendation pred:Text ""Makes a clear recommendation. [Rubric: 0 = No recommendation, 1 = Clear recommendation only after extended questioning, 2 = Clear recommendation after minimal questioning, 3 = Clear comprehensive recommendation without questioning]"" .
:QRecommendation_global_rating_scale pred:Text ""Global Rating Scale (GRS) - How confident am I that I received an accurate picture of the patient? [Rubric: 0 = Not at all confident, 1 = Confident but required extended questioning, 2 = Confident but required some further questioning, 3 = Confident and required little or no questioning]"" .
:QComments pred:Text ""Comments on the session. [Open-ended]"" .

# Responses
:Respondent18 a :Person ;
    pred:Date ""2025-05-04"" ;
    pred:SessionName ""I - MI"" ;
    pred:Identification ""3"" ;
    pred:Situation ""3"" ;
    pred:Background_history ""3"" ;
    pred:Background_examination ""3"" ;
    pred:Assessment ""2"" ;
    pred:Recommendation_clear_recommendation ""3"" ;
    pred:Recommendation_global_rating_scale ""2"" ;
    pred:Comments ""Wrong CPR position
Clarity is a bit low over whole case scenario
Satisfactory"" .

:Respondent23 a :Person ;
    pred:Date ""2025-05-16"" ;
    pred:SessionName ""I (Myocardial infarction)"" ;
    pred:Identification ""3"" ;
    pred:Situation ""2"" ;
    pred:Background_history ""3"" ;
    pred:Background_examination ""1"" ;
    pred:Assessment ""2"" ;
    pred:Recommendation_clear_recommendation ""3"" ;
    pred:Recommendation_global_rating_scale ""3"" ;
    pred:Comments ""Diagnostic clarity is present
Good and early assessment of condition is done"" .

:Respondent8 a :Person ;
    pred:Date ""2025-04-04"" ;
    pred:SessionName ""IV (AF)"" ;
    pred:Identification ""3"" ;
    pred:Situation ""3"" ;
    pred:Background_history ""3"" ;
    pred:Background_examination ""3"" ;
    pred:Assessment ""3"" ;
    pred:Recommendation_clear_recommendation ""3"" ;
    pred:Recommendation_global_rating_scale ""3"" ;
    pred:Comments ""Clear communication and handover"" .

:Respondent13 a :Person ;
    pred:Date ""2025-05-02"" ;
    pred:SessionName ""I - MI"" ;
    pred:Identification ""3"" ;
    pred:Situation ""3"" ;
    pred:Background_history ""3"" ;
    pred:Background_examination ""3"" ;
    pred:Assessment ""3"" ;
    pred:Recommendation_clear_recommendation ""2"" ;
    pred:Recommendation_global_rating_scale ""3"" ;
    pred:Comments ""Consent denied for video recordings
Satisfactory"" .

:Respondent11 a :Person ;
    pred:Date ""2025-05-02"" ;
    pred:SessionName ""II (Anaphylaxis)"" ;
    pred:Identification ""3"" ;
    pred:Situation ""3"" ;
    pred:Background_history ""3"" ;
    pred:Background_examination ""3"" ;
    pred:Assessment ""2"" ;
    pred:Recommendation_clear_recommendation ""3"" ;
    pred:Recommendation_global_rating_scale ""3"" ;
    pred:Comments ""Good"" .

",5,"How many respondents have Identification score of 3?

DATA:

@prefix : <http://example.org/survey#> .
@prefix pred: <http://example.org/predicate#> .

# Questions
:QDate pred:Text ""What is the date of the session? [Open-ended]"" .
:QSessionName pred:Text ""What is the name of the session? [Open-ended]"" .
:QIdentification pred:Text ""Identification of self, role, and patient. [Rubric: 0 = Requires direct prompting, 1 = Introduces themselves but only after a hint, 2 = Introduces themselves but information is incomplete, 3 = Introduces themselves and information is complete]"" .
:QSituation pred:Text ""Identifies the main problem(s). [Rubric: 0 = Unable to identify the main problem(s), 1 = Identifies the main problem(s) after extended prompting, 2 = Identifies the main problem(s) with fewer prompts needed, 3 = Identifies and prioritizes the main problem(s) unprompted]"" .
:QBackground_history pred:Text ""Gives appropriate history. [Rubric: 0 = History is unstructured or non-relevant, 1 = Relevant history but frequent clarification needed, 2 = Relevant history with few further questions needed, 3 = Comprehensive focused history]"" .
:QBackground_examination pred:Text ""Gives appropriate examination/observations. [Rubric: 0 = Observations are omitted or irrelevant, 1 = Observations reported but frequent clarification needed, 2 = Observations reported with few further questions needed, 3 = Comprehensive focused examination/observations]"" .
:QAssessment pred:Text ""Makes logical assessment (correlates problem, history, exam, context). [Rubric: 0 = No logical assessment, 1 = Assessment only after extended questioning, 2 = Assessment after minimal questioning, 3 = Comprehensive logical assessment without questioning]"" .
:QRecommendation_clear_recommendation pred:Text ""Makes a clear recommendation. [Rubric: 0 = No recommendation, 1 = Clear recommendation only after extended questioning, 2 = Clear recommendation after minimal questioning, 3 = Clear comprehensive recommendation without questioning]"" .
:QRecommendation_global_rating_scale pred:Text ""Global Rating Scale (GRS) - How confident am I that I received an accurate picture of the patient? [Rubric: 0 = Not at all confident, 1 = Confident but required extended questioning, 2 = Confident but required some further questioning, 3 = Confident and required little or no questioning]"" .
:QComments pred:Text ""Comments on the session. [Open-ended]"" .

# Responses
:Respondent2 a :Person ;
    pred:Date ""2025-03-14"" ;
    pred:SessionName ""II-Anaphylaxsis"" ;
    pred:Identification ""3"" ;
    pred:Situation ""3"" ;
    pred:Background_history ""2"" ;
    pred:Background_examination ""2"" ;
    pred:Assessment ""3"" ;
    pred:Recommendation_clear_recommendation ""3"" ;
    pred:Recommendation_global_rating_scale ""3"" ;
    pred:Comments ""Time: (11:43-11:58)
Talking to registrav could not summarize the condition of patient very clearly
DID: Sepsis I Anaphylaxsis given by team"" .

:Respondent17 a :Person ;
    pred:Date ""2025-05-04"" ;
    pred:SessionName ""IV - VT"" ;
    pred:Identification ""3"" ;
    pred:Situation ""3"" ;
    pred:Background_history ""2"" ;
    pred:Background_examination ""2"" ;
    pred:Assessment ""3"" ;
    pred:Recommendation_clear_recommendation ""2"" ;
    pred:Recommendation_global_rating_scale ""2"" ;
    pred:Comments ""Not very concise or clear communication
Satisfactory"" .

:Respondent3 a :Person ;
    pred:Date ""2025-03-14"" ;
    pred:SessionName ""IV-Hypoglycemia"" ;
    pred:Identification ""3"" ;
    pred:Situation ""3"" ;
    pred:Background_history ""2"" ;
    pred:Background_examination ""2"" ;
    pred:Assessment ""3"" ;
    pred:Recommendation_clear_recommendation ""1"" ;
    pred:Recommendation_global_rating_scale ""1"" ;
    pred:Comments ""Time: (2:36-2:53)
Late response for considering consultation"" .

:Respondent12 a :Person ;
    pred:Date ""2025-05-02"" ;
    pred:SessionName ""IV (VT)"" ;
    pred:Identification ""3"" ;
    pred:Situation ""3"" ;
    pred:Background_history ""2"" ;
    pred:Background_examination ""-1"" ;
    pred:Assessment ""3"" ;
    pred:Recommendation_clear_recommendation ""2"" ;
    pred:Recommendation_global_rating_scale ""3"" ;
    pred:Comments ""Good"" .

Answer: 3

@prefix : <http://example.org/survey#> .
@prefix pred: <http://example.org/predicate#> .

# Questions
:QDate pred:Text ""What is the date of the session? [Open-ended]"" .
:QSessionName pred:Text ""What is the name of the session? [Open-ended]"" .
:QIdentification pred:Text ""Identification of self, role, and patient. [Rubric: 0 = Requires direct prompting, 1 = Introduces themselves but only after a hint, 2 = Introduces themselves but information is incomplete, 3 = Introduces themselves and information is complete]"" .
:QSituation pred:Text ""Identifies the main problem(s). [Rubric: 0 = Unable to identify the main problem(s), 1 = Identifies the main problem(s) after extended prompting, 2 = Identifies the main problem(s) with fewer prompts needed, 3 = Identifies and prioritizes the main problem(s) unprompted]"" .
:QBackground_history pred:Text ""Gives appropriate history. [Rubric: 0 = History is unstructured or non-relevant, 1 = Relevant history but frequent clarification needed, 2 = Relevant history with few further questions needed, 3 = Comprehensive focused history]"" .
:QBackground_examination pred:Text ""Gives appropriate examination/observations. [Rubric: 0 = Observations are omitted or irrelevant, 1 = Observations reported but frequent clarification needed, 2 = Observations reported with few further questions needed, 3 = Comprehensive focused examination/observations]"" .
:QAssessment pred:Text ""Makes logical assessment (correlates problem, history, exam, context). [Rubric: 0 = No logical assessment, 1 = Assessment only after extended questioning, 2 = Assessment after minimal questioning, 3 = Comprehensive logical assessment without questioning]"" .
:QRecommendation_clear_recommendation pred:Text ""Makes a clear recommendation. [Rubric: 0 = No recommendation, 1 = Clear recommendation only after extended questioning, 2 = Clear recommendation after minimal questioning, 3 = Clear comprehensive recommendation without questioning]"" .
:QRecommendation_global_rating_scale pred:Text ""Global Rating Scale (GRS) - How confident am I that I received an accurate picture of the patient? [Rubric: 0 = Not at all confident, 1 = Confident but required extended questioning, 2 = Confident but required some further questioning, 3 = Confident and required little or no questioning]"" .
:QComments pred:Text ""Comments on the session. [Open-ended]"" .

# Responses
:Respondent18 a :Person ;
    pred:Date ""2025-05-04"" ;
    pred:SessionName ""I - MI"" ;
    pred:Identification ""3"" ;
    pred:Situation ""3"" ;
    pred:Background_history ""3"" ;
    pred:Background_examination ""3"" ;
    pred:Assessment ""2"" ;
    pred:Recommendation_clear_recommendation ""3"" ;
    pred:Recommendation_global_rating_scale ""2"" ;
    pred:Comments ""Wrong CPR position
Clarity is a bit low over whole case scenario
Satisfactory"" .

:Respondent23 a :Person ;
    pred:Date ""2025-05-16"" ;
    pred:SessionName ""I (Myocardial infarction)"" ;
    pred:Identification ""3"" ;
    pred:Situation ""2"" ;
    pred:Background_history ""3"" ;
    pred:Background_examination ""1"" ;
    pred:Assessment ""2"" ;
    pred:Recommendation_clear_recommendation ""3"" ;
    pred:Recommendation_global_rating_scale ""3"" ;
    pred:Comments ""Diagnostic clarity is present
Good and early assessment of condition is done"" .

:Respondent8 a :Person ;
    pred:Date ""2025-04-04"" ;
    pred:SessionName ""IV (AF)"" ;
    pred:Identification ""3"" ;
    pred:Situation ""3"" ;
    pred:Background_history ""3"" ;
    pred:Background_examination ""3"" ;
    pred:Assessment ""3"" ;
    pred:Recommendation_clear_recommendation ""3"" ;
    pred:Recommendation_global_rating_scale ""3"" ;
    pred:Comments ""Clear communication and handover"" .

:Respondent13 a :Person ;
    pred:Date ""2025-05-02"" ;
    pred:SessionName ""I - MI"" ;
    pred:Identification ""3"" ;
    pred:Situation ""3"" ;
    pred:Background_history ""3"" ;
    pred:Background_examination ""3"" ;
    pred:Assessment ""3"" ;
    pred:Recommendation_clear_recommendation ""2"" ;
    pred:Recommendation_global_rating_scale ""3"" ;
    pred:Comments ""Consent denied for video recordings
Satisfactory"" .

:Respondent11 a :Person ;
    pred:Date ""2025-05-02"" ;
    pred:SessionName ""II (Anaphylaxis)"" ;
    pred:Identification ""3"" ;
    pred:Situation ""3"" ;
    pred:Background_history ""3"" ;
    pred:Background_examination ""3"" ;
    pred:Assessment ""2"" ;
    pred:Recommendation_clear_recommendation ""3"" ;
    pred:Recommendation_global_rating_scale ""3"" ;
    pred:Comments ""Good"" .

You are a meticulous data analyst AI. Your primary function is to accurately analyze structured data and provide precise, verifiable answers.

You will be given a dataset with two key parts:

A 'questions' section: This is your data dictionary or schema. It is the single source of truth for understanding what each field and score means. Refer to it carefully.

A 'responses' section: This contains the raw data from each individual respondent.

To answer the question correctly, you must first use the 'questions' schema to fully understand the context and meaning of the data points within the 'responses'. Do not rely on any prior knowledge outside of this provided data. Base your entire analysis on the information given.

Provide your final answer directly and concisely. Output must be the human-readable value, not an option code.

Rules:
- For MCQ fields, map any letter codes in the Responses (case-insensitive) to the corresponding option text from the Questions schema, and output only that text. Do NOT include the letter or both.
  Example: If the schema is ""[MCQ: A. Abnormal B. Inconclusive C. Normal]"" and the response is ""a"", output ""Abnormal"".
- For open-ended fields, output the exact text value.
- If the question asks for a count, provide only the number (e.g., ""42"").
- If the question asks for a list of names or IDs, provide a simple comma-separated list (e.g., ""17, 21, 23"").
- Preserve capitalization exactly as in the schema (e.g., output ""Abnormal"", not ""abnormal"" or ""A"").

How many respondents have Situation score greater than or equal to 2?",9,False
case_36,conceptual_aggregation,How many respondents have Situation score of 2?,"@prefix : <http://example.org/survey#> .
@prefix pred: <http://example.org/predicate#> .

# Questions
:QDate pred:Text ""What is the date of the session? [Open-ended]"" .
:QSessionName pred:Text ""What is the name of the session? [Open-ended]"" .
:QIdentification pred:Text ""Identification of self, role, and patient. [Rubric: 0 = Requires direct prompting, 1 = Introduces themselves but only after a hint, 2 = Introduces themselves but information is incomplete, 3 = Introduces themselves and information is complete]"" .
:QSituation pred:Text ""Identifies the main problem(s). [Rubric: 0 = Unable to identify the main problem(s), 1 = Identifies the main problem(s) after extended prompting, 2 = Identifies the main problem(s) with fewer prompts needed, 3 = Identifies and prioritizes the main problem(s) unprompted]"" .
:QBackground_history pred:Text ""Gives appropriate history. [Rubric: 0 = History is unstructured or non-relevant, 1 = Relevant history but frequent clarification needed, 2 = Relevant history with few further questions needed, 3 = Comprehensive focused history]"" .
:QBackground_examination pred:Text ""Gives appropriate examination/observations. [Rubric: 0 = Observations are omitted or irrelevant, 1 = Observations reported but frequent clarification needed, 2 = Observations reported with few further questions needed, 3 = Comprehensive focused examination/observations]"" .
:QAssessment pred:Text ""Makes logical assessment (correlates problem, history, exam, context). [Rubric: 0 = No logical assessment, 1 = Assessment only after extended questioning, 2 = Assessment after minimal questioning, 3 = Comprehensive logical assessment without questioning]"" .
:QRecommendation_clear_recommendation pred:Text ""Makes a clear recommendation. [Rubric: 0 = No recommendation, 1 = Clear recommendation only after extended questioning, 2 = Clear recommendation after minimal questioning, 3 = Clear comprehensive recommendation without questioning]"" .
:QRecommendation_global_rating_scale pred:Text ""Global Rating Scale (GRS) - How confident am I that I received an accurate picture of the patient? [Rubric: 0 = Not at all confident, 1 = Confident but required extended questioning, 2 = Confident but required some further questioning, 3 = Confident and required little or no questioning]"" .
:QComments pred:Text ""Comments on the session. [Open-ended]"" .

# Responses
:Respondent23 a :Person ;
    pred:Date ""2025-05-16"" ;
    pred:SessionName ""I (Myocardial infarction)"" ;
    pred:Identification ""3"" ;
    pred:Situation ""2"" ;
    pred:Background_history ""3"" ;
    pred:Background_examination ""1"" ;
    pred:Assessment ""2"" ;
    pred:Recommendation_clear_recommendation ""3"" ;
    pred:Recommendation_global_rating_scale ""3"" ;
    pred:Comments ""Diagnostic clarity is present
Good and early assessment of condition is done"" .

:Respondent1 a :Person ;
    pred:Date ""2025-03-14"" ;
    pred:SessionName ""III-Sepsis"" ;
    pred:Identification ""3"" ;
    pred:Situation ""3"" ;
    pred:Background_history ""2"" ;
    pred:Background_examination ""3"" ;
    pred:Assessment ""2"" ;
    pred:Recommendation_clear_recommendation ""2"" ;
    pred:Recommendation_global_rating_scale ""2"" ;
    pred:Comments ""Time: (1:00-1:17)"" .

:Respondent12 a :Person ;
    pred:Date ""2025-05-02"" ;
    pred:SessionName ""IV (VT)"" ;
    pred:Identification ""3"" ;
    pred:Situation ""3"" ;
    pred:Background_history ""2"" ;
    pred:Background_examination ""-1"" ;
    pred:Assessment ""3"" ;
    pred:Recommendation_clear_recommendation ""2"" ;
    pred:Recommendation_global_rating_scale ""3"" ;
    pred:Comments ""Good"" .

",1,"How many respondents have Identification score of 3?

DATA:

@prefix : <http://example.org/survey#> .
@prefix pred: <http://example.org/predicate#> .

# Questions
:QDate pred:Text ""What is the date of the session? [Open-ended]"" .
:QSessionName pred:Text ""What is the name of the session? [Open-ended]"" .
:QIdentification pred:Text ""Identification of self, role, and patient. [Rubric: 0 = Requires direct prompting, 1 = Introduces themselves but only after a hint, 2 = Introduces themselves but information is incomplete, 3 = Introduces themselves and information is complete]"" .
:QSituation pred:Text ""Identifies the main problem(s). [Rubric: 0 = Unable to identify the main problem(s), 1 = Identifies the main problem(s) after extended prompting, 2 = Identifies the main problem(s) with fewer prompts needed, 3 = Identifies and prioritizes the main problem(s) unprompted]"" .
:QBackground_history pred:Text ""Gives appropriate history. [Rubric: 0 = History is unstructured or non-relevant, 1 = Relevant history but frequent clarification needed, 2 = Relevant history with few further questions needed, 3 = Comprehensive focused history]"" .
:QBackground_examination pred:Text ""Gives appropriate examination/observations. [Rubric: 0 = Observations are omitted or irrelevant, 1 = Observations reported but frequent clarification needed, 2 = Observations reported with few further questions needed, 3 = Comprehensive focused examination/observations]"" .
:QAssessment pred:Text ""Makes logical assessment (correlates problem, history, exam, context). [Rubric: 0 = No logical assessment, 1 = Assessment only after extended questioning, 2 = Assessment after minimal questioning, 3 = Comprehensive logical assessment without questioning]"" .
:QRecommendation_clear_recommendation pred:Text ""Makes a clear recommendation. [Rubric: 0 = No recommendation, 1 = Clear recommendation only after extended questioning, 2 = Clear recommendation after minimal questioning, 3 = Clear comprehensive recommendation without questioning]"" .
:QRecommendation_global_rating_scale pred:Text ""Global Rating Scale (GRS) - How confident am I that I received an accurate picture of the patient? [Rubric: 0 = Not at all confident, 1 = Confident but required extended questioning, 2 = Confident but required some further questioning, 3 = Confident and required little or no questioning]"" .
:QComments pred:Text ""Comments on the session. [Open-ended]"" .

# Responses
:Respondent2 a :Person ;
    pred:Date ""2025-03-14"" ;
    pred:SessionName ""II-Anaphylaxsis"" ;
    pred:Identification ""3"" ;
    pred:Situation ""3"" ;
    pred:Background_history ""2"" ;
    pred:Background_examination ""2"" ;
    pred:Assessment ""3"" ;
    pred:Recommendation_clear_recommendation ""3"" ;
    pred:Recommendation_global_rating_scale ""3"" ;
    pred:Comments ""Time: (11:43-11:58)
Talking to registrav could not summarize the condition of patient very clearly
DID: Sepsis I Anaphylaxsis given by team"" .

:Respondent17 a :Person ;
    pred:Date ""2025-05-04"" ;
    pred:SessionName ""IV - VT"" ;
    pred:Identification ""3"" ;
    pred:Situation ""3"" ;
    pred:Background_history ""2"" ;
    pred:Background_examination ""2"" ;
    pred:Assessment ""3"" ;
    pred:Recommendation_clear_recommendation ""2"" ;
    pred:Recommendation_global_rating_scale ""2"" ;
    pred:Comments ""Not very concise or clear communication
Satisfactory"" .

:Respondent3 a :Person ;
    pred:Date ""2025-03-14"" ;
    pred:SessionName ""IV-Hypoglycemia"" ;
    pred:Identification ""3"" ;
    pred:Situation ""3"" ;
    pred:Background_history ""2"" ;
    pred:Background_examination ""2"" ;
    pred:Assessment ""3"" ;
    pred:Recommendation_clear_recommendation ""1"" ;
    pred:Recommendation_global_rating_scale ""1"" ;
    pred:Comments ""Time: (2:36-2:53)
Late response for considering consultation"" .

:Respondent12 a :Person ;
    pred:Date ""2025-05-02"" ;
    pred:SessionName ""IV (VT)"" ;
    pred:Identification ""3"" ;
    pred:Situation ""3"" ;
    pred:Background_history ""2"" ;
    pred:Background_examination ""-1"" ;
    pred:Assessment ""3"" ;
    pred:Recommendation_clear_recommendation ""2"" ;
    pred:Recommendation_global_rating_scale ""3"" ;
    pred:Comments ""Good"" .

Answer: 3

@prefix : <http://example.org/survey#> .
@prefix pred: <http://example.org/predicate#> .

# Questions
:QDate pred:Text ""What is the date of the session? [Open-ended]"" .
:QSessionName pred:Text ""What is the name of the session? [Open-ended]"" .
:QIdentification pred:Text ""Identification of self, role, and patient. [Rubric: 0 = Requires direct prompting, 1 = Introduces themselves but only after a hint, 2 = Introduces themselves but information is incomplete, 3 = Introduces themselves and information is complete]"" .
:QSituation pred:Text ""Identifies the main problem(s). [Rubric: 0 = Unable to identify the main problem(s), 1 = Identifies the main problem(s) after extended prompting, 2 = Identifies the main problem(s) with fewer prompts needed, 3 = Identifies and prioritizes the main problem(s) unprompted]"" .
:QBackground_history pred:Text ""Gives appropriate history. [Rubric: 0 = History is unstructured or non-relevant, 1 = Relevant history but frequent clarification needed, 2 = Relevant history with few further questions needed, 3 = Comprehensive focused history]"" .
:QBackground_examination pred:Text ""Gives appropriate examination/observations. [Rubric: 0 = Observations are omitted or irrelevant, 1 = Observations reported but frequent clarification needed, 2 = Observations reported with few further questions needed, 3 = Comprehensive focused examination/observations]"" .
:QAssessment pred:Text ""Makes logical assessment (correlates problem, history, exam, context). [Rubric: 0 = No logical assessment, 1 = Assessment only after extended questioning, 2 = Assessment after minimal questioning, 3 = Comprehensive logical assessment without questioning]"" .
:QRecommendation_clear_recommendation pred:Text ""Makes a clear recommendation. [Rubric: 0 = No recommendation, 1 = Clear recommendation only after extended questioning, 2 = Clear recommendation after minimal questioning, 3 = Clear comprehensive recommendation without questioning]"" .
:QRecommendation_global_rating_scale pred:Text ""Global Rating Scale (GRS) - How confident am I that I received an accurate picture of the patient? [Rubric: 0 = Not at all confident, 1 = Confident but required extended questioning, 2 = Confident but required some further questioning, 3 = Confident and required little or no questioning]"" .
:QComments pred:Text ""Comments on the session. [Open-ended]"" .

# Responses
:Respondent23 a :Person ;
    pred:Date ""2025-05-16"" ;
    pred:SessionName ""I (Myocardial infarction)"" ;
    pred:Identification ""3"" ;
    pred:Situation ""2"" ;
    pred:Background_history ""3"" ;
    pred:Background_examination ""1"" ;
    pred:Assessment ""2"" ;
    pred:Recommendation_clear_recommendation ""3"" ;
    pred:Recommendation_global_rating_scale ""3"" ;
    pred:Comments ""Diagnostic clarity is present
Good and early assessment of condition is done"" .

:Respondent1 a :Person ;
    pred:Date ""2025-03-14"" ;
    pred:SessionName ""III-Sepsis"" ;
    pred:Identification ""3"" ;
    pred:Situation ""3"" ;
    pred:Background_history ""2"" ;
    pred:Background_examination ""3"" ;
    pred:Assessment ""2"" ;
    pred:Recommendation_clear_recommendation ""2"" ;
    pred:Recommendation_global_rating_scale ""2"" ;
    pred:Comments ""Time: (1:00-1:17)"" .

:Respondent12 a :Person ;
    pred:Date ""2025-05-02"" ;
    pred:SessionName ""IV (VT)"" ;
    pred:Identification ""3"" ;
    pred:Situation ""3"" ;
    pred:Background_history ""2"" ;
    pred:Background_examination ""-1"" ;
    pred:Assessment ""3"" ;
    pred:Recommendation_clear_recommendation ""2"" ;
    pred:Recommendation_global_rating_scale ""3"" ;
    pred:Comments ""Good"" .

You are a meticulous data analyst AI. Your primary function is to accurately analyze structured data and provide precise, verifiable answers.

You will be given a dataset with two key parts:

A 'questions' section: This is your data dictionary or schema. It is the single source of truth for understanding what each field and score means. Refer to it carefully.

A 'responses' section: This contains the raw data from each individual respondent.

To answer the question correctly, you must first use the 'questions' schema to fully understand the context and meaning of the data points within the 'responses'. Do not rely on any prior knowledge outside of this provided data. Base your entire analysis on the information given.

Provide your final answer directly and concisely. Output must be the human-readable value, not an option code.

Rules:
- For MCQ fields, map any letter codes in the Responses (case-insensitive) to the corresponding option text from the Questions schema, and output only that text. Do NOT include the letter or both.
  Example: If the schema is ""[MCQ: A. Abnormal B. Inconclusive C. Normal]"" and the response is ""a"", output ""Abnormal"".
- For open-ended fields, output the exact text value.
- If the question asks for a count, provide only the number (e.g., ""42"").
- If the question asks for a list of names or IDs, provide a simple comma-separated list (e.g., ""17, 21, 23"").
- Preserve capitalization exactly as in the schema (e.g., output ""Abnormal"", not ""abnormal"" or ""A"").

How many respondents have Situation score of 2?",1,True
case_37,conceptual_aggregation,How many total respondents are in this dataset?,"@prefix : <http://example.org/survey#> .
@prefix pred: <http://example.org/predicate#> .

# Questions
:QDate pred:Text ""What is the date of the session? [Open-ended]"" .
:QSessionName pred:Text ""What is the name of the session? [Open-ended]"" .
:QIdentification pred:Text ""Identification of self, role, and patient. [Rubric: 0 = Requires direct prompting, 1 = Introduces themselves but only after a hint, 2 = Introduces themselves but information is incomplete, 3 = Introduces themselves and information is complete]"" .
:QSituation pred:Text ""Identifies the main problem(s). [Rubric: 0 = Unable to identify the main problem(s), 1 = Identifies the main problem(s) after extended prompting, 2 = Identifies the main problem(s) with fewer prompts needed, 3 = Identifies and prioritizes the main problem(s) unprompted]"" .
:QBackground_history pred:Text ""Gives appropriate history. [Rubric: 0 = History is unstructured or non-relevant, 1 = Relevant history but frequent clarification needed, 2 = Relevant history with few further questions needed, 3 = Comprehensive focused history]"" .
:QBackground_examination pred:Text ""Gives appropriate examination/observations. [Rubric: 0 = Observations are omitted or irrelevant, 1 = Observations reported but frequent clarification needed, 2 = Observations reported with few further questions needed, 3 = Comprehensive focused examination/observations]"" .
:QAssessment pred:Text ""Makes logical assessment (correlates problem, history, exam, context). [Rubric: 0 = No logical assessment, 1 = Assessment only after extended questioning, 2 = Assessment after minimal questioning, 3 = Comprehensive logical assessment without questioning]"" .
:QRecommendation_clear_recommendation pred:Text ""Makes a clear recommendation. [Rubric: 0 = No recommendation, 1 = Clear recommendation only after extended questioning, 2 = Clear recommendation after minimal questioning, 3 = Clear comprehensive recommendation without questioning]"" .
:QRecommendation_global_rating_scale pred:Text ""Global Rating Scale (GRS) - How confident am I that I received an accurate picture of the patient? [Rubric: 0 = Not at all confident, 1 = Confident but required extended questioning, 2 = Confident but required some further questioning, 3 = Confident and required little or no questioning]"" .
:QComments pred:Text ""Comments on the session. [Open-ended]"" .

# Responses
:Respondent3 a :Person ;
    pred:Date ""2025-03-14"" ;
    pred:SessionName ""IV-Hypoglycemia"" ;
    pred:Identification ""3"" ;
    pred:Situation ""3"" ;
    pred:Background_history ""2"" ;
    pred:Background_examination ""2"" ;
    pred:Assessment ""3"" ;
    pred:Recommendation_clear_recommendation ""1"" ;
    pred:Recommendation_global_rating_scale ""1"" ;
    pred:Comments ""Time: (2:36-2:53)
Late response for considering consultation"" .

:Respondent10 a :Person ;
    pred:Date ""2025-05-02"" ;
    pred:SessionName ""III (Sepsis)"" ;
    pred:Identification ""3"" ;
    pred:Situation ""3"" ;
    pred:Background_history ""3"" ;
    pred:Background_examination ""2"" ;
    pred:Assessment ""2"" ;
    pred:Recommendation_clear_recommendation ""2"" ;
    pred:Recommendation_global_rating_scale ""3"" ;
    pred:Comments ""Clear communication during handover
Good"" .

:Respondent20 a :Person ;
    pred:Date ""2025-05-16"" ;
    pred:SessionName ""III (Sepsis)"" ;
    pred:Identification ""3"" ;
    pred:Situation ""3"" ;
    pred:Background_history ""3"" ;
    pred:Background_examination ""2"" ;
    pred:Assessment ""2"" ;
    pred:Recommendation_clear_recommendation ""2"" ;
    pred:Recommendation_global_rating_scale ""2"" ;
    pred:Comments ""Clinical handover and communication skills, satisfactory
No panic, no arrest team
Satisfactory"" .

",3,"How many respondents have Identification score of 3?

DATA:

@prefix : <http://example.org/survey#> .
@prefix pred: <http://example.org/predicate#> .

# Questions
:QDate pred:Text ""What is the date of the session? [Open-ended]"" .
:QSessionName pred:Text ""What is the name of the session? [Open-ended]"" .
:QIdentification pred:Text ""Identification of self, role, and patient. [Rubric: 0 = Requires direct prompting, 1 = Introduces themselves but only after a hint, 2 = Introduces themselves but information is incomplete, 3 = Introduces themselves and information is complete]"" .
:QSituation pred:Text ""Identifies the main problem(s). [Rubric: 0 = Unable to identify the main problem(s), 1 = Identifies the main problem(s) after extended prompting, 2 = Identifies the main problem(s) with fewer prompts needed, 3 = Identifies and prioritizes the main problem(s) unprompted]"" .
:QBackground_history pred:Text ""Gives appropriate history. [Rubric: 0 = History is unstructured or non-relevant, 1 = Relevant history but frequent clarification needed, 2 = Relevant history with few further questions needed, 3 = Comprehensive focused history]"" .
:QBackground_examination pred:Text ""Gives appropriate examination/observations. [Rubric: 0 = Observations are omitted or irrelevant, 1 = Observations reported but frequent clarification needed, 2 = Observations reported with few further questions needed, 3 = Comprehensive focused examination/observations]"" .
:QAssessment pred:Text ""Makes logical assessment (correlates problem, history, exam, context). [Rubric: 0 = No logical assessment, 1 = Assessment only after extended questioning, 2 = Assessment after minimal questioning, 3 = Comprehensive logical assessment without questioning]"" .
:QRecommendation_clear_recommendation pred:Text ""Makes a clear recommendation. [Rubric: 0 = No recommendation, 1 = Clear recommendation only after extended questioning, 2 = Clear recommendation after minimal questioning, 3 = Clear comprehensive recommendation without questioning]"" .
:QRecommendation_global_rating_scale pred:Text ""Global Rating Scale (GRS) - How confident am I that I received an accurate picture of the patient? [Rubric: 0 = Not at all confident, 1 = Confident but required extended questioning, 2 = Confident but required some further questioning, 3 = Confident and required little or no questioning]"" .
:QComments pred:Text ""Comments on the session. [Open-ended]"" .

# Responses
:Respondent2 a :Person ;
    pred:Date ""2025-03-14"" ;
    pred:SessionName ""II-Anaphylaxsis"" ;
    pred:Identification ""3"" ;
    pred:Situation ""3"" ;
    pred:Background_history ""2"" ;
    pred:Background_examination ""2"" ;
    pred:Assessment ""3"" ;
    pred:Recommendation_clear_recommendation ""3"" ;
    pred:Recommendation_global_rating_scale ""3"" ;
    pred:Comments ""Time: (11:43-11:58)
Talking to registrav could not summarize the condition of patient very clearly
DID: Sepsis I Anaphylaxsis given by team"" .

:Respondent17 a :Person ;
    pred:Date ""2025-05-04"" ;
    pred:SessionName ""IV - VT"" ;
    pred:Identification ""3"" ;
    pred:Situation ""3"" ;
    pred:Background_history ""2"" ;
    pred:Background_examination ""2"" ;
    pred:Assessment ""3"" ;
    pred:Recommendation_clear_recommendation ""2"" ;
    pred:Recommendation_global_rating_scale ""2"" ;
    pred:Comments ""Not very concise or clear communication
Satisfactory"" .

:Respondent3 a :Person ;
    pred:Date ""2025-03-14"" ;
    pred:SessionName ""IV-Hypoglycemia"" ;
    pred:Identification ""3"" ;
    pred:Situation ""3"" ;
    pred:Background_history ""2"" ;
    pred:Background_examination ""2"" ;
    pred:Assessment ""3"" ;
    pred:Recommendation_clear_recommendation ""1"" ;
    pred:Recommendation_global_rating_scale ""1"" ;
    pred:Comments ""Time: (2:36-2:53)
Late response for considering consultation"" .

:Respondent12 a :Person ;
    pred:Date ""2025-05-02"" ;
    pred:SessionName ""IV (VT)"" ;
    pred:Identification ""3"" ;
    pred:Situation ""3"" ;
    pred:Background_history ""2"" ;
    pred:Background_examination ""-1"" ;
    pred:Assessment ""3"" ;
    pred:Recommendation_clear_recommendation ""2"" ;
    pred:Recommendation_global_rating_scale ""3"" ;
    pred:Comments ""Good"" .

Answer: 3

@prefix : <http://example.org/survey#> .
@prefix pred: <http://example.org/predicate#> .

# Questions
:QDate pred:Text ""What is the date of the session? [Open-ended]"" .
:QSessionName pred:Text ""What is the name of the session? [Open-ended]"" .
:QIdentification pred:Text ""Identification of self, role, and patient. [Rubric: 0 = Requires direct prompting, 1 = Introduces themselves but only after a hint, 2 = Introduces themselves but information is incomplete, 3 = Introduces themselves and information is complete]"" .
:QSituation pred:Text ""Identifies the main problem(s). [Rubric: 0 = Unable to identify the main problem(s), 1 = Identifies the main problem(s) after extended prompting, 2 = Identifies the main problem(s) with fewer prompts needed, 3 = Identifies and prioritizes the main problem(s) unprompted]"" .
:QBackground_history pred:Text ""Gives appropriate history. [Rubric: 0 = History is unstructured or non-relevant, 1 = Relevant history but frequent clarification needed, 2 = Relevant history with few further questions needed, 3 = Comprehensive focused history]"" .
:QBackground_examination pred:Text ""Gives appropriate examination/observations. [Rubric: 0 = Observations are omitted or irrelevant, 1 = Observations reported but frequent clarification needed, 2 = Observations reported with few further questions needed, 3 = Comprehensive focused examination/observations]"" .
:QAssessment pred:Text ""Makes logical assessment (correlates problem, history, exam, context). [Rubric: 0 = No logical assessment, 1 = Assessment only after extended questioning, 2 = Assessment after minimal questioning, 3 = Comprehensive logical assessment without questioning]"" .
:QRecommendation_clear_recommendation pred:Text ""Makes a clear recommendation. [Rubric: 0 = No recommendation, 1 = Clear recommendation only after extended questioning, 2 = Clear recommendation after minimal questioning, 3 = Clear comprehensive recommendation without questioning]"" .
:QRecommendation_global_rating_scale pred:Text ""Global Rating Scale (GRS) - How confident am I that I received an accurate picture of the patient? [Rubric: 0 = Not at all confident, 1 = Confident but required extended questioning, 2 = Confident but required some further questioning, 3 = Confident and required little or no questioning]"" .
:QComments pred:Text ""Comments on the session. [Open-ended]"" .

# Responses
:Respondent3 a :Person ;
    pred:Date ""2025-03-14"" ;
    pred:SessionName ""IV-Hypoglycemia"" ;
    pred:Identification ""3"" ;
    pred:Situation ""3"" ;
    pred:Background_history ""2"" ;
    pred:Background_examination ""2"" ;
    pred:Assessment ""3"" ;
    pred:Recommendation_clear_recommendation ""1"" ;
    pred:Recommendation_global_rating_scale ""1"" ;
    pred:Comments ""Time: (2:36-2:53)
Late response for considering consultation"" .

:Respondent10 a :Person ;
    pred:Date ""2025-05-02"" ;
    pred:SessionName ""III (Sepsis)"" ;
    pred:Identification ""3"" ;
    pred:Situation ""3"" ;
    pred:Background_history ""3"" ;
    pred:Background_examination ""2"" ;
    pred:Assessment ""2"" ;
    pred:Recommendation_clear_recommendation ""2"" ;
    pred:Recommendation_global_rating_scale ""3"" ;
    pred:Comments ""Clear communication during handover
Good"" .

:Respondent20 a :Person ;
    pred:Date ""2025-05-16"" ;
    pred:SessionName ""III (Sepsis)"" ;
    pred:Identification ""3"" ;
    pred:Situation ""3"" ;
    pred:Background_history ""3"" ;
    pred:Background_examination ""2"" ;
    pred:Assessment ""2"" ;
    pred:Recommendation_clear_recommendation ""2"" ;
    pred:Recommendation_global_rating_scale ""2"" ;
    pred:Comments ""Clinical handover and communication skills, satisfactory
No panic, no arrest team
Satisfactory"" .

You are a meticulous data analyst AI. Your primary function is to accurately analyze structured data and provide precise, verifiable answers.

You will be given a dataset with two key parts:

A 'questions' section: This is your data dictionary or schema. It is the single source of truth for understanding what each field and score means. Refer to it carefully.

A 'responses' section: This contains the raw data from each individual respondent.

To answer the question correctly, you must first use the 'questions' schema to fully understand the context and meaning of the data points within the 'responses'. Do not rely on any prior knowledge outside of this provided data. Base your entire analysis on the information given.

Provide your final answer directly and concisely. Output must be the human-readable value, not an option code.

Rules:
- For MCQ fields, map any letter codes in the Responses (case-insensitive) to the corresponding option text from the Questions schema, and output only that text. Do NOT include the letter or both.
  Example: If the schema is ""[MCQ: A. Abnormal B. Inconclusive C. Normal]"" and the response is ""a"", output ""Abnormal"".
- For open-ended fields, output the exact text value.
- If the question asks for a count, provide only the number (e.g., ""42"").
- If the question asks for a list of names or IDs, provide a simple comma-separated list (e.g., ""17, 21, 23"").
- Preserve capitalization exactly as in the schema (e.g., output ""Abnormal"", not ""abnormal"" or ""A"").

How many total respondents are in this dataset?",6,False
case_38,conceptual_aggregation,How many respondents have Recommendation (clear recommendation) score of 2?,"@prefix : <http://example.org/survey#> .
@prefix pred: <http://example.org/predicate#> .

# Questions
:QDate pred:Text ""What is the date of the session? [Open-ended]"" .
:QSessionName pred:Text ""What is the name of the session? [Open-ended]"" .
:QIdentification pred:Text ""Identification of self, role, and patient. [Rubric: 0 = Requires direct prompting, 1 = Introduces themselves but only after a hint, 2 = Introduces themselves but information is incomplete, 3 = Introduces themselves and information is complete]"" .
:QSituation pred:Text ""Identifies the main problem(s). [Rubric: 0 = Unable to identify the main problem(s), 1 = Identifies the main problem(s) after extended prompting, 2 = Identifies the main problem(s) with fewer prompts needed, 3 = Identifies and prioritizes the main problem(s) unprompted]"" .
:QBackground_history pred:Text ""Gives appropriate history. [Rubric: 0 = History is unstructured or non-relevant, 1 = Relevant history but frequent clarification needed, 2 = Relevant history with few further questions needed, 3 = Comprehensive focused history]"" .
:QBackground_examination pred:Text ""Gives appropriate examination/observations. [Rubric: 0 = Observations are omitted or irrelevant, 1 = Observations reported but frequent clarification needed, 2 = Observations reported with few further questions needed, 3 = Comprehensive focused examination/observations]"" .
:QAssessment pred:Text ""Makes logical assessment (correlates problem, history, exam, context). [Rubric: 0 = No logical assessment, 1 = Assessment only after extended questioning, 2 = Assessment after minimal questioning, 3 = Comprehensive logical assessment without questioning]"" .
:QRecommendation_clear_recommendation pred:Text ""Makes a clear recommendation. [Rubric: 0 = No recommendation, 1 = Clear recommendation only after extended questioning, 2 = Clear recommendation after minimal questioning, 3 = Clear comprehensive recommendation without questioning]"" .
:QRecommendation_global_rating_scale pred:Text ""Global Rating Scale (GRS) - How confident am I that I received an accurate picture of the patient? [Rubric: 0 = Not at all confident, 1 = Confident but required extended questioning, 2 = Confident but required some further questioning, 3 = Confident and required little or no questioning]"" .
:QComments pred:Text ""Comments on the session. [Open-ended]"" .

# Responses
:Respondent12 a :Person ;
    pred:Date ""2025-05-02"" ;
    pred:SessionName ""IV (VT)"" ;
    pred:Identification ""3"" ;
    pred:Situation ""3"" ;
    pred:Background_history ""2"" ;
    pred:Background_examination ""-1"" ;
    pred:Assessment ""3"" ;
    pred:Recommendation_clear_recommendation ""2"" ;
    pred:Recommendation_global_rating_scale ""3"" ;
    pred:Comments ""Good"" .

:Respondent6 a :Person ;
    pred:Date ""2025-04-04"" ;
    pred:SessionName ""III-Sepsis"" ;
    pred:Identification ""-1"" ;
    pred:Situation ""2"" ;
    pred:Background_history ""3"" ;
    pred:Background_examination ""3"" ;
    pred:Assessment ""3"" ;
    pred:Recommendation_clear_recommendation ""3"" ;
    pred:Recommendation_global_rating_scale ""3"" ;
    pred:Comments ""The patient/simulation is not oriented in TPP.
Clear communication between Reg and colleague during handover"" .

:Respondent7 a :Person ;
    pred:Date ""2025-04-04"" ;
    pred:SessionName ""II (Anaphylactic Shock)"" ;
    pred:Identification ""3"" ;
    pred:Situation ""2"" ;
    pred:Background_history ""3"" ;
    pred:Background_examination ""3"" ;
    pred:Assessment ""2"" ;
    pred:Recommendation_clear_recommendation ""2"" ;
    pred:Recommendation_global_rating_scale ""3"" ;
    pred:Comments """" .

:Respondent10 a :Person ;
    pred:Date ""2025-05-02"" ;
    pred:SessionName ""III (Sepsis)"" ;
    pred:Identification ""3"" ;
    pred:Situation ""3"" ;
    pred:Background_history ""3"" ;
    pred:Background_examination ""2"" ;
    pred:Assessment ""2"" ;
    pred:Recommendation_clear_recommendation ""2"" ;
    pred:Recommendation_global_rating_scale ""3"" ;
    pred:Comments ""Clear communication during handover
Good"" .

:Respondent16 a :Person ;
    pred:Date ""2025-05-04"" ;
    pred:SessionName ""II - Anaphylaxsis"" ;
    pred:Identification ""3"" ;
    pred:Situation ""3"" ;
    pred:Background_history ""3"" ;
    pred:Background_examination ""3"" ;
    pred:Assessment ""3"" ;
    pred:Recommendation_clear_recommendation ""2"" ;
    pred:Recommendation_global_rating_scale ""3"" ;
    pred:Comments ""Good clear and precise clinical handover
Good"" .

",4,"How many respondents have Identification score of 3?

DATA:

@prefix : <http://example.org/survey#> .
@prefix pred: <http://example.org/predicate#> .

# Questions
:QDate pred:Text ""What is the date of the session? [Open-ended]"" .
:QSessionName pred:Text ""What is the name of the session? [Open-ended]"" .
:QIdentification pred:Text ""Identification of self, role, and patient. [Rubric: 0 = Requires direct prompting, 1 = Introduces themselves but only after a hint, 2 = Introduces themselves but information is incomplete, 3 = Introduces themselves and information is complete]"" .
:QSituation pred:Text ""Identifies the main problem(s). [Rubric: 0 = Unable to identify the main problem(s), 1 = Identifies the main problem(s) after extended prompting, 2 = Identifies the main problem(s) with fewer prompts needed, 3 = Identifies and prioritizes the main problem(s) unprompted]"" .
:QBackground_history pred:Text ""Gives appropriate history. [Rubric: 0 = History is unstructured or non-relevant, 1 = Relevant history but frequent clarification needed, 2 = Relevant history with few further questions needed, 3 = Comprehensive focused history]"" .
:QBackground_examination pred:Text ""Gives appropriate examination/observations. [Rubric: 0 = Observations are omitted or irrelevant, 1 = Observations reported but frequent clarification needed, 2 = Observations reported with few further questions needed, 3 = Comprehensive focused examination/observations]"" .
:QAssessment pred:Text ""Makes logical assessment (correlates problem, history, exam, context). [Rubric: 0 = No logical assessment, 1 = Assessment only after extended questioning, 2 = Assessment after minimal questioning, 3 = Comprehensive logical assessment without questioning]"" .
:QRecommendation_clear_recommendation pred:Text ""Makes a clear recommendation. [Rubric: 0 = No recommendation, 1 = Clear recommendation only after extended questioning, 2 = Clear recommendation after minimal questioning, 3 = Clear comprehensive recommendation without questioning]"" .
:QRecommendation_global_rating_scale pred:Text ""Global Rating Scale (GRS) - How confident am I that I received an accurate picture of the patient? [Rubric: 0 = Not at all confident, 1 = Confident but required extended questioning, 2 = Confident but required some further questioning, 3 = Confident and required little or no questioning]"" .
:QComments pred:Text ""Comments on the session. [Open-ended]"" .

# Responses
:Respondent2 a :Person ;
    pred:Date ""2025-03-14"" ;
    pred:SessionName ""II-Anaphylaxsis"" ;
    pred:Identification ""3"" ;
    pred:Situation ""3"" ;
    pred:Background_history ""2"" ;
    pred:Background_examination ""2"" ;
    pred:Assessment ""3"" ;
    pred:Recommendation_clear_recommendation ""3"" ;
    pred:Recommendation_global_rating_scale ""3"" ;
    pred:Comments ""Time: (11:43-11:58)
Talking to registrav could not summarize the condition of patient very clearly
DID: Sepsis I Anaphylaxsis given by team"" .

:Respondent17 a :Person ;
    pred:Date ""2025-05-04"" ;
    pred:SessionName ""IV - VT"" ;
    pred:Identification ""3"" ;
    pred:Situation ""3"" ;
    pred:Background_history ""2"" ;
    pred:Background_examination ""2"" ;
    pred:Assessment ""3"" ;
    pred:Recommendation_clear_recommendation ""2"" ;
    pred:Recommendation_global_rating_scale ""2"" ;
    pred:Comments ""Not very concise or clear communication
Satisfactory"" .

:Respondent3 a :Person ;
    pred:Date ""2025-03-14"" ;
    pred:SessionName ""IV-Hypoglycemia"" ;
    pred:Identification ""3"" ;
    pred:Situation ""3"" ;
    pred:Background_history ""2"" ;
    pred:Background_examination ""2"" ;
    pred:Assessment ""3"" ;
    pred:Recommendation_clear_recommendation ""1"" ;
    pred:Recommendation_global_rating_scale ""1"" ;
    pred:Comments ""Time: (2:36-2:53)
Late response for considering consultation"" .

:Respondent12 a :Person ;
    pred:Date ""2025-05-02"" ;
    pred:SessionName ""IV (VT)"" ;
    pred:Identification ""3"" ;
    pred:Situation ""3"" ;
    pred:Background_history ""2"" ;
    pred:Background_examination ""-1"" ;
    pred:Assessment ""3"" ;
    pred:Recommendation_clear_recommendation ""2"" ;
    pred:Recommendation_global_rating_scale ""3"" ;
    pred:Comments ""Good"" .

Answer: 3

@prefix : <http://example.org/survey#> .
@prefix pred: <http://example.org/predicate#> .

# Questions
:QDate pred:Text ""What is the date of the session? [Open-ended]"" .
:QSessionName pred:Text ""What is the name of the session? [Open-ended]"" .
:QIdentification pred:Text ""Identification of self, role, and patient. [Rubric: 0 = Requires direct prompting, 1 = Introduces themselves but only after a hint, 2 = Introduces themselves but information is incomplete, 3 = Introduces themselves and information is complete]"" .
:QSituation pred:Text ""Identifies the main problem(s). [Rubric: 0 = Unable to identify the main problem(s), 1 = Identifies the main problem(s) after extended prompting, 2 = Identifies the main problem(s) with fewer prompts needed, 3 = Identifies and prioritizes the main problem(s) unprompted]"" .
:QBackground_history pred:Text ""Gives appropriate history. [Rubric: 0 = History is unstructured or non-relevant, 1 = Relevant history but frequent clarification needed, 2 = Relevant history with few further questions needed, 3 = Comprehensive focused history]"" .
:QBackground_examination pred:Text ""Gives appropriate examination/observations. [Rubric: 0 = Observations are omitted or irrelevant, 1 = Observations reported but frequent clarification needed, 2 = Observations reported with few further questions needed, 3 = Comprehensive focused examination/observations]"" .
:QAssessment pred:Text ""Makes logical assessment (correlates problem, history, exam, context). [Rubric: 0 = No logical assessment, 1 = Assessment only after extended questioning, 2 = Assessment after minimal questioning, 3 = Comprehensive logical assessment without questioning]"" .
:QRecommendation_clear_recommendation pred:Text ""Makes a clear recommendation. [Rubric: 0 = No recommendation, 1 = Clear recommendation only after extended questioning, 2 = Clear recommendation after minimal questioning, 3 = Clear comprehensive recommendation without questioning]"" .
:QRecommendation_global_rating_scale pred:Text ""Global Rating Scale (GRS) - How confident am I that I received an accurate picture of the patient? [Rubric: 0 = Not at all confident, 1 = Confident but required extended questioning, 2 = Confident but required some further questioning, 3 = Confident and required little or no questioning]"" .
:QComments pred:Text ""Comments on the session. [Open-ended]"" .

# Responses
:Respondent12 a :Person ;
    pred:Date ""2025-05-02"" ;
    pred:SessionName ""IV (VT)"" ;
    pred:Identification ""3"" ;
    pred:Situation ""3"" ;
    pred:Background_history ""2"" ;
    pred:Background_examination ""-1"" ;
    pred:Assessment ""3"" ;
    pred:Recommendation_clear_recommendation ""2"" ;
    pred:Recommendation_global_rating_scale ""3"" ;
    pred:Comments ""Good"" .

:Respondent6 a :Person ;
    pred:Date ""2025-04-04"" ;
    pred:SessionName ""III-Sepsis"" ;
    pred:Identification ""-1"" ;
    pred:Situation ""2"" ;
    pred:Background_history ""3"" ;
    pred:Background_examination ""3"" ;
    pred:Assessment ""3"" ;
    pred:Recommendation_clear_recommendation ""3"" ;
    pred:Recommendation_global_rating_scale ""3"" ;
    pred:Comments ""The patient/simulation is not oriented in TPP.
Clear communication between Reg and colleague during handover"" .

:Respondent7 a :Person ;
    pred:Date ""2025-04-04"" ;
    pred:SessionName ""II (Anaphylactic Shock)"" ;
    pred:Identification ""3"" ;
    pred:Situation ""2"" ;
    pred:Background_history ""3"" ;
    pred:Background_examination ""3"" ;
    pred:Assessment ""2"" ;
    pred:Recommendation_clear_recommendation ""2"" ;
    pred:Recommendation_global_rating_scale ""3"" ;
    pred:Comments """" .

:Respondent10 a :Person ;
    pred:Date ""2025-05-02"" ;
    pred:SessionName ""III (Sepsis)"" ;
    pred:Identification ""3"" ;
    pred:Situation ""3"" ;
    pred:Background_history ""3"" ;
    pred:Background_examination ""2"" ;
    pred:Assessment ""2"" ;
    pred:Recommendation_clear_recommendation ""2"" ;
    pred:Recommendation_global_rating_scale ""3"" ;
    pred:Comments ""Clear communication during handover
Good"" .

:Respondent16 a :Person ;
    pred:Date ""2025-05-04"" ;
    pred:SessionName ""II - Anaphylaxsis"" ;
    pred:Identification ""3"" ;
    pred:Situation ""3"" ;
    pred:Background_history ""3"" ;
    pred:Background_examination ""3"" ;
    pred:Assessment ""3"" ;
    pred:Recommendation_clear_recommendation ""2"" ;
    pred:Recommendation_global_rating_scale ""3"" ;
    pred:Comments ""Good clear and precise clinical handover
Good"" .

You are a meticulous data analyst AI. Your primary function is to accurately analyze structured data and provide precise, verifiable answers.

You will be given a dataset with two key parts:

A 'questions' section: This is your data dictionary or schema. It is the single source of truth for understanding what each field and score means. Refer to it carefully.

A 'responses' section: This contains the raw data from each individual respondent.

To answer the question correctly, you must first use the 'questions' schema to fully understand the context and meaning of the data points within the 'responses'. Do not rely on any prior knowledge outside of this provided data. Base your entire analysis on the information given.

Provide your final answer directly and concisely. Output must be the human-readable value, not an option code.

Rules:
- For MCQ fields, map any letter codes in the Responses (case-insensitive) to the corresponding option text from the Questions schema, and output only that text. Do NOT include the letter or both.
  Example: If the schema is ""[MCQ: A. Abnormal B. Inconclusive C. Normal]"" and the response is ""a"", output ""Abnormal"".
- For open-ended fields, output the exact text value.
- If the question asks for a count, provide only the number (e.g., ""42"").
- If the question asks for a list of names or IDs, provide a simple comma-separated list (e.g., ""17, 21, 23"").
- Preserve capitalization exactly as in the schema (e.g., output ""Abnormal"", not ""abnormal"" or ""A"").

How many respondents have Recommendation (clear recommendation) score of 2?",4,True
case_39,conceptual_aggregation,How many respondents have Recommendation (clear recommendation) score greater than or equal to 2?,"@prefix : <http://example.org/survey#> .
@prefix pred: <http://example.org/predicate#> .

# Questions
:QDate pred:Text ""What is the date of the session? [Open-ended]"" .
:QSessionName pred:Text ""What is the name of the session? [Open-ended]"" .
:QIdentification pred:Text ""Identification of self, role, and patient. [Rubric: 0 = Requires direct prompting, 1 = Introduces themselves but only after a hint, 2 = Introduces themselves but information is incomplete, 3 = Introduces themselves and information is complete]"" .
:QSituation pred:Text ""Identifies the main problem(s). [Rubric: 0 = Unable to identify the main problem(s), 1 = Identifies the main problem(s) after extended prompting, 2 = Identifies the main problem(s) with fewer prompts needed, 3 = Identifies and prioritizes the main problem(s) unprompted]"" .
:QBackground_history pred:Text ""Gives appropriate history. [Rubric: 0 = History is unstructured or non-relevant, 1 = Relevant history but frequent clarification needed, 2 = Relevant history with few further questions needed, 3 = Comprehensive focused history]"" .
:QBackground_examination pred:Text ""Gives appropriate examination/observations. [Rubric: 0 = Observations are omitted or irrelevant, 1 = Observations reported but frequent clarification needed, 2 = Observations reported with few further questions needed, 3 = Comprehensive focused examination/observations]"" .
:QAssessment pred:Text ""Makes logical assessment (correlates problem, history, exam, context). [Rubric: 0 = No logical assessment, 1 = Assessment only after extended questioning, 2 = Assessment after minimal questioning, 3 = Comprehensive logical assessment without questioning]"" .
:QRecommendation_clear_recommendation pred:Text ""Makes a clear recommendation. [Rubric: 0 = No recommendation, 1 = Clear recommendation only after extended questioning, 2 = Clear recommendation after minimal questioning, 3 = Clear comprehensive recommendation without questioning]"" .
:QRecommendation_global_rating_scale pred:Text ""Global Rating Scale (GRS) - How confident am I that I received an accurate picture of the patient? [Rubric: 0 = Not at all confident, 1 = Confident but required extended questioning, 2 = Confident but required some further questioning, 3 = Confident and required little or no questioning]"" .
:QComments pred:Text ""Comments on the session. [Open-ended]"" .

# Responses
:Respondent16 a :Person ;
    pred:Date ""2025-05-04"" ;
    pred:SessionName ""II - Anaphylaxsis"" ;
    pred:Identification ""3"" ;
    pred:Situation ""3"" ;
    pred:Background_history ""3"" ;
    pred:Background_examination ""3"" ;
    pred:Assessment ""3"" ;
    pred:Recommendation_clear_recommendation ""2"" ;
    pred:Recommendation_global_rating_scale ""3"" ;
    pred:Comments ""Good clear and precise clinical handover
Good"" .

:Respondent6 a :Person ;
    pred:Date ""2025-04-04"" ;
    pred:SessionName ""III-Sepsis"" ;
    pred:Identification ""-1"" ;
    pred:Situation ""2"" ;
    pred:Background_history ""3"" ;
    pred:Background_examination ""3"" ;
    pred:Assessment ""3"" ;
    pred:Recommendation_clear_recommendation ""3"" ;
    pred:Recommendation_global_rating_scale ""3"" ;
    pred:Comments ""The patient/simulation is not oriented in TPP.
Clear communication between Reg and colleague during handover"" .

:Respondent23 a :Person ;
    pred:Date ""2025-05-16"" ;
    pred:SessionName ""I (Myocardial infarction)"" ;
    pred:Identification ""3"" ;
    pred:Situation ""2"" ;
    pred:Background_history ""3"" ;
    pred:Background_examination ""1"" ;
    pred:Assessment ""2"" ;
    pred:Recommendation_clear_recommendation ""3"" ;
    pred:Recommendation_global_rating_scale ""3"" ;
    pred:Comments ""Diagnostic clarity is present
Good and early assessment of condition is done"" .

",3,"How many respondents have Identification score of 3?

DATA:

@prefix : <http://example.org/survey#> .
@prefix pred: <http://example.org/predicate#> .

# Questions
:QDate pred:Text ""What is the date of the session? [Open-ended]"" .
:QSessionName pred:Text ""What is the name of the session? [Open-ended]"" .
:QIdentification pred:Text ""Identification of self, role, and patient. [Rubric: 0 = Requires direct prompting, 1 = Introduces themselves but only after a hint, 2 = Introduces themselves but information is incomplete, 3 = Introduces themselves and information is complete]"" .
:QSituation pred:Text ""Identifies the main problem(s). [Rubric: 0 = Unable to identify the main problem(s), 1 = Identifies the main problem(s) after extended prompting, 2 = Identifies the main problem(s) with fewer prompts needed, 3 = Identifies and prioritizes the main problem(s) unprompted]"" .
:QBackground_history pred:Text ""Gives appropriate history. [Rubric: 0 = History is unstructured or non-relevant, 1 = Relevant history but frequent clarification needed, 2 = Relevant history with few further questions needed, 3 = Comprehensive focused history]"" .
:QBackground_examination pred:Text ""Gives appropriate examination/observations. [Rubric: 0 = Observations are omitted or irrelevant, 1 = Observations reported but frequent clarification needed, 2 = Observations reported with few further questions needed, 3 = Comprehensive focused examination/observations]"" .
:QAssessment pred:Text ""Makes logical assessment (correlates problem, history, exam, context). [Rubric: 0 = No logical assessment, 1 = Assessment only after extended questioning, 2 = Assessment after minimal questioning, 3 = Comprehensive logical assessment without questioning]"" .
:QRecommendation_clear_recommendation pred:Text ""Makes a clear recommendation. [Rubric: 0 = No recommendation, 1 = Clear recommendation only after extended questioning, 2 = Clear recommendation after minimal questioning, 3 = Clear comprehensive recommendation without questioning]"" .
:QRecommendation_global_rating_scale pred:Text ""Global Rating Scale (GRS) - How confident am I that I received an accurate picture of the patient? [Rubric: 0 = Not at all confident, 1 = Confident but required extended questioning, 2 = Confident but required some further questioning, 3 = Confident and required little or no questioning]"" .
:QComments pred:Text ""Comments on the session. [Open-ended]"" .

# Responses
:Respondent2 a :Person ;
    pred:Date ""2025-03-14"" ;
    pred:SessionName ""II-Anaphylaxsis"" ;
    pred:Identification ""3"" ;
    pred:Situation ""3"" ;
    pred:Background_history ""2"" ;
    pred:Background_examination ""2"" ;
    pred:Assessment ""3"" ;
    pred:Recommendation_clear_recommendation ""3"" ;
    pred:Recommendation_global_rating_scale ""3"" ;
    pred:Comments ""Time: (11:43-11:58)
Talking to registrav could not summarize the condition of patient very clearly
DID: Sepsis I Anaphylaxsis given by team"" .

:Respondent17 a :Person ;
    pred:Date ""2025-05-04"" ;
    pred:SessionName ""IV - VT"" ;
    pred:Identification ""3"" ;
    pred:Situation ""3"" ;
    pred:Background_history ""2"" ;
    pred:Background_examination ""2"" ;
    pred:Assessment ""3"" ;
    pred:Recommendation_clear_recommendation ""2"" ;
    pred:Recommendation_global_rating_scale ""2"" ;
    pred:Comments ""Not very concise or clear communication
Satisfactory"" .

:Respondent3 a :Person ;
    pred:Date ""2025-03-14"" ;
    pred:SessionName ""IV-Hypoglycemia"" ;
    pred:Identification ""3"" ;
    pred:Situation ""3"" ;
    pred:Background_history ""2"" ;
    pred:Background_examination ""2"" ;
    pred:Assessment ""3"" ;
    pred:Recommendation_clear_recommendation ""1"" ;
    pred:Recommendation_global_rating_scale ""1"" ;
    pred:Comments ""Time: (2:36-2:53)
Late response for considering consultation"" .

:Respondent12 a :Person ;
    pred:Date ""2025-05-02"" ;
    pred:SessionName ""IV (VT)"" ;
    pred:Identification ""3"" ;
    pred:Situation ""3"" ;
    pred:Background_history ""2"" ;
    pred:Background_examination ""-1"" ;
    pred:Assessment ""3"" ;
    pred:Recommendation_clear_recommendation ""2"" ;
    pred:Recommendation_global_rating_scale ""3"" ;
    pred:Comments ""Good"" .

Answer: 3

@prefix : <http://example.org/survey#> .
@prefix pred: <http://example.org/predicate#> .

# Questions
:QDate pred:Text ""What is the date of the session? [Open-ended]"" .
:QSessionName pred:Text ""What is the name of the session? [Open-ended]"" .
:QIdentification pred:Text ""Identification of self, role, and patient. [Rubric: 0 = Requires direct prompting, 1 = Introduces themselves but only after a hint, 2 = Introduces themselves but information is incomplete, 3 = Introduces themselves and information is complete]"" .
:QSituation pred:Text ""Identifies the main problem(s). [Rubric: 0 = Unable to identify the main problem(s), 1 = Identifies the main problem(s) after extended prompting, 2 = Identifies the main problem(s) with fewer prompts needed, 3 = Identifies and prioritizes the main problem(s) unprompted]"" .
:QBackground_history pred:Text ""Gives appropriate history. [Rubric: 0 = History is unstructured or non-relevant, 1 = Relevant history but frequent clarification needed, 2 = Relevant history with few further questions needed, 3 = Comprehensive focused history]"" .
:QBackground_examination pred:Text ""Gives appropriate examination/observations. [Rubric: 0 = Observations are omitted or irrelevant, 1 = Observations reported but frequent clarification needed, 2 = Observations reported with few further questions needed, 3 = Comprehensive focused examination/observations]"" .
:QAssessment pred:Text ""Makes logical assessment (correlates problem, history, exam, context). [Rubric: 0 = No logical assessment, 1 = Assessment only after extended questioning, 2 = Assessment after minimal questioning, 3 = Comprehensive logical assessment without questioning]"" .
:QRecommendation_clear_recommendation pred:Text ""Makes a clear recommendation. [Rubric: 0 = No recommendation, 1 = Clear recommendation only after extended questioning, 2 = Clear recommendation after minimal questioning, 3 = Clear comprehensive recommendation without questioning]"" .
:QRecommendation_global_rating_scale pred:Text ""Global Rating Scale (GRS) - How confident am I that I received an accurate picture of the patient? [Rubric: 0 = Not at all confident, 1 = Confident but required extended questioning, 2 = Confident but required some further questioning, 3 = Confident and required little or no questioning]"" .
:QComments pred:Text ""Comments on the session. [Open-ended]"" .

# Responses
:Respondent16 a :Person ;
    pred:Date ""2025-05-04"" ;
    pred:SessionName ""II - Anaphylaxsis"" ;
    pred:Identification ""3"" ;
    pred:Situation ""3"" ;
    pred:Background_history ""3"" ;
    pred:Background_examination ""3"" ;
    pred:Assessment ""3"" ;
    pred:Recommendation_clear_recommendation ""2"" ;
    pred:Recommendation_global_rating_scale ""3"" ;
    pred:Comments ""Good clear and precise clinical handover
Good"" .

:Respondent6 a :Person ;
    pred:Date ""2025-04-04"" ;
    pred:SessionName ""III-Sepsis"" ;
    pred:Identification ""-1"" ;
    pred:Situation ""2"" ;
    pred:Background_history ""3"" ;
    pred:Background_examination ""3"" ;
    pred:Assessment ""3"" ;
    pred:Recommendation_clear_recommendation ""3"" ;
    pred:Recommendation_global_rating_scale ""3"" ;
    pred:Comments ""The patient/simulation is not oriented in TPP.
Clear communication between Reg and colleague during handover"" .

:Respondent23 a :Person ;
    pred:Date ""2025-05-16"" ;
    pred:SessionName ""I (Myocardial infarction)"" ;
    pred:Identification ""3"" ;
    pred:Situation ""2"" ;
    pred:Background_history ""3"" ;
    pred:Background_examination ""1"" ;
    pred:Assessment ""2"" ;
    pred:Recommendation_clear_recommendation ""3"" ;
    pred:Recommendation_global_rating_scale ""3"" ;
    pred:Comments ""Diagnostic clarity is present
Good and early assessment of condition is done"" .

You are a meticulous data analyst AI. Your primary function is to accurately analyze structured data and provide precise, verifiable answers.

You will be given a dataset with two key parts:

A 'questions' section: This is your data dictionary or schema. It is the single source of truth for understanding what each field and score means. Refer to it carefully.

A 'responses' section: This contains the raw data from each individual respondent.

To answer the question correctly, you must first use the 'questions' schema to fully understand the context and meaning of the data points within the 'responses'. Do not rely on any prior knowledge outside of this provided data. Base your entire analysis on the information given.

Provide your final answer directly and concisely. Output must be the human-readable value, not an option code.

Rules:
- For MCQ fields, map any letter codes in the Responses (case-insensitive) to the corresponding option text from the Questions schema, and output only that text. Do NOT include the letter or both.
  Example: If the schema is ""[MCQ: A. Abnormal B. Inconclusive C. Normal]"" and the response is ""a"", output ""Abnormal"".
- For open-ended fields, output the exact text value.
- If the question asks for a count, provide only the number (e.g., ""42"").
- If the question asks for a list of names or IDs, provide a simple comma-separated list (e.g., ""17, 21, 23"").
- Preserve capitalization exactly as in the schema (e.g., output ""Abnormal"", not ""abnormal"" or ""A"").

How many respondents have Recommendation (clear recommendation) score greater than or equal to 2?",6,False
case_40,conceptual_aggregation,How many respondents have Background (examination) score of -1?,"@prefix : <http://example.org/survey#> .
@prefix pred: <http://example.org/predicate#> .

# Questions
:QDate pred:Text ""What is the date of the session? [Open-ended]"" .
:QSessionName pred:Text ""What is the name of the session? [Open-ended]"" .
:QIdentification pred:Text ""Identification of self, role, and patient. [Rubric: 0 = Requires direct prompting, 1 = Introduces themselves but only after a hint, 2 = Introduces themselves but information is incomplete, 3 = Introduces themselves and information is complete]"" .
:QSituation pred:Text ""Identifies the main problem(s). [Rubric: 0 = Unable to identify the main problem(s), 1 = Identifies the main problem(s) after extended prompting, 2 = Identifies the main problem(s) with fewer prompts needed, 3 = Identifies and prioritizes the main problem(s) unprompted]"" .
:QBackground_history pred:Text ""Gives appropriate history. [Rubric: 0 = History is unstructured or non-relevant, 1 = Relevant history but frequent clarification needed, 2 = Relevant history with few further questions needed, 3 = Comprehensive focused history]"" .
:QBackground_examination pred:Text ""Gives appropriate examination/observations. [Rubric: 0 = Observations are omitted or irrelevant, 1 = Observations reported but frequent clarification needed, 2 = Observations reported with few further questions needed, 3 = Comprehensive focused examination/observations]"" .
:QAssessment pred:Text ""Makes logical assessment (correlates problem, history, exam, context). [Rubric: 0 = No logical assessment, 1 = Assessment only after extended questioning, 2 = Assessment after minimal questioning, 3 = Comprehensive logical assessment without questioning]"" .
:QRecommendation_clear_recommendation pred:Text ""Makes a clear recommendation. [Rubric: 0 = No recommendation, 1 = Clear recommendation only after extended questioning, 2 = Clear recommendation after minimal questioning, 3 = Clear comprehensive recommendation without questioning]"" .
:QRecommendation_global_rating_scale pred:Text ""Global Rating Scale (GRS) - How confident am I that I received an accurate picture of the patient? [Rubric: 0 = Not at all confident, 1 = Confident but required extended questioning, 2 = Confident but required some further questioning, 3 = Confident and required little or no questioning]"" .
:QComments pred:Text ""Comments on the session. [Open-ended]"" .

# Responses
:Respondent12 a :Person ;
    pred:Date ""2025-05-02"" ;
    pred:SessionName ""IV (VT)"" ;
    pred:Identification ""3"" ;
    pred:Situation ""3"" ;
    pred:Background_history ""2"" ;
    pred:Background_examination ""-1"" ;
    pred:Assessment ""3"" ;
    pred:Recommendation_clear_recommendation ""2"" ;
    pred:Recommendation_global_rating_scale ""3"" ;
    pred:Comments ""Good"" .

:Respondent11 a :Person ;
    pred:Date ""2025-05-02"" ;
    pred:SessionName ""II (Anaphylaxis)"" ;
    pred:Identification ""3"" ;
    pred:Situation ""3"" ;
    pred:Background_history ""3"" ;
    pred:Background_examination ""3"" ;
    pred:Assessment ""2"" ;
    pred:Recommendation_clear_recommendation ""3"" ;
    pred:Recommendation_global_rating_scale ""3"" ;
    pred:Comments ""Good"" .

:Respondent4 a :Person ;
    pred:Date ""2025-03-14"" ;
    pred:SessionName ""I-VF"" ;
    pred:Identification ""3"" ;
    pred:Situation ""3"" ;
    pred:Background_history ""2"" ;
    pred:Background_examination ""1"" ;
    pred:Assessment ""2"" ;
    pred:Recommendation_clear_recommendation ""2"" ;
    pred:Recommendation_global_rating_scale ""2"" ;
    pred:Comments ""Time: (10:29-10:54)
Ventricular fibrillation (CVS)
Lack of communication btween 2 main interns
Further brief to patient, ask patent concerns"" .

",1,"How many respondents have Identification score of 3?

DATA:

@prefix : <http://example.org/survey#> .
@prefix pred: <http://example.org/predicate#> .

# Questions
:QDate pred:Text ""What is the date of the session? [Open-ended]"" .
:QSessionName pred:Text ""What is the name of the session? [Open-ended]"" .
:QIdentification pred:Text ""Identification of self, role, and patient. [Rubric: 0 = Requires direct prompting, 1 = Introduces themselves but only after a hint, 2 = Introduces themselves but information is incomplete, 3 = Introduces themselves and information is complete]"" .
:QSituation pred:Text ""Identifies the main problem(s). [Rubric: 0 = Unable to identify the main problem(s), 1 = Identifies the main problem(s) after extended prompting, 2 = Identifies the main problem(s) with fewer prompts needed, 3 = Identifies and prioritizes the main problem(s) unprompted]"" .
:QBackground_history pred:Text ""Gives appropriate history. [Rubric: 0 = History is unstructured or non-relevant, 1 = Relevant history but frequent clarification needed, 2 = Relevant history with few further questions needed, 3 = Comprehensive focused history]"" .
:QBackground_examination pred:Text ""Gives appropriate examination/observations. [Rubric: 0 = Observations are omitted or irrelevant, 1 = Observations reported but frequent clarification needed, 2 = Observations reported with few further questions needed, 3 = Comprehensive focused examination/observations]"" .
:QAssessment pred:Text ""Makes logical assessment (correlates problem, history, exam, context). [Rubric: 0 = No logical assessment, 1 = Assessment only after extended questioning, 2 = Assessment after minimal questioning, 3 = Comprehensive logical assessment without questioning]"" .
:QRecommendation_clear_recommendation pred:Text ""Makes a clear recommendation. [Rubric: 0 = No recommendation, 1 = Clear recommendation only after extended questioning, 2 = Clear recommendation after minimal questioning, 3 = Clear comprehensive recommendation without questioning]"" .
:QRecommendation_global_rating_scale pred:Text ""Global Rating Scale (GRS) - How confident am I that I received an accurate picture of the patient? [Rubric: 0 = Not at all confident, 1 = Confident but required extended questioning, 2 = Confident but required some further questioning, 3 = Confident and required little or no questioning]"" .
:QComments pred:Text ""Comments on the session. [Open-ended]"" .

# Responses
:Respondent2 a :Person ;
    pred:Date ""2025-03-14"" ;
    pred:SessionName ""II-Anaphylaxsis"" ;
    pred:Identification ""3"" ;
    pred:Situation ""3"" ;
    pred:Background_history ""2"" ;
    pred:Background_examination ""2"" ;
    pred:Assessment ""3"" ;
    pred:Recommendation_clear_recommendation ""3"" ;
    pred:Recommendation_global_rating_scale ""3"" ;
    pred:Comments ""Time: (11:43-11:58)
Talking to registrav could not summarize the condition of patient very clearly
DID: Sepsis I Anaphylaxsis given by team"" .

:Respondent17 a :Person ;
    pred:Date ""2025-05-04"" ;
    pred:SessionName ""IV - VT"" ;
    pred:Identification ""3"" ;
    pred:Situation ""3"" ;
    pred:Background_history ""2"" ;
    pred:Background_examination ""2"" ;
    pred:Assessment ""3"" ;
    pred:Recommendation_clear_recommendation ""2"" ;
    pred:Recommendation_global_rating_scale ""2"" ;
    pred:Comments ""Not very concise or clear communication
Satisfactory"" .

:Respondent3 a :Person ;
    pred:Date ""2025-03-14"" ;
    pred:SessionName ""IV-Hypoglycemia"" ;
    pred:Identification ""3"" ;
    pred:Situation ""3"" ;
    pred:Background_history ""2"" ;
    pred:Background_examination ""2"" ;
    pred:Assessment ""3"" ;
    pred:Recommendation_clear_recommendation ""1"" ;
    pred:Recommendation_global_rating_scale ""1"" ;
    pred:Comments ""Time: (2:36-2:53)
Late response for considering consultation"" .

:Respondent12 a :Person ;
    pred:Date ""2025-05-02"" ;
    pred:SessionName ""IV (VT)"" ;
    pred:Identification ""3"" ;
    pred:Situation ""3"" ;
    pred:Background_history ""2"" ;
    pred:Background_examination ""-1"" ;
    pred:Assessment ""3"" ;
    pred:Recommendation_clear_recommendation ""2"" ;
    pred:Recommendation_global_rating_scale ""3"" ;
    pred:Comments ""Good"" .

Answer: 3

@prefix : <http://example.org/survey#> .
@prefix pred: <http://example.org/predicate#> .

# Questions
:QDate pred:Text ""What is the date of the session? [Open-ended]"" .
:QSessionName pred:Text ""What is the name of the session? [Open-ended]"" .
:QIdentification pred:Text ""Identification of self, role, and patient. [Rubric: 0 = Requires direct prompting, 1 = Introduces themselves but only after a hint, 2 = Introduces themselves but information is incomplete, 3 = Introduces themselves and information is complete]"" .
:QSituation pred:Text ""Identifies the main problem(s). [Rubric: 0 = Unable to identify the main problem(s), 1 = Identifies the main problem(s) after extended prompting, 2 = Identifies the main problem(s) with fewer prompts needed, 3 = Identifies and prioritizes the main problem(s) unprompted]"" .
:QBackground_history pred:Text ""Gives appropriate history. [Rubric: 0 = History is unstructured or non-relevant, 1 = Relevant history but frequent clarification needed, 2 = Relevant history with few further questions needed, 3 = Comprehensive focused history]"" .
:QBackground_examination pred:Text ""Gives appropriate examination/observations. [Rubric: 0 = Observations are omitted or irrelevant, 1 = Observations reported but frequent clarification needed, 2 = Observations reported with few further questions needed, 3 = Comprehensive focused examination/observations]"" .
:QAssessment pred:Text ""Makes logical assessment (correlates problem, history, exam, context). [Rubric: 0 = No logical assessment, 1 = Assessment only after extended questioning, 2 = Assessment after minimal questioning, 3 = Comprehensive logical assessment without questioning]"" .
:QRecommendation_clear_recommendation pred:Text ""Makes a clear recommendation. [Rubric: 0 = No recommendation, 1 = Clear recommendation only after extended questioning, 2 = Clear recommendation after minimal questioning, 3 = Clear comprehensive recommendation without questioning]"" .
:QRecommendation_global_rating_scale pred:Text ""Global Rating Scale (GRS) - How confident am I that I received an accurate picture of the patient? [Rubric: 0 = Not at all confident, 1 = Confident but required extended questioning, 2 = Confident but required some further questioning, 3 = Confident and required little or no questioning]"" .
:QComments pred:Text ""Comments on the session. [Open-ended]"" .

# Responses
:Respondent12 a :Person ;
    pred:Date ""2025-05-02"" ;
    pred:SessionName ""IV (VT)"" ;
    pred:Identification ""3"" ;
    pred:Situation ""3"" ;
    pred:Background_history ""2"" ;
    pred:Background_examination ""-1"" ;
    pred:Assessment ""3"" ;
    pred:Recommendation_clear_recommendation ""2"" ;
    pred:Recommendation_global_rating_scale ""3"" ;
    pred:Comments ""Good"" .

:Respondent11 a :Person ;
    pred:Date ""2025-05-02"" ;
    pred:SessionName ""II (Anaphylaxis)"" ;
    pred:Identification ""3"" ;
    pred:Situation ""3"" ;
    pred:Background_history ""3"" ;
    pred:Background_examination ""3"" ;
    pred:Assessment ""2"" ;
    pred:Recommendation_clear_recommendation ""3"" ;
    pred:Recommendation_global_rating_scale ""3"" ;
    pred:Comments ""Good"" .

:Respondent4 a :Person ;
    pred:Date ""2025-03-14"" ;
    pred:SessionName ""I-VF"" ;
    pred:Identification ""3"" ;
    pred:Situation ""3"" ;
    pred:Background_history ""2"" ;
    pred:Background_examination ""1"" ;
    pred:Assessment ""2"" ;
    pred:Recommendation_clear_recommendation ""2"" ;
    pred:Recommendation_global_rating_scale ""2"" ;
    pred:Comments ""Time: (10:29-10:54)
Ventricular fibrillation (CVS)
Lack of communication btween 2 main interns
Further brief to patient, ask patent concerns"" .

You are a meticulous data analyst AI. Your primary function is to accurately analyze structured data and provide precise, verifiable answers.

You will be given a dataset with two key parts:

A 'questions' section: This is your data dictionary or schema. It is the single source of truth for understanding what each field and score means. Refer to it carefully.

A 'responses' section: This contains the raw data from each individual respondent.

To answer the question correctly, you must first use the 'questions' schema to fully understand the context and meaning of the data points within the 'responses'. Do not rely on any prior knowledge outside of this provided data. Base your entire analysis on the information given.

Provide your final answer directly and concisely. Output must be the human-readable value, not an option code.

Rules:
- For MCQ fields, map any letter codes in the Responses (case-insensitive) to the corresponding option text from the Questions schema, and output only that text. Do NOT include the letter or both.
  Example: If the schema is ""[MCQ: A. Abnormal B. Inconclusive C. Normal]"" and the response is ""a"", output ""Abnormal"".
- For open-ended fields, output the exact text value.
- If the question asks for a count, provide only the number (e.g., ""42"").
- If the question asks for a list of names or IDs, provide a simple comma-separated list (e.g., ""17, 21, 23"").
- Preserve capitalization exactly as in the schema (e.g., output ""Abnormal"", not ""abnormal"" or ""A"").

How many respondents have Background (examination) score of -1?",1,True
case_41,conceptual_aggregation,How many respondents participated in session I (Myocardial infarction)?,"@prefix : <http://example.org/survey#> .
@prefix pred: <http://example.org/predicate#> .

# Questions
:QDate pred:Text ""What is the date of the session? [Open-ended]"" .
:QSessionName pred:Text ""What is the name of the session? [Open-ended]"" .
:QIdentification pred:Text ""Identification of self, role, and patient. [Rubric: 0 = Requires direct prompting, 1 = Introduces themselves but only after a hint, 2 = Introduces themselves but information is incomplete, 3 = Introduces themselves and information is complete]"" .
:QSituation pred:Text ""Identifies the main problem(s). [Rubric: 0 = Unable to identify the main problem(s), 1 = Identifies the main problem(s) after extended prompting, 2 = Identifies the main problem(s) with fewer prompts needed, 3 = Identifies and prioritizes the main problem(s) unprompted]"" .
:QBackground_history pred:Text ""Gives appropriate history. [Rubric: 0 = History is unstructured or non-relevant, 1 = Relevant history but frequent clarification needed, 2 = Relevant history with few further questions needed, 3 = Comprehensive focused history]"" .
:QBackground_examination pred:Text ""Gives appropriate examination/observations. [Rubric: 0 = Observations are omitted or irrelevant, 1 = Observations reported but frequent clarification needed, 2 = Observations reported with few further questions needed, 3 = Comprehensive focused examination/observations]"" .
:QAssessment pred:Text ""Makes logical assessment (correlates problem, history, exam, context). [Rubric: 0 = No logical assessment, 1 = Assessment only after extended questioning, 2 = Assessment after minimal questioning, 3 = Comprehensive logical assessment without questioning]"" .
:QRecommendation_clear_recommendation pred:Text ""Makes a clear recommendation. [Rubric: 0 = No recommendation, 1 = Clear recommendation only after extended questioning, 2 = Clear recommendation after minimal questioning, 3 = Clear comprehensive recommendation without questioning]"" .
:QRecommendation_global_rating_scale pred:Text ""Global Rating Scale (GRS) - How confident am I that I received an accurate picture of the patient? [Rubric: 0 = Not at all confident, 1 = Confident but required extended questioning, 2 = Confident but required some further questioning, 3 = Confident and required little or no questioning]"" .
:QComments pred:Text ""Comments on the session. [Open-ended]"" .

# Responses
:Respondent18 a :Person ;
    pred:Date ""2025-05-04"" ;
    pred:SessionName ""I - MI"" ;
    pred:Identification ""3"" ;
    pred:Situation ""3"" ;
    pred:Background_history ""3"" ;
    pred:Background_examination ""3"" ;
    pred:Assessment ""2"" ;
    pred:Recommendation_clear_recommendation ""3"" ;
    pred:Recommendation_global_rating_scale ""2"" ;
    pred:Comments ""Wrong CPR position
Clarity is a bit low over whole case scenario
Satisfactory"" .

:Respondent23 a :Person ;
    pred:Date ""2025-05-16"" ;
    pred:SessionName ""I (Myocardial infarction)"" ;
    pred:Identification ""3"" ;
    pred:Situation ""2"" ;
    pred:Background_history ""3"" ;
    pred:Background_examination ""1"" ;
    pred:Assessment ""2"" ;
    pred:Recommendation_clear_recommendation ""3"" ;
    pred:Recommendation_global_rating_scale ""3"" ;
    pred:Comments ""Diagnostic clarity is present
Good and early assessment of condition is done"" .

:Respondent1 a :Person ;
    pred:Date ""2025-03-14"" ;
    pred:SessionName ""III-Sepsis"" ;
    pred:Identification ""3"" ;
    pred:Situation ""3"" ;
    pred:Background_history ""2"" ;
    pred:Background_examination ""3"" ;
    pred:Assessment ""2"" ;
    pred:Recommendation_clear_recommendation ""2"" ;
    pred:Recommendation_global_rating_scale ""2"" ;
    pred:Comments ""Time: (1:00-1:17)"" .

:Respondent10 a :Person ;
    pred:Date ""2025-05-02"" ;
    pred:SessionName ""III (Sepsis)"" ;
    pred:Identification ""3"" ;
    pred:Situation ""3"" ;
    pred:Background_history ""3"" ;
    pred:Background_examination ""2"" ;
    pred:Assessment ""2"" ;
    pred:Recommendation_clear_recommendation ""2"" ;
    pred:Recommendation_global_rating_scale ""3"" ;
    pred:Comments ""Clear communication during handover
Good"" .

:Respondent12 a :Person ;
    pred:Date ""2025-05-02"" ;
    pred:SessionName ""IV (VT)"" ;
    pred:Identification ""3"" ;
    pred:Situation ""3"" ;
    pred:Background_history ""2"" ;
    pred:Background_examination ""-1"" ;
    pred:Assessment ""3"" ;
    pred:Recommendation_clear_recommendation ""2"" ;
    pred:Recommendation_global_rating_scale ""3"" ;
    pred:Comments ""Good"" .

",1,"How many respondents have Identification score of 3?

DATA:

@prefix : <http://example.org/survey#> .
@prefix pred: <http://example.org/predicate#> .

# Questions
:QDate pred:Text ""What is the date of the session? [Open-ended]"" .
:QSessionName pred:Text ""What is the name of the session? [Open-ended]"" .
:QIdentification pred:Text ""Identification of self, role, and patient. [Rubric: 0 = Requires direct prompting, 1 = Introduces themselves but only after a hint, 2 = Introduces themselves but information is incomplete, 3 = Introduces themselves and information is complete]"" .
:QSituation pred:Text ""Identifies the main problem(s). [Rubric: 0 = Unable to identify the main problem(s), 1 = Identifies the main problem(s) after extended prompting, 2 = Identifies the main problem(s) with fewer prompts needed, 3 = Identifies and prioritizes the main problem(s) unprompted]"" .
:QBackground_history pred:Text ""Gives appropriate history. [Rubric: 0 = History is unstructured or non-relevant, 1 = Relevant history but frequent clarification needed, 2 = Relevant history with few further questions needed, 3 = Comprehensive focused history]"" .
:QBackground_examination pred:Text ""Gives appropriate examination/observations. [Rubric: 0 = Observations are omitted or irrelevant, 1 = Observations reported but frequent clarification needed, 2 = Observations reported with few further questions needed, 3 = Comprehensive focused examination/observations]"" .
:QAssessment pred:Text ""Makes logical assessment (correlates problem, history, exam, context). [Rubric: 0 = No logical assessment, 1 = Assessment only after extended questioning, 2 = Assessment after minimal questioning, 3 = Comprehensive logical assessment without questioning]"" .
:QRecommendation_clear_recommendation pred:Text ""Makes a clear recommendation. [Rubric: 0 = No recommendation, 1 = Clear recommendation only after extended questioning, 2 = Clear recommendation after minimal questioning, 3 = Clear comprehensive recommendation without questioning]"" .
:QRecommendation_global_rating_scale pred:Text ""Global Rating Scale (GRS) - How confident am I that I received an accurate picture of the patient? [Rubric: 0 = Not at all confident, 1 = Confident but required extended questioning, 2 = Confident but required some further questioning, 3 = Confident and required little or no questioning]"" .
:QComments pred:Text ""Comments on the session. [Open-ended]"" .

# Responses
:Respondent2 a :Person ;
    pred:Date ""2025-03-14"" ;
    pred:SessionName ""II-Anaphylaxsis"" ;
    pred:Identification ""3"" ;
    pred:Situation ""3"" ;
    pred:Background_history ""2"" ;
    pred:Background_examination ""2"" ;
    pred:Assessment ""3"" ;
    pred:Recommendation_clear_recommendation ""3"" ;
    pred:Recommendation_global_rating_scale ""3"" ;
    pred:Comments ""Time: (11:43-11:58)
Talking to registrav could not summarize the condition of patient very clearly
DID: Sepsis I Anaphylaxsis given by team"" .

:Respondent17 a :Person ;
    pred:Date ""2025-05-04"" ;
    pred:SessionName ""IV - VT"" ;
    pred:Identification ""3"" ;
    pred:Situation ""3"" ;
    pred:Background_history ""2"" ;
    pred:Background_examination ""2"" ;
    pred:Assessment ""3"" ;
    pred:Recommendation_clear_recommendation ""2"" ;
    pred:Recommendation_global_rating_scale ""2"" ;
    pred:Comments ""Not very concise or clear communication
Satisfactory"" .

:Respondent3 a :Person ;
    pred:Date ""2025-03-14"" ;
    pred:SessionName ""IV-Hypoglycemia"" ;
    pred:Identification ""3"" ;
    pred:Situation ""3"" ;
    pred:Background_history ""2"" ;
    pred:Background_examination ""2"" ;
    pred:Assessment ""3"" ;
    pred:Recommendation_clear_recommendation ""1"" ;
    pred:Recommendation_global_rating_scale ""1"" ;
    pred:Comments ""Time: (2:36-2:53)
Late response for considering consultation"" .

:Respondent12 a :Person ;
    pred:Date ""2025-05-02"" ;
    pred:SessionName ""IV (VT)"" ;
    pred:Identification ""3"" ;
    pred:Situation ""3"" ;
    pred:Background_history ""2"" ;
    pred:Background_examination ""-1"" ;
    pred:Assessment ""3"" ;
    pred:Recommendation_clear_recommendation ""2"" ;
    pred:Recommendation_global_rating_scale ""3"" ;
    pred:Comments ""Good"" .

Answer: 3

@prefix : <http://example.org/survey#> .
@prefix pred: <http://example.org/predicate#> .

# Questions
:QDate pred:Text ""What is the date of the session? [Open-ended]"" .
:QSessionName pred:Text ""What is the name of the session? [Open-ended]"" .
:QIdentification pred:Text ""Identification of self, role, and patient. [Rubric: 0 = Requires direct prompting, 1 = Introduces themselves but only after a hint, 2 = Introduces themselves but information is incomplete, 3 = Introduces themselves and information is complete]"" .
:QSituation pred:Text ""Identifies the main problem(s). [Rubric: 0 = Unable to identify the main problem(s), 1 = Identifies the main problem(s) after extended prompting, 2 = Identifies the main problem(s) with fewer prompts needed, 3 = Identifies and prioritizes the main problem(s) unprompted]"" .
:QBackground_history pred:Text ""Gives appropriate history. [Rubric: 0 = History is unstructured or non-relevant, 1 = Relevant history but frequent clarification needed, 2 = Relevant history with few further questions needed, 3 = Comprehensive focused history]"" .
:QBackground_examination pred:Text ""Gives appropriate examination/observations. [Rubric: 0 = Observations are omitted or irrelevant, 1 = Observations reported but frequent clarification needed, 2 = Observations reported with few further questions needed, 3 = Comprehensive focused examination/observations]"" .
:QAssessment pred:Text ""Makes logical assessment (correlates problem, history, exam, context). [Rubric: 0 = No logical assessment, 1 = Assessment only after extended questioning, 2 = Assessment after minimal questioning, 3 = Comprehensive logical assessment without questioning]"" .
:QRecommendation_clear_recommendation pred:Text ""Makes a clear recommendation. [Rubric: 0 = No recommendation, 1 = Clear recommendation only after extended questioning, 2 = Clear recommendation after minimal questioning, 3 = Clear comprehensive recommendation without questioning]"" .
:QRecommendation_global_rating_scale pred:Text ""Global Rating Scale (GRS) - How confident am I that I received an accurate picture of the patient? [Rubric: 0 = Not at all confident, 1 = Confident but required extended questioning, 2 = Confident but required some further questioning, 3 = Confident and required little or no questioning]"" .
:QComments pred:Text ""Comments on the session. [Open-ended]"" .

# Responses
:Respondent18 a :Person ;
    pred:Date ""2025-05-04"" ;
    pred:SessionName ""I - MI"" ;
    pred:Identification ""3"" ;
    pred:Situation ""3"" ;
    pred:Background_history ""3"" ;
    pred:Background_examination ""3"" ;
    pred:Assessment ""2"" ;
    pred:Recommendation_clear_recommendation ""3"" ;
    pred:Recommendation_global_rating_scale ""2"" ;
    pred:Comments ""Wrong CPR position
Clarity is a bit low over whole case scenario
Satisfactory"" .

:Respondent23 a :Person ;
    pred:Date ""2025-05-16"" ;
    pred:SessionName ""I (Myocardial infarction)"" ;
    pred:Identification ""3"" ;
    pred:Situation ""2"" ;
    pred:Background_history ""3"" ;
    pred:Background_examination ""1"" ;
    pred:Assessment ""2"" ;
    pred:Recommendation_clear_recommendation ""3"" ;
    pred:Recommendation_global_rating_scale ""3"" ;
    pred:Comments ""Diagnostic clarity is present
Good and early assessment of condition is done"" .

:Respondent1 a :Person ;
    pred:Date ""2025-03-14"" ;
    pred:SessionName ""III-Sepsis"" ;
    pred:Identification ""3"" ;
    pred:Situation ""3"" ;
    pred:Background_history ""2"" ;
    pred:Background_examination ""3"" ;
    pred:Assessment ""2"" ;
    pred:Recommendation_clear_recommendation ""2"" ;
    pred:Recommendation_global_rating_scale ""2"" ;
    pred:Comments ""Time: (1:00-1:17)"" .

:Respondent10 a :Person ;
    pred:Date ""2025-05-02"" ;
    pred:SessionName ""III (Sepsis)"" ;
    pred:Identification ""3"" ;
    pred:Situation ""3"" ;
    pred:Background_history ""3"" ;
    pred:Background_examination ""2"" ;
    pred:Assessment ""2"" ;
    pred:Recommendation_clear_recommendation ""2"" ;
    pred:Recommendation_global_rating_scale ""3"" ;
    pred:Comments ""Clear communication during handover
Good"" .

:Respondent12 a :Person ;
    pred:Date ""2025-05-02"" ;
    pred:SessionName ""IV (VT)"" ;
    pred:Identification ""3"" ;
    pred:Situation ""3"" ;
    pred:Background_history ""2"" ;
    pred:Background_examination ""-1"" ;
    pred:Assessment ""3"" ;
    pred:Recommendation_clear_recommendation ""2"" ;
    pred:Recommendation_global_rating_scale ""3"" ;
    pred:Comments ""Good"" .

You are a meticulous data analyst AI. Your primary function is to accurately analyze structured data and provide precise, verifiable answers.

You will be given a dataset with two key parts:

A 'questions' section: This is your data dictionary or schema. It is the single source of truth for understanding what each field and score means. Refer to it carefully.

A 'responses' section: This contains the raw data from each individual respondent.

To answer the question correctly, you must first use the 'questions' schema to fully understand the context and meaning of the data points within the 'responses'. Do not rely on any prior knowledge outside of this provided data. Base your entire analysis on the information given.

Provide your final answer directly and concisely. Output must be the human-readable value, not an option code.

Rules:
- For MCQ fields, map any letter codes in the Responses (case-insensitive) to the corresponding option text from the Questions schema, and output only that text. Do NOT include the letter or both.
  Example: If the schema is ""[MCQ: A. Abnormal B. Inconclusive C. Normal]"" and the response is ""a"", output ""Abnormal"".
- For open-ended fields, output the exact text value.
- If the question asks for a count, provide only the number (e.g., ""42"").
- If the question asks for a list of names or IDs, provide a simple comma-separated list (e.g., ""17, 21, 23"").
- Preserve capitalization exactly as in the schema (e.g., output ""Abnormal"", not ""abnormal"" or ""A"").

How many respondents participated in session I (Myocardial infarction)?",2,False
case_42,conceptual_aggregation,How many respondents have Identification score of 3?,"@prefix : <http://example.org/survey#> .
@prefix pred: <http://example.org/predicate#> .

# Questions
:QDate pred:Text ""What is the date of the session? [Open-ended]"" .
:QSessionName pred:Text ""What is the name of the session? [Open-ended]"" .
:QIdentification pred:Text ""Identification of self, role, and patient. [Rubric: 0 = Requires direct prompting, 1 = Introduces themselves but only after a hint, 2 = Introduces themselves but information is incomplete, 3 = Introduces themselves and information is complete]"" .
:QSituation pred:Text ""Identifies the main problem(s). [Rubric: 0 = Unable to identify the main problem(s), 1 = Identifies the main problem(s) after extended prompting, 2 = Identifies the main problem(s) with fewer prompts needed, 3 = Identifies and prioritizes the main problem(s) unprompted]"" .
:QBackground_history pred:Text ""Gives appropriate history. [Rubric: 0 = History is unstructured or non-relevant, 1 = Relevant history but frequent clarification needed, 2 = Relevant history with few further questions needed, 3 = Comprehensive focused history]"" .
:QBackground_examination pred:Text ""Gives appropriate examination/observations. [Rubric: 0 = Observations are omitted or irrelevant, 1 = Observations reported but frequent clarification needed, 2 = Observations reported with few further questions needed, 3 = Comprehensive focused examination/observations]"" .
:QAssessment pred:Text ""Makes logical assessment (correlates problem, history, exam, context). [Rubric: 0 = No logical assessment, 1 = Assessment only after extended questioning, 2 = Assessment after minimal questioning, 3 = Comprehensive logical assessment without questioning]"" .
:QRecommendation_clear_recommendation pred:Text ""Makes a clear recommendation. [Rubric: 0 = No recommendation, 1 = Clear recommendation only after extended questioning, 2 = Clear recommendation after minimal questioning, 3 = Clear comprehensive recommendation without questioning]"" .
:QRecommendation_global_rating_scale pred:Text ""Global Rating Scale (GRS) - How confident am I that I received an accurate picture of the patient? [Rubric: 0 = Not at all confident, 1 = Confident but required extended questioning, 2 = Confident but required some further questioning, 3 = Confident and required little or no questioning]"" .
:QComments pred:Text ""Comments on the session. [Open-ended]"" .

# Responses
:Respondent9 a :Person ;
    pred:Date ""2025-04-04"" ;
    pred:SessionName ""MI"" ;
    pred:Identification ""2"" ;
    pred:Situation ""3"" ;
    pred:Background_history ""2"" ;
    pred:Background_examination ""3"" ;
    pred:Assessment ""3"" ;
    pred:Recommendation_clear_recommendation ""2"" ;
    pred:Recommendation_global_rating_scale ""2"" ;
    pred:Comments """" .

:Respondent12 a :Person ;
    pred:Date ""2025-05-02"" ;
    pred:SessionName ""IV (VT)"" ;
    pred:Identification ""3"" ;
    pred:Situation ""3"" ;
    pred:Background_history ""2"" ;
    pred:Background_examination ""-1"" ;
    pred:Assessment ""3"" ;
    pred:Recommendation_clear_recommendation ""2"" ;
    pred:Recommendation_global_rating_scale ""3"" ;
    pred:Comments ""Good"" .

:Respondent10 a :Person ;
    pred:Date ""2025-05-02"" ;
    pred:SessionName ""III (Sepsis)"" ;
    pred:Identification ""3"" ;
    pred:Situation ""3"" ;
    pred:Background_history ""3"" ;
    pred:Background_examination ""2"" ;
    pred:Assessment ""2"" ;
    pred:Recommendation_clear_recommendation ""2"" ;
    pred:Recommendation_global_rating_scale ""3"" ;
    pred:Comments ""Clear communication during handover
Good"" .

:Respondent11 a :Person ;
    pred:Date ""2025-05-02"" ;
    pred:SessionName ""II (Anaphylaxis)"" ;
    pred:Identification ""3"" ;
    pred:Situation ""3"" ;
    pred:Background_history ""3"" ;
    pred:Background_examination ""3"" ;
    pred:Assessment ""2"" ;
    pred:Recommendation_clear_recommendation ""3"" ;
    pred:Recommendation_global_rating_scale ""3"" ;
    pred:Comments ""Good"" .

:Respondent13 a :Person ;
    pred:Date ""2025-05-02"" ;
    pred:SessionName ""I - MI"" ;
    pred:Identification ""3"" ;
    pred:Situation ""3"" ;
    pred:Background_history ""3"" ;
    pred:Background_examination ""3"" ;
    pred:Assessment ""3"" ;
    pred:Recommendation_clear_recommendation ""2"" ;
    pred:Recommendation_global_rating_scale ""3"" ;
    pred:Comments ""Consent denied for video recordings
Satisfactory"" .

:Respondent20 a :Person ;
    pred:Date ""2025-05-16"" ;
    pred:SessionName ""III (Sepsis)"" ;
    pred:Identification ""3"" ;
    pred:Situation ""3"" ;
    pred:Background_history ""3"" ;
    pred:Background_examination ""2"" ;
    pred:Assessment ""2"" ;
    pred:Recommendation_clear_recommendation ""2"" ;
    pred:Recommendation_global_rating_scale ""2"" ;
    pred:Comments ""Clinical handover and communication skills, satisfactory
No panic, no arrest team
Satisfactory"" .

:Respondent23 a :Person ;
    pred:Date ""2025-05-16"" ;
    pred:SessionName ""I (Myocardial infarction)"" ;
    pred:Identification ""3"" ;
    pred:Situation ""2"" ;
    pred:Background_history ""3"" ;
    pred:Background_examination ""1"" ;
    pred:Assessment ""2"" ;
    pred:Recommendation_clear_recommendation ""3"" ;
    pred:Recommendation_global_rating_scale ""3"" ;
    pred:Comments ""Diagnostic clarity is present
Good and early assessment of condition is done"" .

:Respondent22 a :Person ;
    pred:Date ""2025-05-16"" ;
    pred:SessionName ""IV (VT)"" ;
    pred:Identification ""3"" ;
    pred:Situation ""3"" ;
    pred:Background_history ""3"" ;
    pred:Background_examination ""3"" ;
    pred:Assessment ""2"" ;
    pred:Recommendation_clear_recommendation ""2"" ;
    pred:Recommendation_global_rating_scale ""3"" ;
    pred:Comments ""Clear communication skills
Good"" .

",7,"How many respondents have Identification score of 3?

DATA:

@prefix : <http://example.org/survey#> .
@prefix pred: <http://example.org/predicate#> .

# Questions
:QDate pred:Text ""What is the date of the session? [Open-ended]"" .
:QSessionName pred:Text ""What is the name of the session? [Open-ended]"" .
:QIdentification pred:Text ""Identification of self, role, and patient. [Rubric: 0 = Requires direct prompting, 1 = Introduces themselves but only after a hint, 2 = Introduces themselves but information is incomplete, 3 = Introduces themselves and information is complete]"" .
:QSituation pred:Text ""Identifies the main problem(s). [Rubric: 0 = Unable to identify the main problem(s), 1 = Identifies the main problem(s) after extended prompting, 2 = Identifies the main problem(s) with fewer prompts needed, 3 = Identifies and prioritizes the main problem(s) unprompted]"" .
:QBackground_history pred:Text ""Gives appropriate history. [Rubric: 0 = History is unstructured or non-relevant, 1 = Relevant history but frequent clarification needed, 2 = Relevant history with few further questions needed, 3 = Comprehensive focused history]"" .
:QBackground_examination pred:Text ""Gives appropriate examination/observations. [Rubric: 0 = Observations are omitted or irrelevant, 1 = Observations reported but frequent clarification needed, 2 = Observations reported with few further questions needed, 3 = Comprehensive focused examination/observations]"" .
:QAssessment pred:Text ""Makes logical assessment (correlates problem, history, exam, context). [Rubric: 0 = No logical assessment, 1 = Assessment only after extended questioning, 2 = Assessment after minimal questioning, 3 = Comprehensive logical assessment without questioning]"" .
:QRecommendation_clear_recommendation pred:Text ""Makes a clear recommendation. [Rubric: 0 = No recommendation, 1 = Clear recommendation only after extended questioning, 2 = Clear recommendation after minimal questioning, 3 = Clear comprehensive recommendation without questioning]"" .
:QRecommendation_global_rating_scale pred:Text ""Global Rating Scale (GRS) - How confident am I that I received an accurate picture of the patient? [Rubric: 0 = Not at all confident, 1 = Confident but required extended questioning, 2 = Confident but required some further questioning, 3 = Confident and required little or no questioning]"" .
:QComments pred:Text ""Comments on the session. [Open-ended]"" .

# Responses
:Respondent2 a :Person ;
    pred:Date ""2025-03-14"" ;
    pred:SessionName ""II-Anaphylaxsis"" ;
    pred:Identification ""3"" ;
    pred:Situation ""3"" ;
    pred:Background_history ""2"" ;
    pred:Background_examination ""2"" ;
    pred:Assessment ""3"" ;
    pred:Recommendation_clear_recommendation ""3"" ;
    pred:Recommendation_global_rating_scale ""3"" ;
    pred:Comments ""Time: (11:43-11:58)
Talking to registrav could not summarize the condition of patient very clearly
DID: Sepsis I Anaphylaxsis given by team"" .

:Respondent17 a :Person ;
    pred:Date ""2025-05-04"" ;
    pred:SessionName ""IV - VT"" ;
    pred:Identification ""3"" ;
    pred:Situation ""3"" ;
    pred:Background_history ""2"" ;
    pred:Background_examination ""2"" ;
    pred:Assessment ""3"" ;
    pred:Recommendation_clear_recommendation ""2"" ;
    pred:Recommendation_global_rating_scale ""2"" ;
    pred:Comments ""Not very concise or clear communication
Satisfactory"" .

:Respondent3 a :Person ;
    pred:Date ""2025-03-14"" ;
    pred:SessionName ""IV-Hypoglycemia"" ;
    pred:Identification ""3"" ;
    pred:Situation ""3"" ;
    pred:Background_history ""2"" ;
    pred:Background_examination ""2"" ;
    pred:Assessment ""3"" ;
    pred:Recommendation_clear_recommendation ""1"" ;
    pred:Recommendation_global_rating_scale ""1"" ;
    pred:Comments ""Time: (2:36-2:53)
Late response for considering consultation"" .

:Respondent12 a :Person ;
    pred:Date ""2025-05-02"" ;
    pred:SessionName ""IV (VT)"" ;
    pred:Identification ""3"" ;
    pred:Situation ""3"" ;
    pred:Background_history ""2"" ;
    pred:Background_examination ""-1"" ;
    pred:Assessment ""3"" ;
    pred:Recommendation_clear_recommendation ""2"" ;
    pred:Recommendation_global_rating_scale ""3"" ;
    pred:Comments ""Good"" .

Answer: 3

@prefix : <http://example.org/survey#> .
@prefix pred: <http://example.org/predicate#> .

# Questions
:QDate pred:Text ""What is the date of the session? [Open-ended]"" .
:QSessionName pred:Text ""What is the name of the session? [Open-ended]"" .
:QIdentification pred:Text ""Identification of self, role, and patient. [Rubric: 0 = Requires direct prompting, 1 = Introduces themselves but only after a hint, 2 = Introduces themselves but information is incomplete, 3 = Introduces themselves and information is complete]"" .
:QSituation pred:Text ""Identifies the main problem(s). [Rubric: 0 = Unable to identify the main problem(s), 1 = Identifies the main problem(s) after extended prompting, 2 = Identifies the main problem(s) with fewer prompts needed, 3 = Identifies and prioritizes the main problem(s) unprompted]"" .
:QBackground_history pred:Text ""Gives appropriate history. [Rubric: 0 = History is unstructured or non-relevant, 1 = Relevant history but frequent clarification needed, 2 = Relevant history with few further questions needed, 3 = Comprehensive focused history]"" .
:QBackground_examination pred:Text ""Gives appropriate examination/observations. [Rubric: 0 = Observations are omitted or irrelevant, 1 = Observations reported but frequent clarification needed, 2 = Observations reported with few further questions needed, 3 = Comprehensive focused examination/observations]"" .
:QAssessment pred:Text ""Makes logical assessment (correlates problem, history, exam, context). [Rubric: 0 = No logical assessment, 1 = Assessment only after extended questioning, 2 = Assessment after minimal questioning, 3 = Comprehensive logical assessment without questioning]"" .
:QRecommendation_clear_recommendation pred:Text ""Makes a clear recommendation. [Rubric: 0 = No recommendation, 1 = Clear recommendation only after extended questioning, 2 = Clear recommendation after minimal questioning, 3 = Clear comprehensive recommendation without questioning]"" .
:QRecommendation_global_rating_scale pred:Text ""Global Rating Scale (GRS) - How confident am I that I received an accurate picture of the patient? [Rubric: 0 = Not at all confident, 1 = Confident but required extended questioning, 2 = Confident but required some further questioning, 3 = Confident and required little or no questioning]"" .
:QComments pred:Text ""Comments on the session. [Open-ended]"" .

# Responses
:Respondent9 a :Person ;
    pred:Date ""2025-04-04"" ;
    pred:SessionName ""MI"" ;
    pred:Identification ""2"" ;
    pred:Situation ""3"" ;
    pred:Background_history ""2"" ;
    pred:Background_examination ""3"" ;
    pred:Assessment ""3"" ;
    pred:Recommendation_clear_recommendation ""2"" ;
    pred:Recommendation_global_rating_scale ""2"" ;
    pred:Comments """" .

:Respondent12 a :Person ;
    pred:Date ""2025-05-02"" ;
    pred:SessionName ""IV (VT)"" ;
    pred:Identification ""3"" ;
    pred:Situation ""3"" ;
    pred:Background_history ""2"" ;
    pred:Background_examination ""-1"" ;
    pred:Assessment ""3"" ;
    pred:Recommendation_clear_recommendation ""2"" ;
    pred:Recommendation_global_rating_scale ""3"" ;
    pred:Comments ""Good"" .

:Respondent10 a :Person ;
    pred:Date ""2025-05-02"" ;
    pred:SessionName ""III (Sepsis)"" ;
    pred:Identification ""3"" ;
    pred:Situation ""3"" ;
    pred:Background_history ""3"" ;
    pred:Background_examination ""2"" ;
    pred:Assessment ""2"" ;
    pred:Recommendation_clear_recommendation ""2"" ;
    pred:Recommendation_global_rating_scale ""3"" ;
    pred:Comments ""Clear communication during handover
Good"" .

:Respondent11 a :Person ;
    pred:Date ""2025-05-02"" ;
    pred:SessionName ""II (Anaphylaxis)"" ;
    pred:Identification ""3"" ;
    pred:Situation ""3"" ;
    pred:Background_history ""3"" ;
    pred:Background_examination ""3"" ;
    pred:Assessment ""2"" ;
    pred:Recommendation_clear_recommendation ""3"" ;
    pred:Recommendation_global_rating_scale ""3"" ;
    pred:Comments ""Good"" .

:Respondent13 a :Person ;
    pred:Date ""2025-05-02"" ;
    pred:SessionName ""I - MI"" ;
    pred:Identification ""3"" ;
    pred:Situation ""3"" ;
    pred:Background_history ""3"" ;
    pred:Background_examination ""3"" ;
    pred:Assessment ""3"" ;
    pred:Recommendation_clear_recommendation ""2"" ;
    pred:Recommendation_global_rating_scale ""3"" ;
    pred:Comments ""Consent denied for video recordings
Satisfactory"" .

:Respondent20 a :Person ;
    pred:Date ""2025-05-16"" ;
    pred:SessionName ""III (Sepsis)"" ;
    pred:Identification ""3"" ;
    pred:Situation ""3"" ;
    pred:Background_history ""3"" ;
    pred:Background_examination ""2"" ;
    pred:Assessment ""2"" ;
    pred:Recommendation_clear_recommendation ""2"" ;
    pred:Recommendation_global_rating_scale ""2"" ;
    pred:Comments ""Clinical handover and communication skills, satisfactory
No panic, no arrest team
Satisfactory"" .

:Respondent23 a :Person ;
    pred:Date ""2025-05-16"" ;
    pred:SessionName ""I (Myocardial infarction)"" ;
    pred:Identification ""3"" ;
    pred:Situation ""2"" ;
    pred:Background_history ""3"" ;
    pred:Background_examination ""1"" ;
    pred:Assessment ""2"" ;
    pred:Recommendation_clear_recommendation ""3"" ;
    pred:Recommendation_global_rating_scale ""3"" ;
    pred:Comments ""Diagnostic clarity is present
Good and early assessment of condition is done"" .

:Respondent22 a :Person ;
    pred:Date ""2025-05-16"" ;
    pred:SessionName ""IV (VT)"" ;
    pred:Identification ""3"" ;
    pred:Situation ""3"" ;
    pred:Background_history ""3"" ;
    pred:Background_examination ""3"" ;
    pred:Assessment ""2"" ;
    pred:Recommendation_clear_recommendation ""2"" ;
    pred:Recommendation_global_rating_scale ""3"" ;
    pred:Comments ""Clear communication skills
Good"" .

You are a meticulous data analyst AI. Your primary function is to accurately analyze structured data and provide precise, verifiable answers.

You will be given a dataset with two key parts:

A 'questions' section: This is your data dictionary or schema. It is the single source of truth for understanding what each field and score means. Refer to it carefully.

A 'responses' section: This contains the raw data from each individual respondent.

To answer the question correctly, you must first use the 'questions' schema to fully understand the context and meaning of the data points within the 'responses'. Do not rely on any prior knowledge outside of this provided data. Base your entire analysis on the information given.

Provide your final answer directly and concisely. Output must be the human-readable value, not an option code.

Rules:
- For MCQ fields, map any letter codes in the Responses (case-insensitive) to the corresponding option text from the Questions schema, and output only that text. Do NOT include the letter or both.
  Example: If the schema is ""[MCQ: A. Abnormal B. Inconclusive C. Normal]"" and the response is ""a"", output ""Abnormal"".
- For open-ended fields, output the exact text value.
- If the question asks for a count, provide only the number (e.g., ""42"").
- If the question asks for a list of names or IDs, provide a simple comma-separated list (e.g., ""17, 21, 23"").
- Preserve capitalization exactly as in the schema (e.g., output ""Abnormal"", not ""abnormal"" or ""A"").

How many respondents have Identification score of 3?",10,False
case_43,conceptual_aggregation,How many respondents participated in session I (Myocardial infarction)?,"@prefix : <http://example.org/survey#> .
@prefix pred: <http://example.org/predicate#> .

# Questions
:QDate pred:Text ""What is the date of the session? [Open-ended]"" .
:QSessionName pred:Text ""What is the name of the session? [Open-ended]"" .
:QIdentification pred:Text ""Identification of self, role, and patient. [Rubric: 0 = Requires direct prompting, 1 = Introduces themselves but only after a hint, 2 = Introduces themselves but information is incomplete, 3 = Introduces themselves and information is complete]"" .
:QSituation pred:Text ""Identifies the main problem(s). [Rubric: 0 = Unable to identify the main problem(s), 1 = Identifies the main problem(s) after extended prompting, 2 = Identifies the main problem(s) with fewer prompts needed, 3 = Identifies and prioritizes the main problem(s) unprompted]"" .
:QBackground_history pred:Text ""Gives appropriate history. [Rubric: 0 = History is unstructured or non-relevant, 1 = Relevant history but frequent clarification needed, 2 = Relevant history with few further questions needed, 3 = Comprehensive focused history]"" .
:QBackground_examination pred:Text ""Gives appropriate examination/observations. [Rubric: 0 = Observations are omitted or irrelevant, 1 = Observations reported but frequent clarification needed, 2 = Observations reported with few further questions needed, 3 = Comprehensive focused examination/observations]"" .
:QAssessment pred:Text ""Makes logical assessment (correlates problem, history, exam, context). [Rubric: 0 = No logical assessment, 1 = Assessment only after extended questioning, 2 = Assessment after minimal questioning, 3 = Comprehensive logical assessment without questioning]"" .
:QRecommendation_clear_recommendation pred:Text ""Makes a clear recommendation. [Rubric: 0 = No recommendation, 1 = Clear recommendation only after extended questioning, 2 = Clear recommendation after minimal questioning, 3 = Clear comprehensive recommendation without questioning]"" .
:QRecommendation_global_rating_scale pred:Text ""Global Rating Scale (GRS) - How confident am I that I received an accurate picture of the patient? [Rubric: 0 = Not at all confident, 1 = Confident but required extended questioning, 2 = Confident but required some further questioning, 3 = Confident and required little or no questioning]"" .
:QComments pred:Text ""Comments on the session. [Open-ended]"" .

# Responses
:Respondent10 a :Person ;
    pred:Date ""2025-05-02"" ;
    pred:SessionName ""III (Sepsis)"" ;
    pred:Identification ""3"" ;
    pred:Situation ""3"" ;
    pred:Background_history ""3"" ;
    pred:Background_examination ""2"" ;
    pred:Assessment ""2"" ;
    pred:Recommendation_clear_recommendation ""2"" ;
    pred:Recommendation_global_rating_scale ""3"" ;
    pred:Comments ""Clear communication during handover
Good"" .

:Respondent15 a :Person ;
    pred:Date ""2025-05-04"" ;
    pred:SessionName ""III - Sepsis"" ;
    pred:Identification ""3"" ;
    pred:Situation ""3"" ;
    pred:Background_history ""2"" ;
    pred:Background_examination ""3"" ;
    pred:Assessment ""2"" ;
    pred:Recommendation_clear_recommendation ""2"" ;
    pred:Recommendation_global_rating_scale ""2"" ;
    pred:Comments ""Detailed Response - clear communication"" .

:Respondent3 a :Person ;
    pred:Date ""2025-03-14"" ;
    pred:SessionName ""IV-Hypoglycemia"" ;
    pred:Identification ""3"" ;
    pred:Situation ""3"" ;
    pred:Background_history ""2"" ;
    pred:Background_examination ""2"" ;
    pred:Assessment ""3"" ;
    pred:Recommendation_clear_recommendation ""1"" ;
    pred:Recommendation_global_rating_scale ""1"" ;
    pred:Comments ""Time: (2:36-2:53)
Late response for considering consultation"" .

:Respondent21 a :Person ;
    pred:Date ""2025-05-16"" ;
    pred:SessionName ""II (Anaphylaxsis)"" ;
    pred:Identification ""3"" ;
    pred:Situation ""3"" ;
    pred:Background_history ""2"" ;
    pred:Background_examination ""2"" ;
    pred:Assessment ""2"" ;
    pred:Recommendation_clear_recommendation ""3"" ;
    pred:Recommendation_global_rating_scale ""2"" ;
    pred:Comments ""Overall a bit unclear communication reflected"" .

:Respondent6 a :Person ;
    pred:Date ""2025-04-04"" ;
    pred:SessionName ""III-Sepsis"" ;
    pred:Identification ""-1"" ;
    pred:Situation ""2"" ;
    pred:Background_history ""3"" ;
    pred:Background_examination ""3"" ;
    pred:Assessment ""3"" ;
    pred:Recommendation_clear_recommendation ""3"" ;
    pred:Recommendation_global_rating_scale ""3"" ;
    pred:Comments ""The patient/simulation is not oriented in TPP.
Clear communication between Reg and colleague during handover"" .

:Respondent17 a :Person ;
    pred:Date ""2025-05-04"" ;
    pred:SessionName ""IV - VT"" ;
    pred:Identification ""3"" ;
    pred:Situation ""3"" ;
    pred:Background_history ""2"" ;
    pred:Background_examination ""2"" ;
    pred:Assessment ""3"" ;
    pred:Recommendation_clear_recommendation ""2"" ;
    pred:Recommendation_global_rating_scale ""2"" ;
    pred:Comments ""Not very concise or clear communication
Satisfactory"" .

:Respondent23 a :Person ;
    pred:Date ""2025-05-16"" ;
    pred:SessionName ""I (Myocardial infarction)"" ;
    pred:Identification ""3"" ;
    pred:Situation ""2"" ;
    pred:Background_history ""3"" ;
    pred:Background_examination ""1"" ;
    pred:Assessment ""2"" ;
    pred:Recommendation_clear_recommendation ""3"" ;
    pred:Recommendation_global_rating_scale ""3"" ;
    pred:Comments ""Diagnostic clarity is present
Good and early assessment of condition is done"" .

:Respondent5 a :Person ;
    pred:Date ""2025-03-14"" ;
    pred:SessionName ""(MI)-VT"" ;
    pred:Identification ""0"" ;
    pred:Situation ""2"" ;
    pred:Background_history ""2"" ;
    pred:Background_examination ""2"" ;
    pred:Assessment ""2"" ;
    pred:Recommendation_clear_recommendation ""2"" ;
    pred:Recommendation_global_rating_scale ""2"" ;
    pred:Comments ""Time: (15:53-16:14)"" .

",1,"How many respondents have Identification score of 3?

DATA:

@prefix : <http://example.org/survey#> .
@prefix pred: <http://example.org/predicate#> .

# Questions
:QDate pred:Text ""What is the date of the session? [Open-ended]"" .
:QSessionName pred:Text ""What is the name of the session? [Open-ended]"" .
:QIdentification pred:Text ""Identification of self, role, and patient. [Rubric: 0 = Requires direct prompting, 1 = Introduces themselves but only after a hint, 2 = Introduces themselves but information is incomplete, 3 = Introduces themselves and information is complete]"" .
:QSituation pred:Text ""Identifies the main problem(s). [Rubric: 0 = Unable to identify the main problem(s), 1 = Identifies the main problem(s) after extended prompting, 2 = Identifies the main problem(s) with fewer prompts needed, 3 = Identifies and prioritizes the main problem(s) unprompted]"" .
:QBackground_history pred:Text ""Gives appropriate history. [Rubric: 0 = History is unstructured or non-relevant, 1 = Relevant history but frequent clarification needed, 2 = Relevant history with few further questions needed, 3 = Comprehensive focused history]"" .
:QBackground_examination pred:Text ""Gives appropriate examination/observations. [Rubric: 0 = Observations are omitted or irrelevant, 1 = Observations reported but frequent clarification needed, 2 = Observations reported with few further questions needed, 3 = Comprehensive focused examination/observations]"" .
:QAssessment pred:Text ""Makes logical assessment (correlates problem, history, exam, context). [Rubric: 0 = No logical assessment, 1 = Assessment only after extended questioning, 2 = Assessment after minimal questioning, 3 = Comprehensive logical assessment without questioning]"" .
:QRecommendation_clear_recommendation pred:Text ""Makes a clear recommendation. [Rubric: 0 = No recommendation, 1 = Clear recommendation only after extended questioning, 2 = Clear recommendation after minimal questioning, 3 = Clear comprehensive recommendation without questioning]"" .
:QRecommendation_global_rating_scale pred:Text ""Global Rating Scale (GRS) - How confident am I that I received an accurate picture of the patient? [Rubric: 0 = Not at all confident, 1 = Confident but required extended questioning, 2 = Confident but required some further questioning, 3 = Confident and required little or no questioning]"" .
:QComments pred:Text ""Comments on the session. [Open-ended]"" .

# Responses
:Respondent2 a :Person ;
    pred:Date ""2025-03-14"" ;
    pred:SessionName ""II-Anaphylaxsis"" ;
    pred:Identification ""3"" ;
    pred:Situation ""3"" ;
    pred:Background_history ""2"" ;
    pred:Background_examination ""2"" ;
    pred:Assessment ""3"" ;
    pred:Recommendation_clear_recommendation ""3"" ;
    pred:Recommendation_global_rating_scale ""3"" ;
    pred:Comments ""Time: (11:43-11:58)
Talking to registrav could not summarize the condition of patient very clearly
DID: Sepsis I Anaphylaxsis given by team"" .

:Respondent17 a :Person ;
    pred:Date ""2025-05-04"" ;
    pred:SessionName ""IV - VT"" ;
    pred:Identification ""3"" ;
    pred:Situation ""3"" ;
    pred:Background_history ""2"" ;
    pred:Background_examination ""2"" ;
    pred:Assessment ""3"" ;
    pred:Recommendation_clear_recommendation ""2"" ;
    pred:Recommendation_global_rating_scale ""2"" ;
    pred:Comments ""Not very concise or clear communication
Satisfactory"" .

:Respondent3 a :Person ;
    pred:Date ""2025-03-14"" ;
    pred:SessionName ""IV-Hypoglycemia"" ;
    pred:Identification ""3"" ;
    pred:Situation ""3"" ;
    pred:Background_history ""2"" ;
    pred:Background_examination ""2"" ;
    pred:Assessment ""3"" ;
    pred:Recommendation_clear_recommendation ""1"" ;
    pred:Recommendation_global_rating_scale ""1"" ;
    pred:Comments ""Time: (2:36-2:53)
Late response for considering consultation"" .

:Respondent12 a :Person ;
    pred:Date ""2025-05-02"" ;
    pred:SessionName ""IV (VT)"" ;
    pred:Identification ""3"" ;
    pred:Situation ""3"" ;
    pred:Background_history ""2"" ;
    pred:Background_examination ""-1"" ;
    pred:Assessment ""3"" ;
    pred:Recommendation_clear_recommendation ""2"" ;
    pred:Recommendation_global_rating_scale ""3"" ;
    pred:Comments ""Good"" .

Answer: 3

@prefix : <http://example.org/survey#> .
@prefix pred: <http://example.org/predicate#> .

# Questions
:QDate pred:Text ""What is the date of the session? [Open-ended]"" .
:QSessionName pred:Text ""What is the name of the session? [Open-ended]"" .
:QIdentification pred:Text ""Identification of self, role, and patient. [Rubric: 0 = Requires direct prompting, 1 = Introduces themselves but only after a hint, 2 = Introduces themselves but information is incomplete, 3 = Introduces themselves and information is complete]"" .
:QSituation pred:Text ""Identifies the main problem(s). [Rubric: 0 = Unable to identify the main problem(s), 1 = Identifies the main problem(s) after extended prompting, 2 = Identifies the main problem(s) with fewer prompts needed, 3 = Identifies and prioritizes the main problem(s) unprompted]"" .
:QBackground_history pred:Text ""Gives appropriate history. [Rubric: 0 = History is unstructured or non-relevant, 1 = Relevant history but frequent clarification needed, 2 = Relevant history with few further questions needed, 3 = Comprehensive focused history]"" .
:QBackground_examination pred:Text ""Gives appropriate examination/observations. [Rubric: 0 = Observations are omitted or irrelevant, 1 = Observations reported but frequent clarification needed, 2 = Observations reported with few further questions needed, 3 = Comprehensive focused examination/observations]"" .
:QAssessment pred:Text ""Makes logical assessment (correlates problem, history, exam, context). [Rubric: 0 = No logical assessment, 1 = Assessment only after extended questioning, 2 = Assessment after minimal questioning, 3 = Comprehensive logical assessment without questioning]"" .
:QRecommendation_clear_recommendation pred:Text ""Makes a clear recommendation. [Rubric: 0 = No recommendation, 1 = Clear recommendation only after extended questioning, 2 = Clear recommendation after minimal questioning, 3 = Clear comprehensive recommendation without questioning]"" .
:QRecommendation_global_rating_scale pred:Text ""Global Rating Scale (GRS) - How confident am I that I received an accurate picture of the patient? [Rubric: 0 = Not at all confident, 1 = Confident but required extended questioning, 2 = Confident but required some further questioning, 3 = Confident and required little or no questioning]"" .
:QComments pred:Text ""Comments on the session. [Open-ended]"" .

# Responses
:Respondent10 a :Person ;
    pred:Date ""2025-05-02"" ;
    pred:SessionName ""III (Sepsis)"" ;
    pred:Identification ""3"" ;
    pred:Situation ""3"" ;
    pred:Background_history ""3"" ;
    pred:Background_examination ""2"" ;
    pred:Assessment ""2"" ;
    pred:Recommendation_clear_recommendation ""2"" ;
    pred:Recommendation_global_rating_scale ""3"" ;
    pred:Comments ""Clear communication during handover
Good"" .

:Respondent15 a :Person ;
    pred:Date ""2025-05-04"" ;
    pred:SessionName ""III - Sepsis"" ;
    pred:Identification ""3"" ;
    pred:Situation ""3"" ;
    pred:Background_history ""2"" ;
    pred:Background_examination ""3"" ;
    pred:Assessment ""2"" ;
    pred:Recommendation_clear_recommendation ""2"" ;
    pred:Recommendation_global_rating_scale ""2"" ;
    pred:Comments ""Detailed Response - clear communication"" .

:Respondent3 a :Person ;
    pred:Date ""2025-03-14"" ;
    pred:SessionName ""IV-Hypoglycemia"" ;
    pred:Identification ""3"" ;
    pred:Situation ""3"" ;
    pred:Background_history ""2"" ;
    pred:Background_examination ""2"" ;
    pred:Assessment ""3"" ;
    pred:Recommendation_clear_recommendation ""1"" ;
    pred:Recommendation_global_rating_scale ""1"" ;
    pred:Comments ""Time: (2:36-2:53)
Late response for considering consultation"" .

:Respondent21 a :Person ;
    pred:Date ""2025-05-16"" ;
    pred:SessionName ""II (Anaphylaxsis)"" ;
    pred:Identification ""3"" ;
    pred:Situation ""3"" ;
    pred:Background_history ""2"" ;
    pred:Background_examination ""2"" ;
    pred:Assessment ""2"" ;
    pred:Recommendation_clear_recommendation ""3"" ;
    pred:Recommendation_global_rating_scale ""2"" ;
    pred:Comments ""Overall a bit unclear communication reflected"" .

:Respondent6 a :Person ;
    pred:Date ""2025-04-04"" ;
    pred:SessionName ""III-Sepsis"" ;
    pred:Identification ""-1"" ;
    pred:Situation ""2"" ;
    pred:Background_history ""3"" ;
    pred:Background_examination ""3"" ;
    pred:Assessment ""3"" ;
    pred:Recommendation_clear_recommendation ""3"" ;
    pred:Recommendation_global_rating_scale ""3"" ;
    pred:Comments ""The patient/simulation is not oriented in TPP.
Clear communication between Reg and colleague during handover"" .

:Respondent17 a :Person ;
    pred:Date ""2025-05-04"" ;
    pred:SessionName ""IV - VT"" ;
    pred:Identification ""3"" ;
    pred:Situation ""3"" ;
    pred:Background_history ""2"" ;
    pred:Background_examination ""2"" ;
    pred:Assessment ""3"" ;
    pred:Recommendation_clear_recommendation ""2"" ;
    pred:Recommendation_global_rating_scale ""2"" ;
    pred:Comments ""Not very concise or clear communication
Satisfactory"" .

:Respondent23 a :Person ;
    pred:Date ""2025-05-16"" ;
    pred:SessionName ""I (Myocardial infarction)"" ;
    pred:Identification ""3"" ;
    pred:Situation ""2"" ;
    pred:Background_history ""3"" ;
    pred:Background_examination ""1"" ;
    pred:Assessment ""2"" ;
    pred:Recommendation_clear_recommendation ""3"" ;
    pred:Recommendation_global_rating_scale ""3"" ;
    pred:Comments ""Diagnostic clarity is present
Good and early assessment of condition is done"" .

:Respondent5 a :Person ;
    pred:Date ""2025-03-14"" ;
    pred:SessionName ""(MI)-VT"" ;
    pred:Identification ""0"" ;
    pred:Situation ""2"" ;
    pred:Background_history ""2"" ;
    pred:Background_examination ""2"" ;
    pred:Assessment ""2"" ;
    pred:Recommendation_clear_recommendation ""2"" ;
    pred:Recommendation_global_rating_scale ""2"" ;
    pred:Comments ""Time: (15:53-16:14)"" .

You are a meticulous data analyst AI. Your primary function is to accurately analyze structured data and provide precise, verifiable answers.

You will be given a dataset with two key parts:

A 'questions' section: This is your data dictionary or schema. It is the single source of truth for understanding what each field and score means. Refer to it carefully.

A 'responses' section: This contains the raw data from each individual respondent.

To answer the question correctly, you must first use the 'questions' schema to fully understand the context and meaning of the data points within the 'responses'. Do not rely on any prior knowledge outside of this provided data. Base your entire analysis on the information given.

Provide your final answer directly and concisely. Output must be the human-readable value, not an option code.

Rules:
- For MCQ fields, map any letter codes in the Responses (case-insensitive) to the corresponding option text from the Questions schema, and output only that text. Do NOT include the letter or both.
  Example: If the schema is ""[MCQ: A. Abnormal B. Inconclusive C. Normal]"" and the response is ""a"", output ""Abnormal"".
- For open-ended fields, output the exact text value.
- If the question asks for a count, provide only the number (e.g., ""42"").
- If the question asks for a list of names or IDs, provide a simple comma-separated list (e.g., ""17, 21, 23"").
- Preserve capitalization exactly as in the schema (e.g., output ""Abnormal"", not ""abnormal"" or ""A"").

How many respondents participated in session I (Myocardial infarction)?",1,True
case_44,conceptual_aggregation,How many respondents have Identification score of 3?,"@prefix : <http://example.org/survey#> .
@prefix pred: <http://example.org/predicate#> .

# Questions
:QDate pred:Text ""What is the date of the session? [Open-ended]"" .
:QSessionName pred:Text ""What is the name of the session? [Open-ended]"" .
:QIdentification pred:Text ""Identification of self, role, and patient. [Rubric: 0 = Requires direct prompting, 1 = Introduces themselves but only after a hint, 2 = Introduces themselves but information is incomplete, 3 = Introduces themselves and information is complete]"" .
:QSituation pred:Text ""Identifies the main problem(s). [Rubric: 0 = Unable to identify the main problem(s), 1 = Identifies the main problem(s) after extended prompting, 2 = Identifies the main problem(s) with fewer prompts needed, 3 = Identifies and prioritizes the main problem(s) unprompted]"" .
:QBackground_history pred:Text ""Gives appropriate history. [Rubric: 0 = History is unstructured or non-relevant, 1 = Relevant history but frequent clarification needed, 2 = Relevant history with few further questions needed, 3 = Comprehensive focused history]"" .
:QBackground_examination pred:Text ""Gives appropriate examination/observations. [Rubric: 0 = Observations are omitted or irrelevant, 1 = Observations reported but frequent clarification needed, 2 = Observations reported with few further questions needed, 3 = Comprehensive focused examination/observations]"" .
:QAssessment pred:Text ""Makes logical assessment (correlates problem, history, exam, context). [Rubric: 0 = No logical assessment, 1 = Assessment only after extended questioning, 2 = Assessment after minimal questioning, 3 = Comprehensive logical assessment without questioning]"" .
:QRecommendation_clear_recommendation pred:Text ""Makes a clear recommendation. [Rubric: 0 = No recommendation, 1 = Clear recommendation only after extended questioning, 2 = Clear recommendation after minimal questioning, 3 = Clear comprehensive recommendation without questioning]"" .
:QRecommendation_global_rating_scale pred:Text ""Global Rating Scale (GRS) - How confident am I that I received an accurate picture of the patient? [Rubric: 0 = Not at all confident, 1 = Confident but required extended questioning, 2 = Confident but required some further questioning, 3 = Confident and required little or no questioning]"" .
:QComments pred:Text ""Comments on the session. [Open-ended]"" .

# Responses
:Respondent1 a :Person ;
    pred:Date ""2025-03-14"" ;
    pred:SessionName ""III-Sepsis"" ;
    pred:Identification ""3"" ;
    pred:Situation ""3"" ;
    pred:Background_history ""2"" ;
    pred:Background_examination ""3"" ;
    pred:Assessment ""2"" ;
    pred:Recommendation_clear_recommendation ""2"" ;
    pred:Recommendation_global_rating_scale ""2"" ;
    pred:Comments ""Time: (1:00-1:17)"" .

:Respondent3 a :Person ;
    pred:Date ""2025-03-14"" ;
    pred:SessionName ""IV-Hypoglycemia"" ;
    pred:Identification ""3"" ;
    pred:Situation ""3"" ;
    pred:Background_history ""2"" ;
    pred:Background_examination ""2"" ;
    pred:Assessment ""3"" ;
    pred:Recommendation_clear_recommendation ""1"" ;
    pred:Recommendation_global_rating_scale ""1"" ;
    pred:Comments ""Time: (2:36-2:53)
Late response for considering consultation"" .

:Respondent23 a :Person ;
    pred:Date ""2025-05-16"" ;
    pred:SessionName ""I (Myocardial infarction)"" ;
    pred:Identification ""3"" ;
    pred:Situation ""2"" ;
    pred:Background_history ""3"" ;
    pred:Background_examination ""1"" ;
    pred:Assessment ""2"" ;
    pred:Recommendation_clear_recommendation ""3"" ;
    pred:Recommendation_global_rating_scale ""3"" ;
    pred:Comments ""Diagnostic clarity is present
Good and early assessment of condition is done"" .

:Respondent22 a :Person ;
    pred:Date ""2025-05-16"" ;
    pred:SessionName ""IV (VT)"" ;
    pred:Identification ""3"" ;
    pred:Situation ""3"" ;
    pred:Background_history ""3"" ;
    pred:Background_examination ""3"" ;
    pred:Assessment ""2"" ;
    pred:Recommendation_clear_recommendation ""2"" ;
    pred:Recommendation_global_rating_scale ""3"" ;
    pred:Comments ""Clear communication skills
Good"" .

:Respondent11 a :Person ;
    pred:Date ""2025-05-02"" ;
    pred:SessionName ""II (Anaphylaxis)"" ;
    pred:Identification ""3"" ;
    pred:Situation ""3"" ;
    pred:Background_history ""3"" ;
    pred:Background_examination ""3"" ;
    pred:Assessment ""2"" ;
    pred:Recommendation_clear_recommendation ""3"" ;
    pred:Recommendation_global_rating_scale ""3"" ;
    pred:Comments ""Good"" .

",5,"How many respondents have Identification score of 3?

DATA:

@prefix : <http://example.org/survey#> .
@prefix pred: <http://example.org/predicate#> .

# Questions
:QDate pred:Text ""What is the date of the session? [Open-ended]"" .
:QSessionName pred:Text ""What is the name of the session? [Open-ended]"" .
:QIdentification pred:Text ""Identification of self, role, and patient. [Rubric: 0 = Requires direct prompting, 1 = Introduces themselves but only after a hint, 2 = Introduces themselves but information is incomplete, 3 = Introduces themselves and information is complete]"" .
:QSituation pred:Text ""Identifies the main problem(s). [Rubric: 0 = Unable to identify the main problem(s), 1 = Identifies the main problem(s) after extended prompting, 2 = Identifies the main problem(s) with fewer prompts needed, 3 = Identifies and prioritizes the main problem(s) unprompted]"" .
:QBackground_history pred:Text ""Gives appropriate history. [Rubric: 0 = History is unstructured or non-relevant, 1 = Relevant history but frequent clarification needed, 2 = Relevant history with few further questions needed, 3 = Comprehensive focused history]"" .
:QBackground_examination pred:Text ""Gives appropriate examination/observations. [Rubric: 0 = Observations are omitted or irrelevant, 1 = Observations reported but frequent clarification needed, 2 = Observations reported with few further questions needed, 3 = Comprehensive focused examination/observations]"" .
:QAssessment pred:Text ""Makes logical assessment (correlates problem, history, exam, context). [Rubric: 0 = No logical assessment, 1 = Assessment only after extended questioning, 2 = Assessment after minimal questioning, 3 = Comprehensive logical assessment without questioning]"" .
:QRecommendation_clear_recommendation pred:Text ""Makes a clear recommendation. [Rubric: 0 = No recommendation, 1 = Clear recommendation only after extended questioning, 2 = Clear recommendation after minimal questioning, 3 = Clear comprehensive recommendation without questioning]"" .
:QRecommendation_global_rating_scale pred:Text ""Global Rating Scale (GRS) - How confident am I that I received an accurate picture of the patient? [Rubric: 0 = Not at all confident, 1 = Confident but required extended questioning, 2 = Confident but required some further questioning, 3 = Confident and required little or no questioning]"" .
:QComments pred:Text ""Comments on the session. [Open-ended]"" .

# Responses
:Respondent2 a :Person ;
    pred:Date ""2025-03-14"" ;
    pred:SessionName ""II-Anaphylaxsis"" ;
    pred:Identification ""3"" ;
    pred:Situation ""3"" ;
    pred:Background_history ""2"" ;
    pred:Background_examination ""2"" ;
    pred:Assessment ""3"" ;
    pred:Recommendation_clear_recommendation ""3"" ;
    pred:Recommendation_global_rating_scale ""3"" ;
    pred:Comments ""Time: (11:43-11:58)
Talking to registrav could not summarize the condition of patient very clearly
DID: Sepsis I Anaphylaxsis given by team"" .

:Respondent17 a :Person ;
    pred:Date ""2025-05-04"" ;
    pred:SessionName ""IV - VT"" ;
    pred:Identification ""3"" ;
    pred:Situation ""3"" ;
    pred:Background_history ""2"" ;
    pred:Background_examination ""2"" ;
    pred:Assessment ""3"" ;
    pred:Recommendation_clear_recommendation ""2"" ;
    pred:Recommendation_global_rating_scale ""2"" ;
    pred:Comments ""Not very concise or clear communication
Satisfactory"" .

:Respondent3 a :Person ;
    pred:Date ""2025-03-14"" ;
    pred:SessionName ""IV-Hypoglycemia"" ;
    pred:Identification ""3"" ;
    pred:Situation ""3"" ;
    pred:Background_history ""2"" ;
    pred:Background_examination ""2"" ;
    pred:Assessment ""3"" ;
    pred:Recommendation_clear_recommendation ""1"" ;
    pred:Recommendation_global_rating_scale ""1"" ;
    pred:Comments ""Time: (2:36-2:53)
Late response for considering consultation"" .

:Respondent12 a :Person ;
    pred:Date ""2025-05-02"" ;
    pred:SessionName ""IV (VT)"" ;
    pred:Identification ""3"" ;
    pred:Situation ""3"" ;
    pred:Background_history ""2"" ;
    pred:Background_examination ""-1"" ;
    pred:Assessment ""3"" ;
    pred:Recommendation_clear_recommendation ""2"" ;
    pred:Recommendation_global_rating_scale ""3"" ;
    pred:Comments ""Good"" .

Answer: 3

@prefix : <http://example.org/survey#> .
@prefix pred: <http://example.org/predicate#> .

# Questions
:QDate pred:Text ""What is the date of the session? [Open-ended]"" .
:QSessionName pred:Text ""What is the name of the session? [Open-ended]"" .
:QIdentification pred:Text ""Identification of self, role, and patient. [Rubric: 0 = Requires direct prompting, 1 = Introduces themselves but only after a hint, 2 = Introduces themselves but information is incomplete, 3 = Introduces themselves and information is complete]"" .
:QSituation pred:Text ""Identifies the main problem(s). [Rubric: 0 = Unable to identify the main problem(s), 1 = Identifies the main problem(s) after extended prompting, 2 = Identifies the main problem(s) with fewer prompts needed, 3 = Identifies and prioritizes the main problem(s) unprompted]"" .
:QBackground_history pred:Text ""Gives appropriate history. [Rubric: 0 = History is unstructured or non-relevant, 1 = Relevant history but frequent clarification needed, 2 = Relevant history with few further questions needed, 3 = Comprehensive focused history]"" .
:QBackground_examination pred:Text ""Gives appropriate examination/observations. [Rubric: 0 = Observations are omitted or irrelevant, 1 = Observations reported but frequent clarification needed, 2 = Observations reported with few further questions needed, 3 = Comprehensive focused examination/observations]"" .
:QAssessment pred:Text ""Makes logical assessment (correlates problem, history, exam, context). [Rubric: 0 = No logical assessment, 1 = Assessment only after extended questioning, 2 = Assessment after minimal questioning, 3 = Comprehensive logical assessment without questioning]"" .
:QRecommendation_clear_recommendation pred:Text ""Makes a clear recommendation. [Rubric: 0 = No recommendation, 1 = Clear recommendation only after extended questioning, 2 = Clear recommendation after minimal questioning, 3 = Clear comprehensive recommendation without questioning]"" .
:QRecommendation_global_rating_scale pred:Text ""Global Rating Scale (GRS) - How confident am I that I received an accurate picture of the patient? [Rubric: 0 = Not at all confident, 1 = Confident but required extended questioning, 2 = Confident but required some further questioning, 3 = Confident and required little or no questioning]"" .
:QComments pred:Text ""Comments on the session. [Open-ended]"" .

# Responses
:Respondent1 a :Person ;
    pred:Date ""2025-03-14"" ;
    pred:SessionName ""III-Sepsis"" ;
    pred:Identification ""3"" ;
    pred:Situation ""3"" ;
    pred:Background_history ""2"" ;
    pred:Background_examination ""3"" ;
    pred:Assessment ""2"" ;
    pred:Recommendation_clear_recommendation ""2"" ;
    pred:Recommendation_global_rating_scale ""2"" ;
    pred:Comments ""Time: (1:00-1:17)"" .

:Respondent3 a :Person ;
    pred:Date ""2025-03-14"" ;
    pred:SessionName ""IV-Hypoglycemia"" ;
    pred:Identification ""3"" ;
    pred:Situation ""3"" ;
    pred:Background_history ""2"" ;
    pred:Background_examination ""2"" ;
    pred:Assessment ""3"" ;
    pred:Recommendation_clear_recommendation ""1"" ;
    pred:Recommendation_global_rating_scale ""1"" ;
    pred:Comments ""Time: (2:36-2:53)
Late response for considering consultation"" .

:Respondent23 a :Person ;
    pred:Date ""2025-05-16"" ;
    pred:SessionName ""I (Myocardial infarction)"" ;
    pred:Identification ""3"" ;
    pred:Situation ""2"" ;
    pred:Background_history ""3"" ;
    pred:Background_examination ""1"" ;
    pred:Assessment ""2"" ;
    pred:Recommendation_clear_recommendation ""3"" ;
    pred:Recommendation_global_rating_scale ""3"" ;
    pred:Comments ""Diagnostic clarity is present
Good and early assessment of condition is done"" .

:Respondent22 a :Person ;
    pred:Date ""2025-05-16"" ;
    pred:SessionName ""IV (VT)"" ;
    pred:Identification ""3"" ;
    pred:Situation ""3"" ;
    pred:Background_history ""3"" ;
    pred:Background_examination ""3"" ;
    pred:Assessment ""2"" ;
    pred:Recommendation_clear_recommendation ""2"" ;
    pred:Recommendation_global_rating_scale ""3"" ;
    pred:Comments ""Clear communication skills
Good"" .

:Respondent11 a :Person ;
    pred:Date ""2025-05-02"" ;
    pred:SessionName ""II (Anaphylaxis)"" ;
    pred:Identification ""3"" ;
    pred:Situation ""3"" ;
    pred:Background_history ""3"" ;
    pred:Background_examination ""3"" ;
    pred:Assessment ""2"" ;
    pred:Recommendation_clear_recommendation ""3"" ;
    pred:Recommendation_global_rating_scale ""3"" ;
    pred:Comments ""Good"" .

You are a meticulous data analyst AI. Your primary function is to accurately analyze structured data and provide precise, verifiable answers.

You will be given a dataset with two key parts:

A 'questions' section: This is your data dictionary or schema. It is the single source of truth for understanding what each field and score means. Refer to it carefully.

A 'responses' section: This contains the raw data from each individual respondent.

To answer the question correctly, you must first use the 'questions' schema to fully understand the context and meaning of the data points within the 'responses'. Do not rely on any prior knowledge outside of this provided data. Base your entire analysis on the information given.

Provide your final answer directly and concisely. Output must be the human-readable value, not an option code.

Rules:
- For MCQ fields, map any letter codes in the Responses (case-insensitive) to the corresponding option text from the Questions schema, and output only that text. Do NOT include the letter or both.
  Example: If the schema is ""[MCQ: A. Abnormal B. Inconclusive C. Normal]"" and the response is ""a"", output ""Abnormal"".
- For open-ended fields, output the exact text value.
- If the question asks for a count, provide only the number (e.g., ""42"").
- If the question asks for a list of names or IDs, provide a simple comma-separated list (e.g., ""17, 21, 23"").
- Preserve capitalization exactly as in the schema (e.g., output ""Abnormal"", not ""abnormal"" or ""A"").

How many respondents have Identification score of 3?",8,False
case_45,conceptual_aggregation,How many respondents participated in session IV-Hypoglycemia?,"@prefix : <http://example.org/survey#> .
@prefix pred: <http://example.org/predicate#> .

# Questions
:QDate pred:Text ""What is the date of the session? [Open-ended]"" .
:QSessionName pred:Text ""What is the name of the session? [Open-ended]"" .
:QIdentification pred:Text ""Identification of self, role, and patient. [Rubric: 0 = Requires direct prompting, 1 = Introduces themselves but only after a hint, 2 = Introduces themselves but information is incomplete, 3 = Introduces themselves and information is complete]"" .
:QSituation pred:Text ""Identifies the main problem(s). [Rubric: 0 = Unable to identify the main problem(s), 1 = Identifies the main problem(s) after extended prompting, 2 = Identifies the main problem(s) with fewer prompts needed, 3 = Identifies and prioritizes the main problem(s) unprompted]"" .
:QBackground_history pred:Text ""Gives appropriate history. [Rubric: 0 = History is unstructured or non-relevant, 1 = Relevant history but frequent clarification needed, 2 = Relevant history with few further questions needed, 3 = Comprehensive focused history]"" .
:QBackground_examination pred:Text ""Gives appropriate examination/observations. [Rubric: 0 = Observations are omitted or irrelevant, 1 = Observations reported but frequent clarification needed, 2 = Observations reported with few further questions needed, 3 = Comprehensive focused examination/observations]"" .
:QAssessment pred:Text ""Makes logical assessment (correlates problem, history, exam, context). [Rubric: 0 = No logical assessment, 1 = Assessment only after extended questioning, 2 = Assessment after minimal questioning, 3 = Comprehensive logical assessment without questioning]"" .
:QRecommendation_clear_recommendation pred:Text ""Makes a clear recommendation. [Rubric: 0 = No recommendation, 1 = Clear recommendation only after extended questioning, 2 = Clear recommendation after minimal questioning, 3 = Clear comprehensive recommendation without questioning]"" .
:QRecommendation_global_rating_scale pred:Text ""Global Rating Scale (GRS) - How confident am I that I received an accurate picture of the patient? [Rubric: 0 = Not at all confident, 1 = Confident but required extended questioning, 2 = Confident but required some further questioning, 3 = Confident and required little or no questioning]"" .
:QComments pred:Text ""Comments on the session. [Open-ended]"" .

# Responses
:Respondent9 a :Person ;
    pred:Date ""2025-04-04"" ;
    pred:SessionName ""MI"" ;
    pred:Identification ""2"" ;
    pred:Situation ""3"" ;
    pred:Background_history ""2"" ;
    pred:Background_examination ""3"" ;
    pred:Assessment ""3"" ;
    pred:Recommendation_clear_recommendation ""2"" ;
    pred:Recommendation_global_rating_scale ""2"" ;
    pred:Comments """" .

:Respondent1 a :Person ;
    pred:Date ""2025-03-14"" ;
    pred:SessionName ""III-Sepsis"" ;
    pred:Identification ""3"" ;
    pred:Situation ""3"" ;
    pred:Background_history ""2"" ;
    pred:Background_examination ""3"" ;
    pred:Assessment ""2"" ;
    pred:Recommendation_clear_recommendation ""2"" ;
    pred:Recommendation_global_rating_scale ""2"" ;
    pred:Comments ""Time: (1:00-1:17)"" .

:Respondent14 a :Person ;
    pred:Date ""2025-05-02"" ;
    pred:SessionName ""V (Hypoglycemia)"" ;
    pred:Identification ""3"" ;
    pred:Situation ""2"" ;
    pred:Background_history ""2"" ;
    pred:Background_examination ""2"" ;
    pred:Assessment ""3"" ;
    pred:Recommendation_clear_recommendation ""2"" ;
    pred:Recommendation_global_rating_scale ""3"" ;
    pred:Comments ""Satisfactory"" .

:Respondent3 a :Person ;
    pred:Date ""2025-03-14"" ;
    pred:SessionName ""IV-Hypoglycemia"" ;
    pred:Identification ""3"" ;
    pred:Situation ""3"" ;
    pred:Background_history ""2"" ;
    pred:Background_examination ""2"" ;
    pred:Assessment ""3"" ;
    pred:Recommendation_clear_recommendation ""1"" ;
    pred:Recommendation_global_rating_scale ""1"" ;
    pred:Comments ""Time: (2:36-2:53)
Late response for considering consultation"" .

:Respondent19 a :Person ;
    pred:Date ""2025-05-04"" ;
    pred:SessionName ""V (Hypoglycemia)"" ;
    pred:Identification ""3"" ;
    pred:Situation ""3"" ;
    pred:Background_history ""3"" ;
    pred:Background_examination ""3"" ;
    pred:Assessment ""3"" ;
    pred:Recommendation_clear_recommendation ""3"" ;
    pred:Recommendation_global_rating_scale ""2"" ;
    pred:Comments ""Concise - clear
Satisfactory"" .

:Respondent17 a :Person ;
    pred:Date ""2025-05-04"" ;
    pred:SessionName ""IV - VT"" ;
    pred:Identification ""3"" ;
    pred:Situation ""3"" ;
    pred:Background_history ""2"" ;
    pred:Background_examination ""2"" ;
    pred:Assessment ""3"" ;
    pred:Recommendation_clear_recommendation ""2"" ;
    pred:Recommendation_global_rating_scale ""2"" ;
    pred:Comments ""Not very concise or clear communication
Satisfactory"" .

",1,"How many respondents have Identification score of 3?

DATA:

@prefix : <http://example.org/survey#> .
@prefix pred: <http://example.org/predicate#> .

# Questions
:QDate pred:Text ""What is the date of the session? [Open-ended]"" .
:QSessionName pred:Text ""What is the name of the session? [Open-ended]"" .
:QIdentification pred:Text ""Identification of self, role, and patient. [Rubric: 0 = Requires direct prompting, 1 = Introduces themselves but only after a hint, 2 = Introduces themselves but information is incomplete, 3 = Introduces themselves and information is complete]"" .
:QSituation pred:Text ""Identifies the main problem(s). [Rubric: 0 = Unable to identify the main problem(s), 1 = Identifies the main problem(s) after extended prompting, 2 = Identifies the main problem(s) with fewer prompts needed, 3 = Identifies and prioritizes the main problem(s) unprompted]"" .
:QBackground_history pred:Text ""Gives appropriate history. [Rubric: 0 = History is unstructured or non-relevant, 1 = Relevant history but frequent clarification needed, 2 = Relevant history with few further questions needed, 3 = Comprehensive focused history]"" .
:QBackground_examination pred:Text ""Gives appropriate examination/observations. [Rubric: 0 = Observations are omitted or irrelevant, 1 = Observations reported but frequent clarification needed, 2 = Observations reported with few further questions needed, 3 = Comprehensive focused examination/observations]"" .
:QAssessment pred:Text ""Makes logical assessment (correlates problem, history, exam, context). [Rubric: 0 = No logical assessment, 1 = Assessment only after extended questioning, 2 = Assessment after minimal questioning, 3 = Comprehensive logical assessment without questioning]"" .
:QRecommendation_clear_recommendation pred:Text ""Makes a clear recommendation. [Rubric: 0 = No recommendation, 1 = Clear recommendation only after extended questioning, 2 = Clear recommendation after minimal questioning, 3 = Clear comprehensive recommendation without questioning]"" .
:QRecommendation_global_rating_scale pred:Text ""Global Rating Scale (GRS) - How confident am I that I received an accurate picture of the patient? [Rubric: 0 = Not at all confident, 1 = Confident but required extended questioning, 2 = Confident but required some further questioning, 3 = Confident and required little or no questioning]"" .
:QComments pred:Text ""Comments on the session. [Open-ended]"" .

# Responses
:Respondent2 a :Person ;
    pred:Date ""2025-03-14"" ;
    pred:SessionName ""II-Anaphylaxsis"" ;
    pred:Identification ""3"" ;
    pred:Situation ""3"" ;
    pred:Background_history ""2"" ;
    pred:Background_examination ""2"" ;
    pred:Assessment ""3"" ;
    pred:Recommendation_clear_recommendation ""3"" ;
    pred:Recommendation_global_rating_scale ""3"" ;
    pred:Comments ""Time: (11:43-11:58)
Talking to registrav could not summarize the condition of patient very clearly
DID: Sepsis I Anaphylaxsis given by team"" .

:Respondent17 a :Person ;
    pred:Date ""2025-05-04"" ;
    pred:SessionName ""IV - VT"" ;
    pred:Identification ""3"" ;
    pred:Situation ""3"" ;
    pred:Background_history ""2"" ;
    pred:Background_examination ""2"" ;
    pred:Assessment ""3"" ;
    pred:Recommendation_clear_recommendation ""2"" ;
    pred:Recommendation_global_rating_scale ""2"" ;
    pred:Comments ""Not very concise or clear communication
Satisfactory"" .

:Respondent3 a :Person ;
    pred:Date ""2025-03-14"" ;
    pred:SessionName ""IV-Hypoglycemia"" ;
    pred:Identification ""3"" ;
    pred:Situation ""3"" ;
    pred:Background_history ""2"" ;
    pred:Background_examination ""2"" ;
    pred:Assessment ""3"" ;
    pred:Recommendation_clear_recommendation ""1"" ;
    pred:Recommendation_global_rating_scale ""1"" ;
    pred:Comments ""Time: (2:36-2:53)
Late response for considering consultation"" .

:Respondent12 a :Person ;
    pred:Date ""2025-05-02"" ;
    pred:SessionName ""IV (VT)"" ;
    pred:Identification ""3"" ;
    pred:Situation ""3"" ;
    pred:Background_history ""2"" ;
    pred:Background_examination ""-1"" ;
    pred:Assessment ""3"" ;
    pred:Recommendation_clear_recommendation ""2"" ;
    pred:Recommendation_global_rating_scale ""3"" ;
    pred:Comments ""Good"" .

Answer: 3

@prefix : <http://example.org/survey#> .
@prefix pred: <http://example.org/predicate#> .

# Questions
:QDate pred:Text ""What is the date of the session? [Open-ended]"" .
:QSessionName pred:Text ""What is the name of the session? [Open-ended]"" .
:QIdentification pred:Text ""Identification of self, role, and patient. [Rubric: 0 = Requires direct prompting, 1 = Introduces themselves but only after a hint, 2 = Introduces themselves but information is incomplete, 3 = Introduces themselves and information is complete]"" .
:QSituation pred:Text ""Identifies the main problem(s). [Rubric: 0 = Unable to identify the main problem(s), 1 = Identifies the main problem(s) after extended prompting, 2 = Identifies the main problem(s) with fewer prompts needed, 3 = Identifies and prioritizes the main problem(s) unprompted]"" .
:QBackground_history pred:Text ""Gives appropriate history. [Rubric: 0 = History is unstructured or non-relevant, 1 = Relevant history but frequent clarification needed, 2 = Relevant history with few further questions needed, 3 = Comprehensive focused history]"" .
:QBackground_examination pred:Text ""Gives appropriate examination/observations. [Rubric: 0 = Observations are omitted or irrelevant, 1 = Observations reported but frequent clarification needed, 2 = Observations reported with few further questions needed, 3 = Comprehensive focused examination/observations]"" .
:QAssessment pred:Text ""Makes logical assessment (correlates problem, history, exam, context). [Rubric: 0 = No logical assessment, 1 = Assessment only after extended questioning, 2 = Assessment after minimal questioning, 3 = Comprehensive logical assessment without questioning]"" .
:QRecommendation_clear_recommendation pred:Text ""Makes a clear recommendation. [Rubric: 0 = No recommendation, 1 = Clear recommendation only after extended questioning, 2 = Clear recommendation after minimal questioning, 3 = Clear comprehensive recommendation without questioning]"" .
:QRecommendation_global_rating_scale pred:Text ""Global Rating Scale (GRS) - How confident am I that I received an accurate picture of the patient? [Rubric: 0 = Not at all confident, 1 = Confident but required extended questioning, 2 = Confident but required some further questioning, 3 = Confident and required little or no questioning]"" .
:QComments pred:Text ""Comments on the session. [Open-ended]"" .

# Responses
:Respondent9 a :Person ;
    pred:Date ""2025-04-04"" ;
    pred:SessionName ""MI"" ;
    pred:Identification ""2"" ;
    pred:Situation ""3"" ;
    pred:Background_history ""2"" ;
    pred:Background_examination ""3"" ;
    pred:Assessment ""3"" ;
    pred:Recommendation_clear_recommendation ""2"" ;
    pred:Recommendation_global_rating_scale ""2"" ;
    pred:Comments """" .

:Respondent1 a :Person ;
    pred:Date ""2025-03-14"" ;
    pred:SessionName ""III-Sepsis"" ;
    pred:Identification ""3"" ;
    pred:Situation ""3"" ;
    pred:Background_history ""2"" ;
    pred:Background_examination ""3"" ;
    pred:Assessment ""2"" ;
    pred:Recommendation_clear_recommendation ""2"" ;
    pred:Recommendation_global_rating_scale ""2"" ;
    pred:Comments ""Time: (1:00-1:17)"" .

:Respondent14 a :Person ;
    pred:Date ""2025-05-02"" ;
    pred:SessionName ""V (Hypoglycemia)"" ;
    pred:Identification ""3"" ;
    pred:Situation ""2"" ;
    pred:Background_history ""2"" ;
    pred:Background_examination ""2"" ;
    pred:Assessment ""3"" ;
    pred:Recommendation_clear_recommendation ""2"" ;
    pred:Recommendation_global_rating_scale ""3"" ;
    pred:Comments ""Satisfactory"" .

:Respondent3 a :Person ;
    pred:Date ""2025-03-14"" ;
    pred:SessionName ""IV-Hypoglycemia"" ;
    pred:Identification ""3"" ;
    pred:Situation ""3"" ;
    pred:Background_history ""2"" ;
    pred:Background_examination ""2"" ;
    pred:Assessment ""3"" ;
    pred:Recommendation_clear_recommendation ""1"" ;
    pred:Recommendation_global_rating_scale ""1"" ;
    pred:Comments ""Time: (2:36-2:53)
Late response for considering consultation"" .

:Respondent19 a :Person ;
    pred:Date ""2025-05-04"" ;
    pred:SessionName ""V (Hypoglycemia)"" ;
    pred:Identification ""3"" ;
    pred:Situation ""3"" ;
    pred:Background_history ""3"" ;
    pred:Background_examination ""3"" ;
    pred:Assessment ""3"" ;
    pred:Recommendation_clear_recommendation ""3"" ;
    pred:Recommendation_global_rating_scale ""2"" ;
    pred:Comments ""Concise - clear
Satisfactory"" .

:Respondent17 a :Person ;
    pred:Date ""2025-05-04"" ;
    pred:SessionName ""IV - VT"" ;
    pred:Identification ""3"" ;
    pred:Situation ""3"" ;
    pred:Background_history ""2"" ;
    pred:Background_examination ""2"" ;
    pred:Assessment ""3"" ;
    pred:Recommendation_clear_recommendation ""2"" ;
    pred:Recommendation_global_rating_scale ""2"" ;
    pred:Comments ""Not very concise or clear communication
Satisfactory"" .

You are a meticulous data analyst AI. Your primary function is to accurately analyze structured data and provide precise, verifiable answers.

You will be given a dataset with two key parts:

A 'questions' section: This is your data dictionary or schema. It is the single source of truth for understanding what each field and score means. Refer to it carefully.

A 'responses' section: This contains the raw data from each individual respondent.

To answer the question correctly, you must first use the 'questions' schema to fully understand the context and meaning of the data points within the 'responses'. Do not rely on any prior knowledge outside of this provided data. Base your entire analysis on the information given.

Provide your final answer directly and concisely. Output must be the human-readable value, not an option code.

Rules:
- For MCQ fields, map any letter codes in the Responses (case-insensitive) to the corresponding option text from the Questions schema, and output only that text. Do NOT include the letter or both.
  Example: If the schema is ""[MCQ: A. Abnormal B. Inconclusive C. Normal]"" and the response is ""a"", output ""Abnormal"".
- For open-ended fields, output the exact text value.
- If the question asks for a count, provide only the number (e.g., ""42"").
- If the question asks for a list of names or IDs, provide a simple comma-separated list (e.g., ""17, 21, 23"").
- Preserve capitalization exactly as in the schema (e.g., output ""Abnormal"", not ""abnormal"" or ""A"").

How many respondents participated in session IV-Hypoglycemia?",1,True
case_46,conceptual_aggregation,How many total respondents are in this dataset?,"@prefix : <http://example.org/survey#> .
@prefix pred: <http://example.org/predicate#> .

# Questions
:QDate pred:Text ""What is the date of the session? [Open-ended]"" .
:QSessionName pred:Text ""What is the name of the session? [Open-ended]"" .
:QIdentification pred:Text ""Identification of self, role, and patient. [Rubric: 0 = Requires direct prompting, 1 = Introduces themselves but only after a hint, 2 = Introduces themselves but information is incomplete, 3 = Introduces themselves and information is complete]"" .
:QSituation pred:Text ""Identifies the main problem(s). [Rubric: 0 = Unable to identify the main problem(s), 1 = Identifies the main problem(s) after extended prompting, 2 = Identifies the main problem(s) with fewer prompts needed, 3 = Identifies and prioritizes the main problem(s) unprompted]"" .
:QBackground_history pred:Text ""Gives appropriate history. [Rubric: 0 = History is unstructured or non-relevant, 1 = Relevant history but frequent clarification needed, 2 = Relevant history with few further questions needed, 3 = Comprehensive focused history]"" .
:QBackground_examination pred:Text ""Gives appropriate examination/observations. [Rubric: 0 = Observations are omitted or irrelevant, 1 = Observations reported but frequent clarification needed, 2 = Observations reported with few further questions needed, 3 = Comprehensive focused examination/observations]"" .
:QAssessment pred:Text ""Makes logical assessment (correlates problem, history, exam, context). [Rubric: 0 = No logical assessment, 1 = Assessment only after extended questioning, 2 = Assessment after minimal questioning, 3 = Comprehensive logical assessment without questioning]"" .
:QRecommendation_clear_recommendation pred:Text ""Makes a clear recommendation. [Rubric: 0 = No recommendation, 1 = Clear recommendation only after extended questioning, 2 = Clear recommendation after minimal questioning, 3 = Clear comprehensive recommendation without questioning]"" .
:QRecommendation_global_rating_scale pred:Text ""Global Rating Scale (GRS) - How confident am I that I received an accurate picture of the patient? [Rubric: 0 = Not at all confident, 1 = Confident but required extended questioning, 2 = Confident but required some further questioning, 3 = Confident and required little or no questioning]"" .
:QComments pred:Text ""Comments on the session. [Open-ended]"" .

# Responses
:Respondent2 a :Person ;
    pred:Date ""2025-03-14"" ;
    pred:SessionName ""II-Anaphylaxsis"" ;
    pred:Identification ""3"" ;
    pred:Situation ""3"" ;
    pred:Background_history ""2"" ;
    pred:Background_examination ""2"" ;
    pred:Assessment ""3"" ;
    pred:Recommendation_clear_recommendation ""3"" ;
    pred:Recommendation_global_rating_scale ""3"" ;
    pred:Comments ""Time: (11:43-11:58)
Talking to registrav could not summarize the condition of patient very clearly
DID: Sepsis I Anaphylaxsis given by team"" .

:Respondent17 a :Person ;
    pred:Date ""2025-05-04"" ;
    pred:SessionName ""IV - VT"" ;
    pred:Identification ""3"" ;
    pred:Situation ""3"" ;
    pred:Background_history ""2"" ;
    pred:Background_examination ""2"" ;
    pred:Assessment ""3"" ;
    pred:Recommendation_clear_recommendation ""2"" ;
    pred:Recommendation_global_rating_scale ""2"" ;
    pred:Comments ""Not very concise or clear communication
Satisfactory"" .

:Respondent8 a :Person ;
    pred:Date ""2025-04-04"" ;
    pred:SessionName ""IV (AF)"" ;
    pred:Identification ""3"" ;
    pred:Situation ""3"" ;
    pred:Background_history ""3"" ;
    pred:Background_examination ""3"" ;
    pred:Assessment ""3"" ;
    pred:Recommendation_clear_recommendation ""3"" ;
    pred:Recommendation_global_rating_scale ""3"" ;
    pred:Comments ""Clear communication and handover"" .

",3,"How many respondents have Identification score of 3?

DATA:

@prefix : <http://example.org/survey#> .
@prefix pred: <http://example.org/predicate#> .

# Questions
:QDate pred:Text ""What is the date of the session? [Open-ended]"" .
:QSessionName pred:Text ""What is the name of the session? [Open-ended]"" .
:QIdentification pred:Text ""Identification of self, role, and patient. [Rubric: 0 = Requires direct prompting, 1 = Introduces themselves but only after a hint, 2 = Introduces themselves but information is incomplete, 3 = Introduces themselves and information is complete]"" .
:QSituation pred:Text ""Identifies the main problem(s). [Rubric: 0 = Unable to identify the main problem(s), 1 = Identifies the main problem(s) after extended prompting, 2 = Identifies the main problem(s) with fewer prompts needed, 3 = Identifies and prioritizes the main problem(s) unprompted]"" .
:QBackground_history pred:Text ""Gives appropriate history. [Rubric: 0 = History is unstructured or non-relevant, 1 = Relevant history but frequent clarification needed, 2 = Relevant history with few further questions needed, 3 = Comprehensive focused history]"" .
:QBackground_examination pred:Text ""Gives appropriate examination/observations. [Rubric: 0 = Observations are omitted or irrelevant, 1 = Observations reported but frequent clarification needed, 2 = Observations reported with few further questions needed, 3 = Comprehensive focused examination/observations]"" .
:QAssessment pred:Text ""Makes logical assessment (correlates problem, history, exam, context). [Rubric: 0 = No logical assessment, 1 = Assessment only after extended questioning, 2 = Assessment after minimal questioning, 3 = Comprehensive logical assessment without questioning]"" .
:QRecommendation_clear_recommendation pred:Text ""Makes a clear recommendation. [Rubric: 0 = No recommendation, 1 = Clear recommendation only after extended questioning, 2 = Clear recommendation after minimal questioning, 3 = Clear comprehensive recommendation without questioning]"" .
:QRecommendation_global_rating_scale pred:Text ""Global Rating Scale (GRS) - How confident am I that I received an accurate picture of the patient? [Rubric: 0 = Not at all confident, 1 = Confident but required extended questioning, 2 = Confident but required some further questioning, 3 = Confident and required little or no questioning]"" .
:QComments pred:Text ""Comments on the session. [Open-ended]"" .

# Responses
:Respondent2 a :Person ;
    pred:Date ""2025-03-14"" ;
    pred:SessionName ""II-Anaphylaxsis"" ;
    pred:Identification ""3"" ;
    pred:Situation ""3"" ;
    pred:Background_history ""2"" ;
    pred:Background_examination ""2"" ;
    pred:Assessment ""3"" ;
    pred:Recommendation_clear_recommendation ""3"" ;
    pred:Recommendation_global_rating_scale ""3"" ;
    pred:Comments ""Time: (11:43-11:58)
Talking to registrav could not summarize the condition of patient very clearly
DID: Sepsis I Anaphylaxsis given by team"" .

:Respondent17 a :Person ;
    pred:Date ""2025-05-04"" ;
    pred:SessionName ""IV - VT"" ;
    pred:Identification ""3"" ;
    pred:Situation ""3"" ;
    pred:Background_history ""2"" ;
    pred:Background_examination ""2"" ;
    pred:Assessment ""3"" ;
    pred:Recommendation_clear_recommendation ""2"" ;
    pred:Recommendation_global_rating_scale ""2"" ;
    pred:Comments ""Not very concise or clear communication
Satisfactory"" .

:Respondent3 a :Person ;
    pred:Date ""2025-03-14"" ;
    pred:SessionName ""IV-Hypoglycemia"" ;
    pred:Identification ""3"" ;
    pred:Situation ""3"" ;
    pred:Background_history ""2"" ;
    pred:Background_examination ""2"" ;
    pred:Assessment ""3"" ;
    pred:Recommendation_clear_recommendation ""1"" ;
    pred:Recommendation_global_rating_scale ""1"" ;
    pred:Comments ""Time: (2:36-2:53)
Late response for considering consultation"" .

:Respondent12 a :Person ;
    pred:Date ""2025-05-02"" ;
    pred:SessionName ""IV (VT)"" ;
    pred:Identification ""3"" ;
    pred:Situation ""3"" ;
    pred:Background_history ""2"" ;
    pred:Background_examination ""-1"" ;
    pred:Assessment ""3"" ;
    pred:Recommendation_clear_recommendation ""2"" ;
    pred:Recommendation_global_rating_scale ""3"" ;
    pred:Comments ""Good"" .

Answer: 3

@prefix : <http://example.org/survey#> .
@prefix pred: <http://example.org/predicate#> .

# Questions
:QDate pred:Text ""What is the date of the session? [Open-ended]"" .
:QSessionName pred:Text ""What is the name of the session? [Open-ended]"" .
:QIdentification pred:Text ""Identification of self, role, and patient. [Rubric: 0 = Requires direct prompting, 1 = Introduces themselves but only after a hint, 2 = Introduces themselves but information is incomplete, 3 = Introduces themselves and information is complete]"" .
:QSituation pred:Text ""Identifies the main problem(s). [Rubric: 0 = Unable to identify the main problem(s), 1 = Identifies the main problem(s) after extended prompting, 2 = Identifies the main problem(s) with fewer prompts needed, 3 = Identifies and prioritizes the main problem(s) unprompted]"" .
:QBackground_history pred:Text ""Gives appropriate history. [Rubric: 0 = History is unstructured or non-relevant, 1 = Relevant history but frequent clarification needed, 2 = Relevant history with few further questions needed, 3 = Comprehensive focused history]"" .
:QBackground_examination pred:Text ""Gives appropriate examination/observations. [Rubric: 0 = Observations are omitted or irrelevant, 1 = Observations reported but frequent clarification needed, 2 = Observations reported with few further questions needed, 3 = Comprehensive focused examination/observations]"" .
:QAssessment pred:Text ""Makes logical assessment (correlates problem, history, exam, context). [Rubric: 0 = No logical assessment, 1 = Assessment only after extended questioning, 2 = Assessment after minimal questioning, 3 = Comprehensive logical assessment without questioning]"" .
:QRecommendation_clear_recommendation pred:Text ""Makes a clear recommendation. [Rubric: 0 = No recommendation, 1 = Clear recommendation only after extended questioning, 2 = Clear recommendation after minimal questioning, 3 = Clear comprehensive recommendation without questioning]"" .
:QRecommendation_global_rating_scale pred:Text ""Global Rating Scale (GRS) - How confident am I that I received an accurate picture of the patient? [Rubric: 0 = Not at all confident, 1 = Confident but required extended questioning, 2 = Confident but required some further questioning, 3 = Confident and required little or no questioning]"" .
:QComments pred:Text ""Comments on the session. [Open-ended]"" .

# Responses
:Respondent2 a :Person ;
    pred:Date ""2025-03-14"" ;
    pred:SessionName ""II-Anaphylaxsis"" ;
    pred:Identification ""3"" ;
    pred:Situation ""3"" ;
    pred:Background_history ""2"" ;
    pred:Background_examination ""2"" ;
    pred:Assessment ""3"" ;
    pred:Recommendation_clear_recommendation ""3"" ;
    pred:Recommendation_global_rating_scale ""3"" ;
    pred:Comments ""Time: (11:43-11:58)
Talking to registrav could not summarize the condition of patient very clearly
DID: Sepsis I Anaphylaxsis given by team"" .

:Respondent17 a :Person ;
    pred:Date ""2025-05-04"" ;
    pred:SessionName ""IV - VT"" ;
    pred:Identification ""3"" ;
    pred:Situation ""3"" ;
    pred:Background_history ""2"" ;
    pred:Background_examination ""2"" ;
    pred:Assessment ""3"" ;
    pred:Recommendation_clear_recommendation ""2"" ;
    pred:Recommendation_global_rating_scale ""2"" ;
    pred:Comments ""Not very concise or clear communication
Satisfactory"" .

:Respondent8 a :Person ;
    pred:Date ""2025-04-04"" ;
    pred:SessionName ""IV (AF)"" ;
    pred:Identification ""3"" ;
    pred:Situation ""3"" ;
    pred:Background_history ""3"" ;
    pred:Background_examination ""3"" ;
    pred:Assessment ""3"" ;
    pred:Recommendation_clear_recommendation ""3"" ;
    pred:Recommendation_global_rating_scale ""3"" ;
    pred:Comments ""Clear communication and handover"" .

You are a meticulous data analyst AI. Your primary function is to accurately analyze structured data and provide precise, verifiable answers.

You will be given a dataset with two key parts:

A 'questions' section: This is your data dictionary or schema. It is the single source of truth for understanding what each field and score means. Refer to it carefully.

A 'responses' section: This contains the raw data from each individual respondent.

To answer the question correctly, you must first use the 'questions' schema to fully understand the context and meaning of the data points within the 'responses'. Do not rely on any prior knowledge outside of this provided data. Base your entire analysis on the information given.

Provide your final answer directly and concisely. Output must be the human-readable value, not an option code.

Rules:
- For MCQ fields, map any letter codes in the Responses (case-insensitive) to the corresponding option text from the Questions schema, and output only that text. Do NOT include the letter or both.
  Example: If the schema is ""[MCQ: A. Abnormal B. Inconclusive C. Normal]"" and the response is ""a"", output ""Abnormal"".
- For open-ended fields, output the exact text value.
- If the question asks for a count, provide only the number (e.g., ""42"").
- If the question asks for a list of names or IDs, provide a simple comma-separated list (e.g., ""17, 21, 23"").
- Preserve capitalization exactly as in the schema (e.g., output ""Abnormal"", not ""abnormal"" or ""A"").

How many total respondents are in this dataset?",3,True
case_47,conceptual_aggregation,How many total respondents are in this dataset?,"@prefix : <http://example.org/survey#> .
@prefix pred: <http://example.org/predicate#> .

# Questions
:QDate pred:Text ""What is the date of the session? [Open-ended]"" .
:QSessionName pred:Text ""What is the name of the session? [Open-ended]"" .
:QIdentification pred:Text ""Identification of self, role, and patient. [Rubric: 0 = Requires direct prompting, 1 = Introduces themselves but only after a hint, 2 = Introduces themselves but information is incomplete, 3 = Introduces themselves and information is complete]"" .
:QSituation pred:Text ""Identifies the main problem(s). [Rubric: 0 = Unable to identify the main problem(s), 1 = Identifies the main problem(s) after extended prompting, 2 = Identifies the main problem(s) with fewer prompts needed, 3 = Identifies and prioritizes the main problem(s) unprompted]"" .
:QBackground_history pred:Text ""Gives appropriate history. [Rubric: 0 = History is unstructured or non-relevant, 1 = Relevant history but frequent clarification needed, 2 = Relevant history with few further questions needed, 3 = Comprehensive focused history]"" .
:QBackground_examination pred:Text ""Gives appropriate examination/observations. [Rubric: 0 = Observations are omitted or irrelevant, 1 = Observations reported but frequent clarification needed, 2 = Observations reported with few further questions needed, 3 = Comprehensive focused examination/observations]"" .
:QAssessment pred:Text ""Makes logical assessment (correlates problem, history, exam, context). [Rubric: 0 = No logical assessment, 1 = Assessment only after extended questioning, 2 = Assessment after minimal questioning, 3 = Comprehensive logical assessment without questioning]"" .
:QRecommendation_clear_recommendation pred:Text ""Makes a clear recommendation. [Rubric: 0 = No recommendation, 1 = Clear recommendation only after extended questioning, 2 = Clear recommendation after minimal questioning, 3 = Clear comprehensive recommendation without questioning]"" .
:QRecommendation_global_rating_scale pred:Text ""Global Rating Scale (GRS) - How confident am I that I received an accurate picture of the patient? [Rubric: 0 = Not at all confident, 1 = Confident but required extended questioning, 2 = Confident but required some further questioning, 3 = Confident and required little or no questioning]"" .
:QComments pred:Text ""Comments on the session. [Open-ended]"" .

# Responses
:Respondent1 a :Person ;
    pred:Date ""2025-03-14"" ;
    pred:SessionName ""III-Sepsis"" ;
    pred:Identification ""3"" ;
    pred:Situation ""3"" ;
    pred:Background_history ""2"" ;
    pred:Background_examination ""3"" ;
    pred:Assessment ""2"" ;
    pred:Recommendation_clear_recommendation ""2"" ;
    pred:Recommendation_global_rating_scale ""2"" ;
    pred:Comments ""Time: (1:00-1:17)"" .

:Respondent15 a :Person ;
    pred:Date ""2025-05-04"" ;
    pred:SessionName ""III - Sepsis"" ;
    pred:Identification ""3"" ;
    pred:Situation ""3"" ;
    pred:Background_history ""2"" ;
    pred:Background_examination ""3"" ;
    pred:Assessment ""2"" ;
    pred:Recommendation_clear_recommendation ""2"" ;
    pred:Recommendation_global_rating_scale ""2"" ;
    pred:Comments ""Detailed Response - clear communication"" .

:Respondent8 a :Person ;
    pred:Date ""2025-04-04"" ;
    pred:SessionName ""IV (AF)"" ;
    pred:Identification ""3"" ;
    pred:Situation ""3"" ;
    pred:Background_history ""3"" ;
    pred:Background_examination ""3"" ;
    pred:Assessment ""3"" ;
    pred:Recommendation_clear_recommendation ""3"" ;
    pred:Recommendation_global_rating_scale ""3"" ;
    pred:Comments ""Clear communication and handover"" .

:Respondent21 a :Person ;
    pred:Date ""2025-05-16"" ;
    pred:SessionName ""II (Anaphylaxsis)"" ;
    pred:Identification ""3"" ;
    pred:Situation ""3"" ;
    pred:Background_history ""2"" ;
    pred:Background_examination ""2"" ;
    pred:Assessment ""2"" ;
    pred:Recommendation_clear_recommendation ""3"" ;
    pred:Recommendation_global_rating_scale ""2"" ;
    pred:Comments ""Overall a bit unclear communication reflected"" .

",4,"How many respondents have Identification score of 3?

DATA:

@prefix : <http://example.org/survey#> .
@prefix pred: <http://example.org/predicate#> .

# Questions
:QDate pred:Text ""What is the date of the session? [Open-ended]"" .
:QSessionName pred:Text ""What is the name of the session? [Open-ended]"" .
:QIdentification pred:Text ""Identification of self, role, and patient. [Rubric: 0 = Requires direct prompting, 1 = Introduces themselves but only after a hint, 2 = Introduces themselves but information is incomplete, 3 = Introduces themselves and information is complete]"" .
:QSituation pred:Text ""Identifies the main problem(s). [Rubric: 0 = Unable to identify the main problem(s), 1 = Identifies the main problem(s) after extended prompting, 2 = Identifies the main problem(s) with fewer prompts needed, 3 = Identifies and prioritizes the main problem(s) unprompted]"" .
:QBackground_history pred:Text ""Gives appropriate history. [Rubric: 0 = History is unstructured or non-relevant, 1 = Relevant history but frequent clarification needed, 2 = Relevant history with few further questions needed, 3 = Comprehensive focused history]"" .
:QBackground_examination pred:Text ""Gives appropriate examination/observations. [Rubric: 0 = Observations are omitted or irrelevant, 1 = Observations reported but frequent clarification needed, 2 = Observations reported with few further questions needed, 3 = Comprehensive focused examination/observations]"" .
:QAssessment pred:Text ""Makes logical assessment (correlates problem, history, exam, context). [Rubric: 0 = No logical assessment, 1 = Assessment only after extended questioning, 2 = Assessment after minimal questioning, 3 = Comprehensive logical assessment without questioning]"" .
:QRecommendation_clear_recommendation pred:Text ""Makes a clear recommendation. [Rubric: 0 = No recommendation, 1 = Clear recommendation only after extended questioning, 2 = Clear recommendation after minimal questioning, 3 = Clear comprehensive recommendation without questioning]"" .
:QRecommendation_global_rating_scale pred:Text ""Global Rating Scale (GRS) - How confident am I that I received an accurate picture of the patient? [Rubric: 0 = Not at all confident, 1 = Confident but required extended questioning, 2 = Confident but required some further questioning, 3 = Confident and required little or no questioning]"" .
:QComments pred:Text ""Comments on the session. [Open-ended]"" .

# Responses
:Respondent2 a :Person ;
    pred:Date ""2025-03-14"" ;
    pred:SessionName ""II-Anaphylaxsis"" ;
    pred:Identification ""3"" ;
    pred:Situation ""3"" ;
    pred:Background_history ""2"" ;
    pred:Background_examination ""2"" ;
    pred:Assessment ""3"" ;
    pred:Recommendation_clear_recommendation ""3"" ;
    pred:Recommendation_global_rating_scale ""3"" ;
    pred:Comments ""Time: (11:43-11:58)
Talking to registrav could not summarize the condition of patient very clearly
DID: Sepsis I Anaphylaxsis given by team"" .

:Respondent17 a :Person ;
    pred:Date ""2025-05-04"" ;
    pred:SessionName ""IV - VT"" ;
    pred:Identification ""3"" ;
    pred:Situation ""3"" ;
    pred:Background_history ""2"" ;
    pred:Background_examination ""2"" ;
    pred:Assessment ""3"" ;
    pred:Recommendation_clear_recommendation ""2"" ;
    pred:Recommendation_global_rating_scale ""2"" ;
    pred:Comments ""Not very concise or clear communication
Satisfactory"" .

:Respondent3 a :Person ;
    pred:Date ""2025-03-14"" ;
    pred:SessionName ""IV-Hypoglycemia"" ;
    pred:Identification ""3"" ;
    pred:Situation ""3"" ;
    pred:Background_history ""2"" ;
    pred:Background_examination ""2"" ;
    pred:Assessment ""3"" ;
    pred:Recommendation_clear_recommendation ""1"" ;
    pred:Recommendation_global_rating_scale ""1"" ;
    pred:Comments ""Time: (2:36-2:53)
Late response for considering consultation"" .

:Respondent12 a :Person ;
    pred:Date ""2025-05-02"" ;
    pred:SessionName ""IV (VT)"" ;
    pred:Identification ""3"" ;
    pred:Situation ""3"" ;
    pred:Background_history ""2"" ;
    pred:Background_examination ""-1"" ;
    pred:Assessment ""3"" ;
    pred:Recommendation_clear_recommendation ""2"" ;
    pred:Recommendation_global_rating_scale ""3"" ;
    pred:Comments ""Good"" .

Answer: 3

@prefix : <http://example.org/survey#> .
@prefix pred: <http://example.org/predicate#> .

# Questions
:QDate pred:Text ""What is the date of the session? [Open-ended]"" .
:QSessionName pred:Text ""What is the name of the session? [Open-ended]"" .
:QIdentification pred:Text ""Identification of self, role, and patient. [Rubric: 0 = Requires direct prompting, 1 = Introduces themselves but only after a hint, 2 = Introduces themselves but information is incomplete, 3 = Introduces themselves and information is complete]"" .
:QSituation pred:Text ""Identifies the main problem(s). [Rubric: 0 = Unable to identify the main problem(s), 1 = Identifies the main problem(s) after extended prompting, 2 = Identifies the main problem(s) with fewer prompts needed, 3 = Identifies and prioritizes the main problem(s) unprompted]"" .
:QBackground_history pred:Text ""Gives appropriate history. [Rubric: 0 = History is unstructured or non-relevant, 1 = Relevant history but frequent clarification needed, 2 = Relevant history with few further questions needed, 3 = Comprehensive focused history]"" .
:QBackground_examination pred:Text ""Gives appropriate examination/observations. [Rubric: 0 = Observations are omitted or irrelevant, 1 = Observations reported but frequent clarification needed, 2 = Observations reported with few further questions needed, 3 = Comprehensive focused examination/observations]"" .
:QAssessment pred:Text ""Makes logical assessment (correlates problem, history, exam, context). [Rubric: 0 = No logical assessment, 1 = Assessment only after extended questioning, 2 = Assessment after minimal questioning, 3 = Comprehensive logical assessment without questioning]"" .
:QRecommendation_clear_recommendation pred:Text ""Makes a clear recommendation. [Rubric: 0 = No recommendation, 1 = Clear recommendation only after extended questioning, 2 = Clear recommendation after minimal questioning, 3 = Clear comprehensive recommendation without questioning]"" .
:QRecommendation_global_rating_scale pred:Text ""Global Rating Scale (GRS) - How confident am I that I received an accurate picture of the patient? [Rubric: 0 = Not at all confident, 1 = Confident but required extended questioning, 2 = Confident but required some further questioning, 3 = Confident and required little or no questioning]"" .
:QComments pred:Text ""Comments on the session. [Open-ended]"" .

# Responses
:Respondent1 a :Person ;
    pred:Date ""2025-03-14"" ;
    pred:SessionName ""III-Sepsis"" ;
    pred:Identification ""3"" ;
    pred:Situation ""3"" ;
    pred:Background_history ""2"" ;
    pred:Background_examination ""3"" ;
    pred:Assessment ""2"" ;
    pred:Recommendation_clear_recommendation ""2"" ;
    pred:Recommendation_global_rating_scale ""2"" ;
    pred:Comments ""Time: (1:00-1:17)"" .

:Respondent15 a :Person ;
    pred:Date ""2025-05-04"" ;
    pred:SessionName ""III - Sepsis"" ;
    pred:Identification ""3"" ;
    pred:Situation ""3"" ;
    pred:Background_history ""2"" ;
    pred:Background_examination ""3"" ;
    pred:Assessment ""2"" ;
    pred:Recommendation_clear_recommendation ""2"" ;
    pred:Recommendation_global_rating_scale ""2"" ;
    pred:Comments ""Detailed Response - clear communication"" .

:Respondent8 a :Person ;
    pred:Date ""2025-04-04"" ;
    pred:SessionName ""IV (AF)"" ;
    pred:Identification ""3"" ;
    pred:Situation ""3"" ;
    pred:Background_history ""3"" ;
    pred:Background_examination ""3"" ;
    pred:Assessment ""3"" ;
    pred:Recommendation_clear_recommendation ""3"" ;
    pred:Recommendation_global_rating_scale ""3"" ;
    pred:Comments ""Clear communication and handover"" .

:Respondent21 a :Person ;
    pred:Date ""2025-05-16"" ;
    pred:SessionName ""II (Anaphylaxsis)"" ;
    pred:Identification ""3"" ;
    pred:Situation ""3"" ;
    pred:Background_history ""2"" ;
    pred:Background_examination ""2"" ;
    pred:Assessment ""2"" ;
    pred:Recommendation_clear_recommendation ""3"" ;
    pred:Recommendation_global_rating_scale ""2"" ;
    pred:Comments ""Overall a bit unclear communication reflected"" .

You are a meticulous data analyst AI. Your primary function is to accurately analyze structured data and provide precise, verifiable answers.

You will be given a dataset with two key parts:

A 'questions' section: This is your data dictionary or schema. It is the single source of truth for understanding what each field and score means. Refer to it carefully.

A 'responses' section: This contains the raw data from each individual respondent.

To answer the question correctly, you must first use the 'questions' schema to fully understand the context and meaning of the data points within the 'responses'. Do not rely on any prior knowledge outside of this provided data. Base your entire analysis on the information given.

Provide your final answer directly and concisely. Output must be the human-readable value, not an option code.

Rules:
- For MCQ fields, map any letter codes in the Responses (case-insensitive) to the corresponding option text from the Questions schema, and output only that text. Do NOT include the letter or both.
  Example: If the schema is ""[MCQ: A. Abnormal B. Inconclusive C. Normal]"" and the response is ""a"", output ""Abnormal"".
- For open-ended fields, output the exact text value.
- If the question asks for a count, provide only the number (e.g., ""42"").
- If the question asks for a list of names or IDs, provide a simple comma-separated list (e.g., ""17, 21, 23"").
- Preserve capitalization exactly as in the schema (e.g., output ""Abnormal"", not ""abnormal"" or ""A"").

How many total respondents are in this dataset?",8,False
case_48,conceptual_aggregation,How many respondents participated in session III-Sepsis?,"@prefix : <http://example.org/survey#> .
@prefix pred: <http://example.org/predicate#> .

# Questions
:QDate pred:Text ""What is the date of the session? [Open-ended]"" .
:QSessionName pred:Text ""What is the name of the session? [Open-ended]"" .
:QIdentification pred:Text ""Identification of self, role, and patient. [Rubric: 0 = Requires direct prompting, 1 = Introduces themselves but only after a hint, 2 = Introduces themselves but information is incomplete, 3 = Introduces themselves and information is complete]"" .
:QSituation pred:Text ""Identifies the main problem(s). [Rubric: 0 = Unable to identify the main problem(s), 1 = Identifies the main problem(s) after extended prompting, 2 = Identifies the main problem(s) with fewer prompts needed, 3 = Identifies and prioritizes the main problem(s) unprompted]"" .
:QBackground_history pred:Text ""Gives appropriate history. [Rubric: 0 = History is unstructured or non-relevant, 1 = Relevant history but frequent clarification needed, 2 = Relevant history with few further questions needed, 3 = Comprehensive focused history]"" .
:QBackground_examination pred:Text ""Gives appropriate examination/observations. [Rubric: 0 = Observations are omitted or irrelevant, 1 = Observations reported but frequent clarification needed, 2 = Observations reported with few further questions needed, 3 = Comprehensive focused examination/observations]"" .
:QAssessment pred:Text ""Makes logical assessment (correlates problem, history, exam, context). [Rubric: 0 = No logical assessment, 1 = Assessment only after extended questioning, 2 = Assessment after minimal questioning, 3 = Comprehensive logical assessment without questioning]"" .
:QRecommendation_clear_recommendation pred:Text ""Makes a clear recommendation. [Rubric: 0 = No recommendation, 1 = Clear recommendation only after extended questioning, 2 = Clear recommendation after minimal questioning, 3 = Clear comprehensive recommendation without questioning]"" .
:QRecommendation_global_rating_scale pred:Text ""Global Rating Scale (GRS) - How confident am I that I received an accurate picture of the patient? [Rubric: 0 = Not at all confident, 1 = Confident but required extended questioning, 2 = Confident but required some further questioning, 3 = Confident and required little or no questioning]"" .
:QComments pred:Text ""Comments on the session. [Open-ended]"" .

# Responses
:Respondent11 a :Person ;
    pred:Date ""2025-05-02"" ;
    pred:SessionName ""II (Anaphylaxis)"" ;
    pred:Identification ""3"" ;
    pred:Situation ""3"" ;
    pred:Background_history ""3"" ;
    pred:Background_examination ""3"" ;
    pred:Assessment ""2"" ;
    pred:Recommendation_clear_recommendation ""3"" ;
    pred:Recommendation_global_rating_scale ""3"" ;
    pred:Comments ""Good"" .

:Respondent4 a :Person ;
    pred:Date ""2025-03-14"" ;
    pred:SessionName ""I-VF"" ;
    pred:Identification ""3"" ;
    pred:Situation ""3"" ;
    pred:Background_history ""2"" ;
    pred:Background_examination ""1"" ;
    pred:Assessment ""2"" ;
    pred:Recommendation_clear_recommendation ""2"" ;
    pred:Recommendation_global_rating_scale ""2"" ;
    pred:Comments ""Time: (10:29-10:54)
Ventricular fibrillation (CVS)
Lack of communication btween 2 main interns
Further brief to patient, ask patent concerns"" .

:Respondent5 a :Person ;
    pred:Date ""2025-03-14"" ;
    pred:SessionName ""(MI)-VT"" ;
    pred:Identification ""0"" ;
    pred:Situation ""2"" ;
    pred:Background_history ""2"" ;
    pred:Background_examination ""2"" ;
    pred:Assessment ""2"" ;
    pred:Recommendation_clear_recommendation ""2"" ;
    pred:Recommendation_global_rating_scale ""2"" ;
    pred:Comments ""Time: (15:53-16:14)"" .

:Respondent6 a :Person ;
    pred:Date ""2025-04-04"" ;
    pred:SessionName ""III-Sepsis"" ;
    pred:Identification ""-1"" ;
    pred:Situation ""2"" ;
    pred:Background_history ""3"" ;
    pred:Background_examination ""3"" ;
    pred:Assessment ""3"" ;
    pred:Recommendation_clear_recommendation ""3"" ;
    pred:Recommendation_global_rating_scale ""3"" ;
    pred:Comments ""The patient/simulation is not oriented in TPP.
Clear communication between Reg and colleague during handover"" .

:Respondent19 a :Person ;
    pred:Date ""2025-05-04"" ;
    pred:SessionName ""V (Hypoglycemia)"" ;
    pred:Identification ""3"" ;
    pred:Situation ""3"" ;
    pred:Background_history ""3"" ;
    pred:Background_examination ""3"" ;
    pred:Assessment ""3"" ;
    pred:Recommendation_clear_recommendation ""3"" ;
    pred:Recommendation_global_rating_scale ""2"" ;
    pred:Comments ""Concise - clear
Satisfactory"" .

",1,"How many respondents have Identification score of 3?

DATA:

@prefix : <http://example.org/survey#> .
@prefix pred: <http://example.org/predicate#> .

# Questions
:QDate pred:Text ""What is the date of the session? [Open-ended]"" .
:QSessionName pred:Text ""What is the name of the session? [Open-ended]"" .
:QIdentification pred:Text ""Identification of self, role, and patient. [Rubric: 0 = Requires direct prompting, 1 = Introduces themselves but only after a hint, 2 = Introduces themselves but information is incomplete, 3 = Introduces themselves and information is complete]"" .
:QSituation pred:Text ""Identifies the main problem(s). [Rubric: 0 = Unable to identify the main problem(s), 1 = Identifies the main problem(s) after extended prompting, 2 = Identifies the main problem(s) with fewer prompts needed, 3 = Identifies and prioritizes the main problem(s) unprompted]"" .
:QBackground_history pred:Text ""Gives appropriate history. [Rubric: 0 = History is unstructured or non-relevant, 1 = Relevant history but frequent clarification needed, 2 = Relevant history with few further questions needed, 3 = Comprehensive focused history]"" .
:QBackground_examination pred:Text ""Gives appropriate examination/observations. [Rubric: 0 = Observations are omitted or irrelevant, 1 = Observations reported but frequent clarification needed, 2 = Observations reported with few further questions needed, 3 = Comprehensive focused examination/observations]"" .
:QAssessment pred:Text ""Makes logical assessment (correlates problem, history, exam, context). [Rubric: 0 = No logical assessment, 1 = Assessment only after extended questioning, 2 = Assessment after minimal questioning, 3 = Comprehensive logical assessment without questioning]"" .
:QRecommendation_clear_recommendation pred:Text ""Makes a clear recommendation. [Rubric: 0 = No recommendation, 1 = Clear recommendation only after extended questioning, 2 = Clear recommendation after minimal questioning, 3 = Clear comprehensive recommendation without questioning]"" .
:QRecommendation_global_rating_scale pred:Text ""Global Rating Scale (GRS) - How confident am I that I received an accurate picture of the patient? [Rubric: 0 = Not at all confident, 1 = Confident but required extended questioning, 2 = Confident but required some further questioning, 3 = Confident and required little or no questioning]"" .
:QComments pred:Text ""Comments on the session. [Open-ended]"" .

# Responses
:Respondent2 a :Person ;
    pred:Date ""2025-03-14"" ;
    pred:SessionName ""II-Anaphylaxsis"" ;
    pred:Identification ""3"" ;
    pred:Situation ""3"" ;
    pred:Background_history ""2"" ;
    pred:Background_examination ""2"" ;
    pred:Assessment ""3"" ;
    pred:Recommendation_clear_recommendation ""3"" ;
    pred:Recommendation_global_rating_scale ""3"" ;
    pred:Comments ""Time: (11:43-11:58)
Talking to registrav could not summarize the condition of patient very clearly
DID: Sepsis I Anaphylaxsis given by team"" .

:Respondent17 a :Person ;
    pred:Date ""2025-05-04"" ;
    pred:SessionName ""IV - VT"" ;
    pred:Identification ""3"" ;
    pred:Situation ""3"" ;
    pred:Background_history ""2"" ;
    pred:Background_examination ""2"" ;
    pred:Assessment ""3"" ;
    pred:Recommendation_clear_recommendation ""2"" ;
    pred:Recommendation_global_rating_scale ""2"" ;
    pred:Comments ""Not very concise or clear communication
Satisfactory"" .

:Respondent3 a :Person ;
    pred:Date ""2025-03-14"" ;
    pred:SessionName ""IV-Hypoglycemia"" ;
    pred:Identification ""3"" ;
    pred:Situation ""3"" ;
    pred:Background_history ""2"" ;
    pred:Background_examination ""2"" ;
    pred:Assessment ""3"" ;
    pred:Recommendation_clear_recommendation ""1"" ;
    pred:Recommendation_global_rating_scale ""1"" ;
    pred:Comments ""Time: (2:36-2:53)
Late response for considering consultation"" .

:Respondent12 a :Person ;
    pred:Date ""2025-05-02"" ;
    pred:SessionName ""IV (VT)"" ;
    pred:Identification ""3"" ;
    pred:Situation ""3"" ;
    pred:Background_history ""2"" ;
    pred:Background_examination ""-1"" ;
    pred:Assessment ""3"" ;
    pred:Recommendation_clear_recommendation ""2"" ;
    pred:Recommendation_global_rating_scale ""3"" ;
    pred:Comments ""Good"" .

Answer: 3

@prefix : <http://example.org/survey#> .
@prefix pred: <http://example.org/predicate#> .

# Questions
:QDate pred:Text ""What is the date of the session? [Open-ended]"" .
:QSessionName pred:Text ""What is the name of the session? [Open-ended]"" .
:QIdentification pred:Text ""Identification of self, role, and patient. [Rubric: 0 = Requires direct prompting, 1 = Introduces themselves but only after a hint, 2 = Introduces themselves but information is incomplete, 3 = Introduces themselves and information is complete]"" .
:QSituation pred:Text ""Identifies the main problem(s). [Rubric: 0 = Unable to identify the main problem(s), 1 = Identifies the main problem(s) after extended prompting, 2 = Identifies the main problem(s) with fewer prompts needed, 3 = Identifies and prioritizes the main problem(s) unprompted]"" .
:QBackground_history pred:Text ""Gives appropriate history. [Rubric: 0 = History is unstructured or non-relevant, 1 = Relevant history but frequent clarification needed, 2 = Relevant history with few further questions needed, 3 = Comprehensive focused history]"" .
:QBackground_examination pred:Text ""Gives appropriate examination/observations. [Rubric: 0 = Observations are omitted or irrelevant, 1 = Observations reported but frequent clarification needed, 2 = Observations reported with few further questions needed, 3 = Comprehensive focused examination/observations]"" .
:QAssessment pred:Text ""Makes logical assessment (correlates problem, history, exam, context). [Rubric: 0 = No logical assessment, 1 = Assessment only after extended questioning, 2 = Assessment after minimal questioning, 3 = Comprehensive logical assessment without questioning]"" .
:QRecommendation_clear_recommendation pred:Text ""Makes a clear recommendation. [Rubric: 0 = No recommendation, 1 = Clear recommendation only after extended questioning, 2 = Clear recommendation after minimal questioning, 3 = Clear comprehensive recommendation without questioning]"" .
:QRecommendation_global_rating_scale pred:Text ""Global Rating Scale (GRS) - How confident am I that I received an accurate picture of the patient? [Rubric: 0 = Not at all confident, 1 = Confident but required extended questioning, 2 = Confident but required some further questioning, 3 = Confident and required little or no questioning]"" .
:QComments pred:Text ""Comments on the session. [Open-ended]"" .

# Responses
:Respondent11 a :Person ;
    pred:Date ""2025-05-02"" ;
    pred:SessionName ""II (Anaphylaxis)"" ;
    pred:Identification ""3"" ;
    pred:Situation ""3"" ;
    pred:Background_history ""3"" ;
    pred:Background_examination ""3"" ;
    pred:Assessment ""2"" ;
    pred:Recommendation_clear_recommendation ""3"" ;
    pred:Recommendation_global_rating_scale ""3"" ;
    pred:Comments ""Good"" .

:Respondent4 a :Person ;
    pred:Date ""2025-03-14"" ;
    pred:SessionName ""I-VF"" ;
    pred:Identification ""3"" ;
    pred:Situation ""3"" ;
    pred:Background_history ""2"" ;
    pred:Background_examination ""1"" ;
    pred:Assessment ""2"" ;
    pred:Recommendation_clear_recommendation ""2"" ;
    pred:Recommendation_global_rating_scale ""2"" ;
    pred:Comments ""Time: (10:29-10:54)
Ventricular fibrillation (CVS)
Lack of communication btween 2 main interns
Further brief to patient, ask patent concerns"" .

:Respondent5 a :Person ;
    pred:Date ""2025-03-14"" ;
    pred:SessionName ""(MI)-VT"" ;
    pred:Identification ""0"" ;
    pred:Situation ""2"" ;
    pred:Background_history ""2"" ;
    pred:Background_examination ""2"" ;
    pred:Assessment ""2"" ;
    pred:Recommendation_clear_recommendation ""2"" ;
    pred:Recommendation_global_rating_scale ""2"" ;
    pred:Comments ""Time: (15:53-16:14)"" .

:Respondent6 a :Person ;
    pred:Date ""2025-04-04"" ;
    pred:SessionName ""III-Sepsis"" ;
    pred:Identification ""-1"" ;
    pred:Situation ""2"" ;
    pred:Background_history ""3"" ;
    pred:Background_examination ""3"" ;
    pred:Assessment ""3"" ;
    pred:Recommendation_clear_recommendation ""3"" ;
    pred:Recommendation_global_rating_scale ""3"" ;
    pred:Comments ""The patient/simulation is not oriented in TPP.
Clear communication between Reg and colleague during handover"" .

:Respondent19 a :Person ;
    pred:Date ""2025-05-04"" ;
    pred:SessionName ""V (Hypoglycemia)"" ;
    pred:Identification ""3"" ;
    pred:Situation ""3"" ;
    pred:Background_history ""3"" ;
    pred:Background_examination ""3"" ;
    pred:Assessment ""3"" ;
    pred:Recommendation_clear_recommendation ""3"" ;
    pred:Recommendation_global_rating_scale ""2"" ;
    pred:Comments ""Concise - clear
Satisfactory"" .

You are a meticulous data analyst AI. Your primary function is to accurately analyze structured data and provide precise, verifiable answers.

You will be given a dataset with two key parts:

A 'questions' section: This is your data dictionary or schema. It is the single source of truth for understanding what each field and score means. Refer to it carefully.

A 'responses' section: This contains the raw data from each individual respondent.

To answer the question correctly, you must first use the 'questions' schema to fully understand the context and meaning of the data points within the 'responses'. Do not rely on any prior knowledge outside of this provided data. Base your entire analysis on the information given.

Provide your final answer directly and concisely. Output must be the human-readable value, not an option code.

Rules:
- For MCQ fields, map any letter codes in the Responses (case-insensitive) to the corresponding option text from the Questions schema, and output only that text. Do NOT include the letter or both.
  Example: If the schema is ""[MCQ: A. Abnormal B. Inconclusive C. Normal]"" and the response is ""a"", output ""Abnormal"".
- For open-ended fields, output the exact text value.
- If the question asks for a count, provide only the number (e.g., ""42"").
- If the question asks for a list of names or IDs, provide a simple comma-separated list (e.g., ""17, 21, 23"").
- Preserve capitalization exactly as in the schema (e.g., output ""Abnormal"", not ""abnormal"" or ""A"").

How many respondents participated in session III-Sepsis?",1,True
case_49,conceptual_aggregation,How many respondents have Comments containing the word Good?,"@prefix : <http://example.org/survey#> .
@prefix pred: <http://example.org/predicate#> .

# Questions
:QDate pred:Text ""What is the date of the session? [Open-ended]"" .
:QSessionName pred:Text ""What is the name of the session? [Open-ended]"" .
:QIdentification pred:Text ""Identification of self, role, and patient. [Rubric: 0 = Requires direct prompting, 1 = Introduces themselves but only after a hint, 2 = Introduces themselves but information is incomplete, 3 = Introduces themselves and information is complete]"" .
:QSituation pred:Text ""Identifies the main problem(s). [Rubric: 0 = Unable to identify the main problem(s), 1 = Identifies the main problem(s) after extended prompting, 2 = Identifies the main problem(s) with fewer prompts needed, 3 = Identifies and prioritizes the main problem(s) unprompted]"" .
:QBackground_history pred:Text ""Gives appropriate history. [Rubric: 0 = History is unstructured or non-relevant, 1 = Relevant history but frequent clarification needed, 2 = Relevant history with few further questions needed, 3 = Comprehensive focused history]"" .
:QBackground_examination pred:Text ""Gives appropriate examination/observations. [Rubric: 0 = Observations are omitted or irrelevant, 1 = Observations reported but frequent clarification needed, 2 = Observations reported with few further questions needed, 3 = Comprehensive focused examination/observations]"" .
:QAssessment pred:Text ""Makes logical assessment (correlates problem, history, exam, context). [Rubric: 0 = No logical assessment, 1 = Assessment only after extended questioning, 2 = Assessment after minimal questioning, 3 = Comprehensive logical assessment without questioning]"" .
:QRecommendation_clear_recommendation pred:Text ""Makes a clear recommendation. [Rubric: 0 = No recommendation, 1 = Clear recommendation only after extended questioning, 2 = Clear recommendation after minimal questioning, 3 = Clear comprehensive recommendation without questioning]"" .
:QRecommendation_global_rating_scale pred:Text ""Global Rating Scale (GRS) - How confident am I that I received an accurate picture of the patient? [Rubric: 0 = Not at all confident, 1 = Confident but required extended questioning, 2 = Confident but required some further questioning, 3 = Confident and required little or no questioning]"" .
:QComments pred:Text ""Comments on the session. [Open-ended]"" .

# Responses
:Respondent22 a :Person ;
    pred:Date ""2025-05-16"" ;
    pred:SessionName ""IV (VT)"" ;
    pred:Identification ""3"" ;
    pred:Situation ""3"" ;
    pred:Background_history ""3"" ;
    pred:Background_examination ""3"" ;
    pred:Assessment ""2"" ;
    pred:Recommendation_clear_recommendation ""2"" ;
    pred:Recommendation_global_rating_scale ""3"" ;
    pred:Comments ""Clear communication skills
Good"" .

:Respondent21 a :Person ;
    pred:Date ""2025-05-16"" ;
    pred:SessionName ""II (Anaphylaxsis)"" ;
    pred:Identification ""3"" ;
    pred:Situation ""3"" ;
    pred:Background_history ""2"" ;
    pred:Background_examination ""2"" ;
    pred:Assessment ""2"" ;
    pred:Recommendation_clear_recommendation ""3"" ;
    pred:Recommendation_global_rating_scale ""2"" ;
    pred:Comments ""Overall a bit unclear communication reflected"" .

:Respondent3 a :Person ;
    pred:Date ""2025-03-14"" ;
    pred:SessionName ""IV-Hypoglycemia"" ;
    pred:Identification ""3"" ;
    pred:Situation ""3"" ;
    pred:Background_history ""2"" ;
    pred:Background_examination ""2"" ;
    pred:Assessment ""3"" ;
    pred:Recommendation_clear_recommendation ""1"" ;
    pred:Recommendation_global_rating_scale ""1"" ;
    pred:Comments ""Time: (2:36-2:53)
Late response for considering consultation"" .

:Respondent23 a :Person ;
    pred:Date ""2025-05-16"" ;
    pred:SessionName ""I (Myocardial infarction)"" ;
    pred:Identification ""3"" ;
    pred:Situation ""2"" ;
    pred:Background_history ""3"" ;
    pred:Background_examination ""1"" ;
    pred:Assessment ""2"" ;
    pred:Recommendation_clear_recommendation ""3"" ;
    pred:Recommendation_global_rating_scale ""3"" ;
    pred:Comments ""Diagnostic clarity is present
Good and early assessment of condition is done"" .

:Respondent8 a :Person ;
    pred:Date ""2025-04-04"" ;
    pred:SessionName ""IV (AF)"" ;
    pred:Identification ""3"" ;
    pred:Situation ""3"" ;
    pred:Background_history ""3"" ;
    pred:Background_examination ""3"" ;
    pred:Assessment ""3"" ;
    pred:Recommendation_clear_recommendation ""3"" ;
    pred:Recommendation_global_rating_scale ""3"" ;
    pred:Comments ""Clear communication and handover"" .

:Respondent2 a :Person ;
    pred:Date ""2025-03-14"" ;
    pred:SessionName ""II-Anaphylaxsis"" ;
    pred:Identification ""3"" ;
    pred:Situation ""3"" ;
    pred:Background_history ""2"" ;
    pred:Background_examination ""2"" ;
    pred:Assessment ""3"" ;
    pred:Recommendation_clear_recommendation ""3"" ;
    pred:Recommendation_global_rating_scale ""3"" ;
    pred:Comments ""Time: (11:43-11:58)
Talking to registrav could not summarize the condition of patient very clearly
DID: Sepsis I Anaphylaxsis given by team"" .

",2,"How many respondents have Identification score of 3?

DATA:

@prefix : <http://example.org/survey#> .
@prefix pred: <http://example.org/predicate#> .

# Questions
:QDate pred:Text ""What is the date of the session? [Open-ended]"" .
:QSessionName pred:Text ""What is the name of the session? [Open-ended]"" .
:QIdentification pred:Text ""Identification of self, role, and patient. [Rubric: 0 = Requires direct prompting, 1 = Introduces themselves but only after a hint, 2 = Introduces themselves but information is incomplete, 3 = Introduces themselves and information is complete]"" .
:QSituation pred:Text ""Identifies the main problem(s). [Rubric: 0 = Unable to identify the main problem(s), 1 = Identifies the main problem(s) after extended prompting, 2 = Identifies the main problem(s) with fewer prompts needed, 3 = Identifies and prioritizes the main problem(s) unprompted]"" .
:QBackground_history pred:Text ""Gives appropriate history. [Rubric: 0 = History is unstructured or non-relevant, 1 = Relevant history but frequent clarification needed, 2 = Relevant history with few further questions needed, 3 = Comprehensive focused history]"" .
:QBackground_examination pred:Text ""Gives appropriate examination/observations. [Rubric: 0 = Observations are omitted or irrelevant, 1 = Observations reported but frequent clarification needed, 2 = Observations reported with few further questions needed, 3 = Comprehensive focused examination/observations]"" .
:QAssessment pred:Text ""Makes logical assessment (correlates problem, history, exam, context). [Rubric: 0 = No logical assessment, 1 = Assessment only after extended questioning, 2 = Assessment after minimal questioning, 3 = Comprehensive logical assessment without questioning]"" .
:QRecommendation_clear_recommendation pred:Text ""Makes a clear recommendation. [Rubric: 0 = No recommendation, 1 = Clear recommendation only after extended questioning, 2 = Clear recommendation after minimal questioning, 3 = Clear comprehensive recommendation without questioning]"" .
:QRecommendation_global_rating_scale pred:Text ""Global Rating Scale (GRS) - How confident am I that I received an accurate picture of the patient? [Rubric: 0 = Not at all confident, 1 = Confident but required extended questioning, 2 = Confident but required some further questioning, 3 = Confident and required little or no questioning]"" .
:QComments pred:Text ""Comments on the session. [Open-ended]"" .

# Responses
:Respondent2 a :Person ;
    pred:Date ""2025-03-14"" ;
    pred:SessionName ""II-Anaphylaxsis"" ;
    pred:Identification ""3"" ;
    pred:Situation ""3"" ;
    pred:Background_history ""2"" ;
    pred:Background_examination ""2"" ;
    pred:Assessment ""3"" ;
    pred:Recommendation_clear_recommendation ""3"" ;
    pred:Recommendation_global_rating_scale ""3"" ;
    pred:Comments ""Time: (11:43-11:58)
Talking to registrav could not summarize the condition of patient very clearly
DID: Sepsis I Anaphylaxsis given by team"" .

:Respondent17 a :Person ;
    pred:Date ""2025-05-04"" ;
    pred:SessionName ""IV - VT"" ;
    pred:Identification ""3"" ;
    pred:Situation ""3"" ;
    pred:Background_history ""2"" ;
    pred:Background_examination ""2"" ;
    pred:Assessment ""3"" ;
    pred:Recommendation_clear_recommendation ""2"" ;
    pred:Recommendation_global_rating_scale ""2"" ;
    pred:Comments ""Not very concise or clear communication
Satisfactory"" .

:Respondent3 a :Person ;
    pred:Date ""2025-03-14"" ;
    pred:SessionName ""IV-Hypoglycemia"" ;
    pred:Identification ""3"" ;
    pred:Situation ""3"" ;
    pred:Background_history ""2"" ;
    pred:Background_examination ""2"" ;
    pred:Assessment ""3"" ;
    pred:Recommendation_clear_recommendation ""1"" ;
    pred:Recommendation_global_rating_scale ""1"" ;
    pred:Comments ""Time: (2:36-2:53)
Late response for considering consultation"" .

:Respondent12 a :Person ;
    pred:Date ""2025-05-02"" ;
    pred:SessionName ""IV (VT)"" ;
    pred:Identification ""3"" ;
    pred:Situation ""3"" ;
    pred:Background_history ""2"" ;
    pred:Background_examination ""-1"" ;
    pred:Assessment ""3"" ;
    pred:Recommendation_clear_recommendation ""2"" ;
    pred:Recommendation_global_rating_scale ""3"" ;
    pred:Comments ""Good"" .

Answer: 3

@prefix : <http://example.org/survey#> .
@prefix pred: <http://example.org/predicate#> .

# Questions
:QDate pred:Text ""What is the date of the session? [Open-ended]"" .
:QSessionName pred:Text ""What is the name of the session? [Open-ended]"" .
:QIdentification pred:Text ""Identification of self, role, and patient. [Rubric: 0 = Requires direct prompting, 1 = Introduces themselves but only after a hint, 2 = Introduces themselves but information is incomplete, 3 = Introduces themselves and information is complete]"" .
:QSituation pred:Text ""Identifies the main problem(s). [Rubric: 0 = Unable to identify the main problem(s), 1 = Identifies the main problem(s) after extended prompting, 2 = Identifies the main problem(s) with fewer prompts needed, 3 = Identifies and prioritizes the main problem(s) unprompted]"" .
:QBackground_history pred:Text ""Gives appropriate history. [Rubric: 0 = History is unstructured or non-relevant, 1 = Relevant history but frequent clarification needed, 2 = Relevant history with few further questions needed, 3 = Comprehensive focused history]"" .
:QBackground_examination pred:Text ""Gives appropriate examination/observations. [Rubric: 0 = Observations are omitted or irrelevant, 1 = Observations reported but frequent clarification needed, 2 = Observations reported with few further questions needed, 3 = Comprehensive focused examination/observations]"" .
:QAssessment pred:Text ""Makes logical assessment (correlates problem, history, exam, context). [Rubric: 0 = No logical assessment, 1 = Assessment only after extended questioning, 2 = Assessment after minimal questioning, 3 = Comprehensive logical assessment without questioning]"" .
:QRecommendation_clear_recommendation pred:Text ""Makes a clear recommendation. [Rubric: 0 = No recommendation, 1 = Clear recommendation only after extended questioning, 2 = Clear recommendation after minimal questioning, 3 = Clear comprehensive recommendation without questioning]"" .
:QRecommendation_global_rating_scale pred:Text ""Global Rating Scale (GRS) - How confident am I that I received an accurate picture of the patient? [Rubric: 0 = Not at all confident, 1 = Confident but required extended questioning, 2 = Confident but required some further questioning, 3 = Confident and required little or no questioning]"" .
:QComments pred:Text ""Comments on the session. [Open-ended]"" .

# Responses
:Respondent22 a :Person ;
    pred:Date ""2025-05-16"" ;
    pred:SessionName ""IV (VT)"" ;
    pred:Identification ""3"" ;
    pred:Situation ""3"" ;
    pred:Background_history ""3"" ;
    pred:Background_examination ""3"" ;
    pred:Assessment ""2"" ;
    pred:Recommendation_clear_recommendation ""2"" ;
    pred:Recommendation_global_rating_scale ""3"" ;
    pred:Comments ""Clear communication skills
Good"" .

:Respondent21 a :Person ;
    pred:Date ""2025-05-16"" ;
    pred:SessionName ""II (Anaphylaxsis)"" ;
    pred:Identification ""3"" ;
    pred:Situation ""3"" ;
    pred:Background_history ""2"" ;
    pred:Background_examination ""2"" ;
    pred:Assessment ""2"" ;
    pred:Recommendation_clear_recommendation ""3"" ;
    pred:Recommendation_global_rating_scale ""2"" ;
    pred:Comments ""Overall a bit unclear communication reflected"" .

:Respondent3 a :Person ;
    pred:Date ""2025-03-14"" ;
    pred:SessionName ""IV-Hypoglycemia"" ;
    pred:Identification ""3"" ;
    pred:Situation ""3"" ;
    pred:Background_history ""2"" ;
    pred:Background_examination ""2"" ;
    pred:Assessment ""3"" ;
    pred:Recommendation_clear_recommendation ""1"" ;
    pred:Recommendation_global_rating_scale ""1"" ;
    pred:Comments ""Time: (2:36-2:53)
Late response for considering consultation"" .

:Respondent23 a :Person ;
    pred:Date ""2025-05-16"" ;
    pred:SessionName ""I (Myocardial infarction)"" ;
    pred:Identification ""3"" ;
    pred:Situation ""2"" ;
    pred:Background_history ""3"" ;
    pred:Background_examination ""1"" ;
    pred:Assessment ""2"" ;
    pred:Recommendation_clear_recommendation ""3"" ;
    pred:Recommendation_global_rating_scale ""3"" ;
    pred:Comments ""Diagnostic clarity is present
Good and early assessment of condition is done"" .

:Respondent8 a :Person ;
    pred:Date ""2025-04-04"" ;
    pred:SessionName ""IV (AF)"" ;
    pred:Identification ""3"" ;
    pred:Situation ""3"" ;
    pred:Background_history ""3"" ;
    pred:Background_examination ""3"" ;
    pred:Assessment ""3"" ;
    pred:Recommendation_clear_recommendation ""3"" ;
    pred:Recommendation_global_rating_scale ""3"" ;
    pred:Comments ""Clear communication and handover"" .

:Respondent2 a :Person ;
    pred:Date ""2025-03-14"" ;
    pred:SessionName ""II-Anaphylaxsis"" ;
    pred:Identification ""3"" ;
    pred:Situation ""3"" ;
    pred:Background_history ""2"" ;
    pred:Background_examination ""2"" ;
    pred:Assessment ""3"" ;
    pred:Recommendation_clear_recommendation ""3"" ;
    pred:Recommendation_global_rating_scale ""3"" ;
    pred:Comments ""Time: (11:43-11:58)
Talking to registrav could not summarize the condition of patient very clearly
DID: Sepsis I Anaphylaxsis given by team"" .

You are a meticulous data analyst AI. Your primary function is to accurately analyze structured data and provide precise, verifiable answers.

You will be given a dataset with two key parts:

A 'questions' section: This is your data dictionary or schema. It is the single source of truth for understanding what each field and score means. Refer to it carefully.

A 'responses' section: This contains the raw data from each individual respondent.

To answer the question correctly, you must first use the 'questions' schema to fully understand the context and meaning of the data points within the 'responses'. Do not rely on any prior knowledge outside of this provided data. Base your entire analysis on the information given.

Provide your final answer directly and concisely. Output must be the human-readable value, not an option code.

Rules:
- For MCQ fields, map any letter codes in the Responses (case-insensitive) to the corresponding option text from the Questions schema, and output only that text. Do NOT include the letter or both.
  Example: If the schema is ""[MCQ: A. Abnormal B. Inconclusive C. Normal]"" and the response is ""a"", output ""Abnormal"".
- For open-ended fields, output the exact text value.
- If the question asks for a count, provide only the number (e.g., ""42"").
- If the question asks for a list of names or IDs, provide a simple comma-separated list (e.g., ""17, 21, 23"").
- Preserve capitalization exactly as in the schema (e.g., output ""Abnormal"", not ""abnormal"" or ""A"").

How many respondents have Comments containing the word Good?",2,True
case_50,conceptual_aggregation,How many respondents have Comments containing the word Good?,"@prefix : <http://example.org/survey#> .
@prefix pred: <http://example.org/predicate#> .

# Questions
:QDate pred:Text ""What is the date of the session? [Open-ended]"" .
:QSessionName pred:Text ""What is the name of the session? [Open-ended]"" .
:QIdentification pred:Text ""Identification of self, role, and patient. [Rubric: 0 = Requires direct prompting, 1 = Introduces themselves but only after a hint, 2 = Introduces themselves but information is incomplete, 3 = Introduces themselves and information is complete]"" .
:QSituation pred:Text ""Identifies the main problem(s). [Rubric: 0 = Unable to identify the main problem(s), 1 = Identifies the main problem(s) after extended prompting, 2 = Identifies the main problem(s) with fewer prompts needed, 3 = Identifies and prioritizes the main problem(s) unprompted]"" .
:QBackground_history pred:Text ""Gives appropriate history. [Rubric: 0 = History is unstructured or non-relevant, 1 = Relevant history but frequent clarification needed, 2 = Relevant history with few further questions needed, 3 = Comprehensive focused history]"" .
:QBackground_examination pred:Text ""Gives appropriate examination/observations. [Rubric: 0 = Observations are omitted or irrelevant, 1 = Observations reported but frequent clarification needed, 2 = Observations reported with few further questions needed, 3 = Comprehensive focused examination/observations]"" .
:QAssessment pred:Text ""Makes logical assessment (correlates problem, history, exam, context). [Rubric: 0 = No logical assessment, 1 = Assessment only after extended questioning, 2 = Assessment after minimal questioning, 3 = Comprehensive logical assessment without questioning]"" .
:QRecommendation_clear_recommendation pred:Text ""Makes a clear recommendation. [Rubric: 0 = No recommendation, 1 = Clear recommendation only after extended questioning, 2 = Clear recommendation after minimal questioning, 3 = Clear comprehensive recommendation without questioning]"" .
:QRecommendation_global_rating_scale pred:Text ""Global Rating Scale (GRS) - How confident am I that I received an accurate picture of the patient? [Rubric: 0 = Not at all confident, 1 = Confident but required extended questioning, 2 = Confident but required some further questioning, 3 = Confident and required little or no questioning]"" .
:QComments pred:Text ""Comments on the session. [Open-ended]"" .

# Responses
:Respondent12 a :Person ;
    pred:Date ""2025-05-02"" ;
    pred:SessionName ""IV (VT)"" ;
    pred:Identification ""3"" ;
    pred:Situation ""3"" ;
    pred:Background_history ""2"" ;
    pred:Background_examination ""-1"" ;
    pred:Assessment ""3"" ;
    pred:Recommendation_clear_recommendation ""2"" ;
    pred:Recommendation_global_rating_scale ""3"" ;
    pred:Comments ""Good"" .

:Respondent10 a :Person ;
    pred:Date ""2025-05-02"" ;
    pred:SessionName ""III (Sepsis)"" ;
    pred:Identification ""3"" ;
    pred:Situation ""3"" ;
    pred:Background_history ""3"" ;
    pred:Background_examination ""2"" ;
    pred:Assessment ""2"" ;
    pred:Recommendation_clear_recommendation ""2"" ;
    pred:Recommendation_global_rating_scale ""3"" ;
    pred:Comments ""Clear communication during handover
Good"" .

:Respondent7 a :Person ;
    pred:Date ""2025-04-04"" ;
    pred:SessionName ""II (Anaphylactic Shock)"" ;
    pred:Identification ""3"" ;
    pred:Situation ""2"" ;
    pred:Background_history ""3"" ;
    pred:Background_examination ""3"" ;
    pred:Assessment ""2"" ;
    pred:Recommendation_clear_recommendation ""2"" ;
    pred:Recommendation_global_rating_scale ""3"" ;
    pred:Comments """" .

",2,"How many respondents have Identification score of 3?

DATA:

@prefix : <http://example.org/survey#> .
@prefix pred: <http://example.org/predicate#> .

# Questions
:QDate pred:Text ""What is the date of the session? [Open-ended]"" .
:QSessionName pred:Text ""What is the name of the session? [Open-ended]"" .
:QIdentification pred:Text ""Identification of self, role, and patient. [Rubric: 0 = Requires direct prompting, 1 = Introduces themselves but only after a hint, 2 = Introduces themselves but information is incomplete, 3 = Introduces themselves and information is complete]"" .
:QSituation pred:Text ""Identifies the main problem(s). [Rubric: 0 = Unable to identify the main problem(s), 1 = Identifies the main problem(s) after extended prompting, 2 = Identifies the main problem(s) with fewer prompts needed, 3 = Identifies and prioritizes the main problem(s) unprompted]"" .
:QBackground_history pred:Text ""Gives appropriate history. [Rubric: 0 = History is unstructured or non-relevant, 1 = Relevant history but frequent clarification needed, 2 = Relevant history with few further questions needed, 3 = Comprehensive focused history]"" .
:QBackground_examination pred:Text ""Gives appropriate examination/observations. [Rubric: 0 = Observations are omitted or irrelevant, 1 = Observations reported but frequent clarification needed, 2 = Observations reported with few further questions needed, 3 = Comprehensive focused examination/observations]"" .
:QAssessment pred:Text ""Makes logical assessment (correlates problem, history, exam, context). [Rubric: 0 = No logical assessment, 1 = Assessment only after extended questioning, 2 = Assessment after minimal questioning, 3 = Comprehensive logical assessment without questioning]"" .
:QRecommendation_clear_recommendation pred:Text ""Makes a clear recommendation. [Rubric: 0 = No recommendation, 1 = Clear recommendation only after extended questioning, 2 = Clear recommendation after minimal questioning, 3 = Clear comprehensive recommendation without questioning]"" .
:QRecommendation_global_rating_scale pred:Text ""Global Rating Scale (GRS) - How confident am I that I received an accurate picture of the patient? [Rubric: 0 = Not at all confident, 1 = Confident but required extended questioning, 2 = Confident but required some further questioning, 3 = Confident and required little or no questioning]"" .
:QComments pred:Text ""Comments on the session. [Open-ended]"" .

# Responses
:Respondent2 a :Person ;
    pred:Date ""2025-03-14"" ;
    pred:SessionName ""II-Anaphylaxsis"" ;
    pred:Identification ""3"" ;
    pred:Situation ""3"" ;
    pred:Background_history ""2"" ;
    pred:Background_examination ""2"" ;
    pred:Assessment ""3"" ;
    pred:Recommendation_clear_recommendation ""3"" ;
    pred:Recommendation_global_rating_scale ""3"" ;
    pred:Comments ""Time: (11:43-11:58)
Talking to registrav could not summarize the condition of patient very clearly
DID: Sepsis I Anaphylaxsis given by team"" .

:Respondent17 a :Person ;
    pred:Date ""2025-05-04"" ;
    pred:SessionName ""IV - VT"" ;
    pred:Identification ""3"" ;
    pred:Situation ""3"" ;
    pred:Background_history ""2"" ;
    pred:Background_examination ""2"" ;
    pred:Assessment ""3"" ;
    pred:Recommendation_clear_recommendation ""2"" ;
    pred:Recommendation_global_rating_scale ""2"" ;
    pred:Comments ""Not very concise or clear communication
Satisfactory"" .

:Respondent3 a :Person ;
    pred:Date ""2025-03-14"" ;
    pred:SessionName ""IV-Hypoglycemia"" ;
    pred:Identification ""3"" ;
    pred:Situation ""3"" ;
    pred:Background_history ""2"" ;
    pred:Background_examination ""2"" ;
    pred:Assessment ""3"" ;
    pred:Recommendation_clear_recommendation ""1"" ;
    pred:Recommendation_global_rating_scale ""1"" ;
    pred:Comments ""Time: (2:36-2:53)
Late response for considering consultation"" .

:Respondent12 a :Person ;
    pred:Date ""2025-05-02"" ;
    pred:SessionName ""IV (VT)"" ;
    pred:Identification ""3"" ;
    pred:Situation ""3"" ;
    pred:Background_history ""2"" ;
    pred:Background_examination ""-1"" ;
    pred:Assessment ""3"" ;
    pred:Recommendation_clear_recommendation ""2"" ;
    pred:Recommendation_global_rating_scale ""3"" ;
    pred:Comments ""Good"" .

Answer: 3

@prefix : <http://example.org/survey#> .
@prefix pred: <http://example.org/predicate#> .

# Questions
:QDate pred:Text ""What is the date of the session? [Open-ended]"" .
:QSessionName pred:Text ""What is the name of the session? [Open-ended]"" .
:QIdentification pred:Text ""Identification of self, role, and patient. [Rubric: 0 = Requires direct prompting, 1 = Introduces themselves but only after a hint, 2 = Introduces themselves but information is incomplete, 3 = Introduces themselves and information is complete]"" .
:QSituation pred:Text ""Identifies the main problem(s). [Rubric: 0 = Unable to identify the main problem(s), 1 = Identifies the main problem(s) after extended prompting, 2 = Identifies the main problem(s) with fewer prompts needed, 3 = Identifies and prioritizes the main problem(s) unprompted]"" .
:QBackground_history pred:Text ""Gives appropriate history. [Rubric: 0 = History is unstructured or non-relevant, 1 = Relevant history but frequent clarification needed, 2 = Relevant history with few further questions needed, 3 = Comprehensive focused history]"" .
:QBackground_examination pred:Text ""Gives appropriate examination/observations. [Rubric: 0 = Observations are omitted or irrelevant, 1 = Observations reported but frequent clarification needed, 2 = Observations reported with few further questions needed, 3 = Comprehensive focused examination/observations]"" .
:QAssessment pred:Text ""Makes logical assessment (correlates problem, history, exam, context). [Rubric: 0 = No logical assessment, 1 = Assessment only after extended questioning, 2 = Assessment after minimal questioning, 3 = Comprehensive logical assessment without questioning]"" .
:QRecommendation_clear_recommendation pred:Text ""Makes a clear recommendation. [Rubric: 0 = No recommendation, 1 = Clear recommendation only after extended questioning, 2 = Clear recommendation after minimal questioning, 3 = Clear comprehensive recommendation without questioning]"" .
:QRecommendation_global_rating_scale pred:Text ""Global Rating Scale (GRS) - How confident am I that I received an accurate picture of the patient? [Rubric: 0 = Not at all confident, 1 = Confident but required extended questioning, 2 = Confident but required some further questioning, 3 = Confident and required little or no questioning]"" .
:QComments pred:Text ""Comments on the session. [Open-ended]"" .

# Responses
:Respondent12 a :Person ;
    pred:Date ""2025-05-02"" ;
    pred:SessionName ""IV (VT)"" ;
    pred:Identification ""3"" ;
    pred:Situation ""3"" ;
    pred:Background_history ""2"" ;
    pred:Background_examination ""-1"" ;
    pred:Assessment ""3"" ;
    pred:Recommendation_clear_recommendation ""2"" ;
    pred:Recommendation_global_rating_scale ""3"" ;
    pred:Comments ""Good"" .

:Respondent10 a :Person ;
    pred:Date ""2025-05-02"" ;
    pred:SessionName ""III (Sepsis)"" ;
    pred:Identification ""3"" ;
    pred:Situation ""3"" ;
    pred:Background_history ""3"" ;
    pred:Background_examination ""2"" ;
    pred:Assessment ""2"" ;
    pred:Recommendation_clear_recommendation ""2"" ;
    pred:Recommendation_global_rating_scale ""3"" ;
    pred:Comments ""Clear communication during handover
Good"" .

:Respondent7 a :Person ;
    pred:Date ""2025-04-04"" ;
    pred:SessionName ""II (Anaphylactic Shock)"" ;
    pred:Identification ""3"" ;
    pred:Situation ""2"" ;
    pred:Background_history ""3"" ;
    pred:Background_examination ""3"" ;
    pred:Assessment ""2"" ;
    pred:Recommendation_clear_recommendation ""2"" ;
    pred:Recommendation_global_rating_scale ""3"" ;
    pred:Comments """" .

You are a meticulous data analyst AI. Your primary function is to accurately analyze structured data and provide precise, verifiable answers.

You will be given a dataset with two key parts:

A 'questions' section: This is your data dictionary or schema. It is the single source of truth for understanding what each field and score means. Refer to it carefully.

A 'responses' section: This contains the raw data from each individual respondent.

To answer the question correctly, you must first use the 'questions' schema to fully understand the context and meaning of the data points within the 'responses'. Do not rely on any prior knowledge outside of this provided data. Base your entire analysis on the information given.

Provide your final answer directly and concisely. Output must be the human-readable value, not an option code.

Rules:
- For MCQ fields, map any letter codes in the Responses (case-insensitive) to the corresponding option text from the Questions schema, and output only that text. Do NOT include the letter or both.
  Example: If the schema is ""[MCQ: A. Abnormal B. Inconclusive C. Normal]"" and the response is ""a"", output ""Abnormal"".
- For open-ended fields, output the exact text value.
- If the question asks for a count, provide only the number (e.g., ""42"").
- If the question asks for a list of names or IDs, provide a simple comma-separated list (e.g., ""17, 21, 23"").
- Preserve capitalization exactly as in the schema (e.g., output ""Abnormal"", not ""abnormal"" or ""A"").

How many respondents have Comments containing the word Good?",2,True
