case_id,task,question,questionnaire,expected_answer,prompt,Response,Correct
case_2,rule_based_querying,Which respondents scored higher than 2 on 'Recommendation (global rating scale)'?,"""Survey Data
==================================================

Questions:
1. Date: What is the date of the session? [Open-ended]
2. SessionName: What is the name of the session? [Open-ended]
3. Identification: Identification of self, role, and patient. [Rubric: 0 = Requires direct prompting, 1 = Introduces themselves but only after a hint, 2 = Introduces themselves but information is incomplete, 3 = Introduces themselves and information is complete]
4. Situation: Identifies the main problem(s). [Rubric: 0 = Unable to identify the main problem(s), 1 = Identifies the main problem(s) after extended prompting, 2 = Identifies the main problem(s) with fewer prompts needed, 3 = Identifies and prioritizes the main problem(s) unprompted]
5. Background (history): Gives appropriate history. [Rubric: 0 = History is unstructured or non-relevant, 1 = Relevant history but frequent clarification needed, 2 = Relevant history with few further questions needed, 3 = Comprehensive focused history]
6. Background (examination): Gives appropriate examination/observations. [Rubric: 0 = Observations are omitted or irrelevant, 1 = Observations reported but frequent clarification needed, 2 = Observations reported with few further questions needed, 3 = Comprehensive focused examination/observations]
7. Assessment: Makes logical assessment (correlates problem, history, exam, context). [Rubric: 0 = No logical assessment, 1 = Assessment only after extended questioning, 2 = Assessment after minimal questioning, 3 = Comprehensive logical assessment without questioning]
8. Recommendation (clear recommendation): Makes a clear recommendation. [Rubric: 0 = No recommendation, 1 = Clear recommendation only after extended questioning, 2 = Clear recommendation after minimal questioning, 3 = Clear comprehensive recommendation without questioning]
9. Recommendation (global rating scale): Global Rating Scale (GRS) - How confident am I that I received an accurate picture of the patient? [Rubric: 0 = Not at all confident, 1 = Confident but required extended questioning, 2 = Confident but required some further questioning, 3 = Confident and required little or no questioning]
10. Comments: Comments on the session. [Open-ended]

Responses:
--------------------

Respondent 13:
  Date: 2025-03-14
  SessionName: I-VF
  Identification: 3
  Situation: 3
  Background (history): 2
  Background (examination): 1
  Assessment: 2
  Recommendation (clear recommendation): 2
  Recommendation (global rating scale): 2
  Comments: Time: (10:29-10:54)
Ventricular fibrillation (CVS)
Lack of communication btween 2 main interns
Further brief to patient, ask patent concerns

Respondent 8:
  Date: 2025-05-02
  SessionName: III (Sepsis)
  Identification: 3
  Situation: 3
  Background (history): 3
  Background (examination): 2
  Assessment: 2
  Recommendation (clear recommendation): 2
  Recommendation (global rating scale): 3
  Comments: Clear communication during handover
Good

Respondent 9:
  Date: 2025-05-04
  SessionName: II (Anaphylaxsis)
  Identification: 3
  Situation: 3
  Background (history): 2
  Background (examination): 2
  Assessment: 2
  Recommendation (clear recommendation): 3
  Recommendation (global rating scale): 2
  Comments: Overall a bit unclear communication reflected

Respondent 7:
  Date: 2025-03-14
  SessionName: III-Sepsis
  Identification: 3
  Situation: 3
  Background (history): 2
  Background (examination): 3
  Assessment: 2
  Recommendation (clear recommendation): 2
  Recommendation (global rating scale): 2
  Comments: Time: (1:00-1:17)

Respondent 11:
  Date: 2025-04-04
  SessionName: IV (AF)
  Identification: 3
  Situation: 3
  Background (history): 3
  Background (examination): 3
  Assessment: 3
  Recommendation (clear recommendation): 3
  Recommendation (global rating scale): 3
  Comments: Clear communication and handover

Respondent 3:
  Date: 2025-04-04
  SessionName: III-Sepsis
  Identification: 0
  Situation: 2
  Background (history): 3
  Background (examination): 3
  Assessment: 3
  Recommendation (clear recommendation): 3
  Recommendation (global rating scale): 3
  Comments: The patient/simulation is not oriented in TPP.
Clear communication between Reg and colleague during handover

Respondent 15:
  Date: 2025-05-04
  SessionName: III - Sepsis
  Identification: 3
  Situation: 3
  Background (history): 2
  Background (examination): 3
  Assessment: 2
  Recommendation (clear recommendation): 2
  Recommendation (global rating scale): 2
  Comments: Detailed Response - clear communication

""","""['8', '11', '3']""","""<example>
List all respondents from the '(MI)-VT' session whose 'Recommendation (global rating scale)' is exactly 0.

DATA:

Survey Data
==================================================

Questions:
1. Date: What is the date of the session? [Open-ended]
2. SessionName: What is the name of the session? [Open-ended]
3. Identification: Identification of self, role, and patient. [Rubric: 0 = Requires direct prompting, 1 = Introduces themselves but only after a hint, 2 = Introduces themselves but information is incomplete, 3 = Introduces themselves and information is complete]
4. Situation: Identifies the main problem(s). [Rubric: 0 = Unable to identify the main problem(s), 1 = Identifies the main problem(s) after extended prompting, 2 = Identifies the main problem(s) with fewer prompts needed, 3 = Identifies and prioritizes the main problem(s) unprompted]
5. Background (history): Gives appropriate history. [Rubric: 0 = History is unstructured or non-relevant, 1 = Relevant history but frequent clarification needed, 2 = Relevant history with few further questions needed, 3 = Comprehensive focused history]
6. Background (examination): Gives appropriate examination/observations. [Rubric: 0 = Observations are omitted or irrelevant, 1 = Observations reported but frequent clarification needed, 2 = Observations reported with few further questions needed, 3 = Comprehensive focused examination/observations]
7. Assessment: Makes logical assessment (correlates problem, history, exam, context). [Rubric: 0 = No logical assessment, 1 = Assessment only after extended questioning, 2 = Assessment after minimal questioning, 3 = Comprehensive logical assessment without questioning]
8. Recommendation (clear recommendation): Makes a clear recommendation. [Rubric: 0 = No recommendation, 1 = Clear recommendation only after extended questioning, 2 = Clear recommendation after minimal questioning, 3 = Clear comprehensive recommendation without questioning]
9. Recommendation (global rating scale): Global Rating Scale (GRS) - How confident am I that I received an accurate picture of the patient? [Rubric: 0 = Not at all confident, 1 = Confident but required extended questioning, 2 = Confident but required some further questioning, 3 = Confident and required little or no questioning]
10. Comments: Comments on the session. [Open-ended]

Responses:
--------------------

Respondent 13:
  Date: 2025-03-14
  SessionName: I-VF
  Identification: 3
  Situation: 3
  Background (history): 2
  Background (examination): 1
  Assessment: 2
  Recommendation (clear recommendation): 2
  Recommendation (global rating scale): 2
  Comments: Time: (10:29-10:54)
Ventricular fibrillation (CVS)
Lack of communication btween 2 main interns
Further brief to patient, ask patent concerns

Respondent 8:
  Date: 2025-05-02
  SessionName: III (Sepsis)
  Identification: 3
  Situation: 3
  Background (history): 3
  Background (examination): 2
  Assessment: 2
  Recommendation (clear recommendation): 2
  Recommendation (global rating scale): 3
  Comments: Clear communication during handover
Good

Respondent 9:
  Date: 2025-05-04
  SessionName: II (Anaphylaxsis)
  Identification: 3
  Situation: 3
  Background (history): 2
  Background (examination): 2
  Assessment: 2
  Recommendation (clear recommendation): 3
  Recommendation (global rating scale): 2
  Comments: Overall a bit unclear communication reflected

Respondent 7:
  Date: 2025-03-14
  SessionName: III-Sepsis
  Identification: 3
  Situation: 3
  Background (history): 2
  Background (examination): 3
  Assessment: 2
  Recommendation (clear recommendation): 2
  Recommendation (global rating scale): 2
  Comments: Time: (1:00-1:17)

Respondent 11:
  Date: 2025-04-04
  SessionName: IV (AF)
  Identification: 3
  Situation: 3
  Background (history): 3
  Background (examination): 3
  Assessment: 3
  Recommendation (clear recommendation): 3
  Recommendation (global rating scale): 3
  Comments: Clear communication and handover

Respondent 3:
  Date: 2025-04-04
  SessionName: III-Sepsis
  Identification: 0
  Situation: 2
  Background (history): 3
  Background (examination): 3
  Assessment: 3
  Recommendation (clear recommendation): 3
  Recommendation (global rating scale): 3
  Comments: The patient/simulation is not oriented in TPP.
Clear communication between Reg and colleague during handover

Respondent 15:
  Date: 2025-05-04
  SessionName: III - Sepsis
  Identification: 3
  Situation: 3
  Background (history): 2
  Background (examination): 3
  Assessment: 2
  Recommendation (clear recommendation): 2
  Recommendation (global rating scale): 2
  Comments: Detailed Response - clear communication



Answer: []
</example>

<questionnaire>
Survey Data
==================================================

Questions:
1. Date: What is the date of the session? [Open-ended]
2. SessionName: What is the name of the session? [Open-ended]
3. Identification: Identification of self, role, and patient. [Rubric: 0 = Requires direct prompting, 1 = Introduces themselves but only after a hint, 2 = Introduces themselves but information is incomplete, 3 = Introduces themselves and information is complete]
4. Situation: Identifies the main problem(s). [Rubric: 0 = Unable to identify the main problem(s), 1 = Identifies the main problem(s) after extended prompting, 2 = Identifies the main problem(s) with fewer prompts needed, 3 = Identifies and prioritizes the main problem(s) unprompted]
5. Background (history): Gives appropriate history. [Rubric: 0 = History is unstructured or non-relevant, 1 = Relevant history but frequent clarification needed, 2 = Relevant history with few further questions needed, 3 = Comprehensive focused history]
6. Background (examination): Gives appropriate examination/observations. [Rubric: 0 = Observations are omitted or irrelevant, 1 = Observations reported but frequent clarification needed, 2 = Observations reported with few further questions needed, 3 = Comprehensive focused examination/observations]
7. Assessment: Makes logical assessment (correlates problem, history, exam, context). [Rubric: 0 = No logical assessment, 1 = Assessment only after extended questioning, 2 = Assessment after minimal questioning, 3 = Comprehensive logical assessment without questioning]
8. Recommendation (clear recommendation): Makes a clear recommendation. [Rubric: 0 = No recommendation, 1 = Clear recommendation only after extended questioning, 2 = Clear recommendation after minimal questioning, 3 = Clear comprehensive recommendation without questioning]
9. Recommendation (global rating scale): Global Rating Scale (GRS) - How confident am I that I received an accurate picture of the patient? [Rubric: 0 = Not at all confident, 1 = Confident but required extended questioning, 2 = Confident but required some further questioning, 3 = Confident and required little or no questioning]
10. Comments: Comments on the session. [Open-ended]

Responses:
--------------------

Respondent 13:
  Date: 2025-03-14
  SessionName: I-VF
  Identification: 3
  Situation: 3
  Background (history): 2
  Background (examination): 1
  Assessment: 2
  Recommendation (clear recommendation): 2
  Recommendation (global rating scale): 2
  Comments: Time: (10:29-10:54)
Ventricular fibrillation (CVS)
Lack of communication btween 2 main interns
Further brief to patient, ask patent concerns

Respondent 8:
  Date: 2025-05-02
  SessionName: III (Sepsis)
  Identification: 3
  Situation: 3
  Background (history): 3
  Background (examination): 2
  Assessment: 2
  Recommendation (clear recommendation): 2
  Recommendation (global rating scale): 3
  Comments: Clear communication during handover
Good

Respondent 9:
  Date: 2025-05-04
  SessionName: II (Anaphylaxsis)
  Identification: 3
  Situation: 3
  Background (history): 2
  Background (examination): 2
  Assessment: 2
  Recommendation (clear recommendation): 3
  Recommendation (global rating scale): 2
  Comments: Overall a bit unclear communication reflected

Respondent 7:
  Date: 2025-03-14
  SessionName: III-Sepsis
  Identification: 3
  Situation: 3
  Background (history): 2
  Background (examination): 3
  Assessment: 2
  Recommendation (clear recommendation): 2
  Recommendation (global rating scale): 2
  Comments: Time: (1:00-1:17)

Respondent 11:
  Date: 2025-04-04
  SessionName: IV (AF)
  Identification: 3
  Situation: 3
  Background (history): 3
  Background (examination): 3
  Assessment: 3
  Recommendation (clear recommendation): 3
  Recommendation (global rating scale): 3
  Comments: Clear communication and handover

Respondent 3:
  Date: 2025-04-04
  SessionName: III-Sepsis
  Identification: 0
  Situation: 2
  Background (history): 3
  Background (examination): 3
  Assessment: 3
  Recommendation (clear recommendation): 3
  Recommendation (global rating scale): 3
  Comments: The patient/simulation is not oriented in TPP.
Clear communication between Reg and colleague during handover

Respondent 15:
  Date: 2025-05-04
  SessionName: III - Sepsis
  Identification: 3
  Situation: 3
  Background (history): 2
  Background (examination): 3
  Assessment: 2
  Recommendation (clear recommendation): 2
  Recommendation (global rating scale): 2
  Comments: Detailed Response - clear communication


</questionnaire>

You are a meticulous data analyst AI. Your primary function is to accurately analyze structured data and provide precise, verifiable answers.

You will be given a dataset with two key parts:

A 'questions' section: This is your data dictionary or schema. It is the single source of truth for understanding what each field and score means. Refer to it carefully.

A 'responses' section: This contains the raw data from each individual respondent.

To answer the question correctly, you must first use the 'questions' schema to fully understand the context and meaning of the data points within the 'responses'. Do not rely on any prior knowledge outside of this provided data. Base your entire analysis on the information given.

Provide your final answer directly and concisely. Output must be the human-readable value, not an option code.

Rules:
- For MCQ fields, map any letter codes in the Responses (case-insensitive) to the corresponding option text from the Questions schema, and output only that text. Do NOT include the letter or both.
  Example: If the schema is """"[MCQ: A. Abnormal B. Inconclusive C. Normal]"""" and the response is """"a"""", output """"Abnormal"""".
- For open-ended fields, output the exact text value.
- If the question asks for a count, provide only the number (e.g., """"42"""").
- If the question asks for a list of names or IDs, provide a simple comma-separated list (e.g., """"17, 21, 23"""").
- Preserve capitalization exactly as in the schema (e.g., output """"Abnormal"""", not """"abnormal"""" or """"A"""").

<task>
Which respondents scored higher than 2 on 'Recommendation (global rating scale)'?
</task>""","8, 11, 3",False
case_3,rule_based_querying,Find all respondents whose 'Recommendation (clear recommendation)' score is between 0 and 2.,"""Survey Data
==================================================

Questions:
1. Date: What is the date of the session? [Open-ended]
2. SessionName: What is the name of the session? [Open-ended]
3. Identification: Identification of self, role, and patient. [Rubric: 0 = Requires direct prompting, 1 = Introduces themselves but only after a hint, 2 = Introduces themselves but information is incomplete, 3 = Introduces themselves and information is complete]
4. Situation: Identifies the main problem(s). [Rubric: 0 = Unable to identify the main problem(s), 1 = Identifies the main problem(s) after extended prompting, 2 = Identifies the main problem(s) with fewer prompts needed, 3 = Identifies and prioritizes the main problem(s) unprompted]
5. Background (history): Gives appropriate history. [Rubric: 0 = History is unstructured or non-relevant, 1 = Relevant history but frequent clarification needed, 2 = Relevant history with few further questions needed, 3 = Comprehensive focused history]
6. Background (examination): Gives appropriate examination/observations. [Rubric: 0 = Observations are omitted or irrelevant, 1 = Observations reported but frequent clarification needed, 2 = Observations reported with few further questions needed, 3 = Comprehensive focused examination/observations]
7. Assessment: Makes logical assessment (correlates problem, history, exam, context). [Rubric: 0 = No logical assessment, 1 = Assessment only after extended questioning, 2 = Assessment after minimal questioning, 3 = Comprehensive logical assessment without questioning]
8. Recommendation (clear recommendation): Makes a clear recommendation. [Rubric: 0 = No recommendation, 1 = Clear recommendation only after extended questioning, 2 = Clear recommendation after minimal questioning, 3 = Clear comprehensive recommendation without questioning]
9. Recommendation (global rating scale): Global Rating Scale (GRS) - How confident am I that I received an accurate picture of the patient? [Rubric: 0 = Not at all confident, 1 = Confident but required extended questioning, 2 = Confident but required some further questioning, 3 = Confident and required little or no questioning]
10. Comments: Comments on the session. [Open-ended]

Responses:
--------------------

Respondent 3:
  Date: 2025-04-04
  SessionName: III-Sepsis
  Identification: 0
  Situation: 2
  Background (history): 3
  Background (examination): 3
  Assessment: 3
  Recommendation (clear recommendation): 3
  Recommendation (global rating scale): 3
  Comments: The patient/simulation is not oriented in TPP.
Clear communication between Reg and colleague during handover

Respondent 18:
  Date: 2025-05-04
  SessionName: IV - VT
  Identification: 3
  Situation: 3
  Background (history): 2
  Background (examination): 2
  Assessment: 3
  Recommendation (clear recommendation): 2
  Recommendation (global rating scale): 2
  Comments: Not very concise or clear communication
Satisfactory

Respondent 7:
  Date: 2025-03-14
  SessionName: III-Sepsis
  Identification: 3
  Situation: 3
  Background (history): 2
  Background (examination): 3
  Assessment: 2
  Recommendation (clear recommendation): 2
  Recommendation (global rating scale): 2
  Comments: Time: (1:00-1:17)

Respondent 2:
  Date: 2025-04-04
  SessionName: MI
  Identification: 3
  Situation: 3
  Background (history): 2
  Background (examination): 3
  Assessment: 3
  Recommendation (clear recommendation): 2
  Recommendation (global rating scale): 1
  Comments: 

Respondent 9:
  Date: 2025-05-04
  SessionName: II (Anaphylaxsis)
  Identification: 3
  Situation: 3
  Background (history): 2
  Background (examination): 2
  Assessment: 2
  Recommendation (clear recommendation): 3
  Recommendation (global rating scale): 2
  Comments: Overall a bit unclear communication reflected

Respondent 13:
  Date: 2025-03-14
  SessionName: I-VF
  Identification: 3
  Situation: 3
  Background (history): 2
  Background (examination): 1
  Assessment: 2
  Recommendation (clear recommendation): 2
  Recommendation (global rating scale): 2
  Comments: Time: (10:29-10:54)
Ventricular fibrillation (CVS)
Lack of communication btween 2 main interns
Further brief to patient, ask patent concerns

Respondent 20:
  Date: 2025-05-02
  SessionName: IV (VT)
  Identification: 3
  Situation: 3
  Background (history): 2
  Background (examination): -1
  Assessment: 3
  Recommendation (clear recommendation): 2
  Recommendation (global rating scale): 3
  Comments: Good

Respondent 23:
  Date: 2025-03-14
  SessionName: II-Anaphylaxsis
  Identification: 3
  Situation: 3
  Background (history): 2
  Background (examination): 2
  Assessment: 3
  Recommendation (clear recommendation): 3
  Recommendation (global rating scale): 3
  Comments: Time: (11:43-11:58)
Talking to registrav could not summarize the condition of patient very clearly
DID: Sepsis I Anaphylaxsis given by team

Respondent 4:
  Date: 2025-05-16
  SessionName: III (Sepsis)
  Identification: 3
  Situation: 3
  Background (history): 3
  Background (examination): 2
  Assessment: 2
  Recommendation (clear recommendation): 2
  Recommendation (global rating scale): 2
  Comments: Clinical handover and communication skills, satisfactory
No panic, no arrest team
Satisfactory

Respondent 22:
  Date: 2025-05-16
  SessionName: IV (VT)
  Identification: 3
  Situation: 3
  Background (history): 3
  Background (examination): 3
  Assessment: 2
  Recommendation (clear recommendation): 2
  Recommendation (global rating scale): 3
  Comments: Clear communication skills
Good

""","""['18', '7', '2', '13', '20', '4', '22']""","""<example>
List all respondents from the '(MI)-VT' session whose 'Recommendation (global rating scale)' is exactly 0.

DATA:

Survey Data
==================================================

Questions:
1. Date: What is the date of the session? [Open-ended]
2. SessionName: What is the name of the session? [Open-ended]
3. Identification: Identification of self, role, and patient. [Rubric: 0 = Requires direct prompting, 1 = Introduces themselves but only after a hint, 2 = Introduces themselves but information is incomplete, 3 = Introduces themselves and information is complete]
4. Situation: Identifies the main problem(s). [Rubric: 0 = Unable to identify the main problem(s), 1 = Identifies the main problem(s) after extended prompting, 2 = Identifies the main problem(s) with fewer prompts needed, 3 = Identifies and prioritizes the main problem(s) unprompted]
5. Background (history): Gives appropriate history. [Rubric: 0 = History is unstructured or non-relevant, 1 = Relevant history but frequent clarification needed, 2 = Relevant history with few further questions needed, 3 = Comprehensive focused history]
6. Background (examination): Gives appropriate examination/observations. [Rubric: 0 = Observations are omitted or irrelevant, 1 = Observations reported but frequent clarification needed, 2 = Observations reported with few further questions needed, 3 = Comprehensive focused examination/observations]
7. Assessment: Makes logical assessment (correlates problem, history, exam, context). [Rubric: 0 = No logical assessment, 1 = Assessment only after extended questioning, 2 = Assessment after minimal questioning, 3 = Comprehensive logical assessment without questioning]
8. Recommendation (clear recommendation): Makes a clear recommendation. [Rubric: 0 = No recommendation, 1 = Clear recommendation only after extended questioning, 2 = Clear recommendation after minimal questioning, 3 = Clear comprehensive recommendation without questioning]
9. Recommendation (global rating scale): Global Rating Scale (GRS) - How confident am I that I received an accurate picture of the patient? [Rubric: 0 = Not at all confident, 1 = Confident but required extended questioning, 2 = Confident but required some further questioning, 3 = Confident and required little or no questioning]
10. Comments: Comments on the session. [Open-ended]

Responses:
--------------------

Respondent 3:
  Date: 2025-04-04
  SessionName: III-Sepsis
  Identification: 0
  Situation: 2
  Background (history): 3
  Background (examination): 3
  Assessment: 3
  Recommendation (clear recommendation): 3
  Recommendation (global rating scale): 3
  Comments: The patient/simulation is not oriented in TPP.
Clear communication between Reg and colleague during handover

Respondent 18:
  Date: 2025-05-04
  SessionName: IV - VT
  Identification: 3
  Situation: 3
  Background (history): 2
  Background (examination): 2
  Assessment: 3
  Recommendation (clear recommendation): 2
  Recommendation (global rating scale): 2
  Comments: Not very concise or clear communication
Satisfactory

Respondent 7:
  Date: 2025-03-14
  SessionName: III-Sepsis
  Identification: 3
  Situation: 3
  Background (history): 2
  Background (examination): 3
  Assessment: 2
  Recommendation (clear recommendation): 2
  Recommendation (global rating scale): 2
  Comments: Time: (1:00-1:17)

Respondent 2:
  Date: 2025-04-04
  SessionName: MI
  Identification: 3
  Situation: 3
  Background (history): 2
  Background (examination): 3
  Assessment: 3
  Recommendation (clear recommendation): 2
  Recommendation (global rating scale): 1
  Comments: 

Respondent 9:
  Date: 2025-05-04
  SessionName: II (Anaphylaxsis)
  Identification: 3
  Situation: 3
  Background (history): 2
  Background (examination): 2
  Assessment: 2
  Recommendation (clear recommendation): 3
  Recommendation (global rating scale): 2
  Comments: Overall a bit unclear communication reflected

Respondent 13:
  Date: 2025-03-14
  SessionName: I-VF
  Identification: 3
  Situation: 3
  Background (history): 2
  Background (examination): 1
  Assessment: 2
  Recommendation (clear recommendation): 2
  Recommendation (global rating scale): 2
  Comments: Time: (10:29-10:54)
Ventricular fibrillation (CVS)
Lack of communication btween 2 main interns
Further brief to patient, ask patent concerns

Respondent 20:
  Date: 2025-05-02
  SessionName: IV (VT)
  Identification: 3
  Situation: 3
  Background (history): 2
  Background (examination): -1
  Assessment: 3
  Recommendation (clear recommendation): 2
  Recommendation (global rating scale): 3
  Comments: Good

Respondent 23:
  Date: 2025-03-14
  SessionName: II-Anaphylaxsis
  Identification: 3
  Situation: 3
  Background (history): 2
  Background (examination): 2
  Assessment: 3
  Recommendation (clear recommendation): 3
  Recommendation (global rating scale): 3
  Comments: Time: (11:43-11:58)
Talking to registrav could not summarize the condition of patient very clearly
DID: Sepsis I Anaphylaxsis given by team

Respondent 4:
  Date: 2025-05-16
  SessionName: III (Sepsis)
  Identification: 3
  Situation: 3
  Background (history): 3
  Background (examination): 2
  Assessment: 2
  Recommendation (clear recommendation): 2
  Recommendation (global rating scale): 2
  Comments: Clinical handover and communication skills, satisfactory
No panic, no arrest team
Satisfactory

Respondent 22:
  Date: 2025-05-16
  SessionName: IV (VT)
  Identification: 3
  Situation: 3
  Background (history): 3
  Background (examination): 3
  Assessment: 2
  Recommendation (clear recommendation): 2
  Recommendation (global rating scale): 3
  Comments: Clear communication skills
Good



Answer: []
</example>

<questionnaire>
Survey Data
==================================================

Questions:
1. Date: What is the date of the session? [Open-ended]
2. SessionName: What is the name of the session? [Open-ended]
3. Identification: Identification of self, role, and patient. [Rubric: 0 = Requires direct prompting, 1 = Introduces themselves but only after a hint, 2 = Introduces themselves but information is incomplete, 3 = Introduces themselves and information is complete]
4. Situation: Identifies the main problem(s). [Rubric: 0 = Unable to identify the main problem(s), 1 = Identifies the main problem(s) after extended prompting, 2 = Identifies the main problem(s) with fewer prompts needed, 3 = Identifies and prioritizes the main problem(s) unprompted]
5. Background (history): Gives appropriate history. [Rubric: 0 = History is unstructured or non-relevant, 1 = Relevant history but frequent clarification needed, 2 = Relevant history with few further questions needed, 3 = Comprehensive focused history]
6. Background (examination): Gives appropriate examination/observations. [Rubric: 0 = Observations are omitted or irrelevant, 1 = Observations reported but frequent clarification needed, 2 = Observations reported with few further questions needed, 3 = Comprehensive focused examination/observations]
7. Assessment: Makes logical assessment (correlates problem, history, exam, context). [Rubric: 0 = No logical assessment, 1 = Assessment only after extended questioning, 2 = Assessment after minimal questioning, 3 = Comprehensive logical assessment without questioning]
8. Recommendation (clear recommendation): Makes a clear recommendation. [Rubric: 0 = No recommendation, 1 = Clear recommendation only after extended questioning, 2 = Clear recommendation after minimal questioning, 3 = Clear comprehensive recommendation without questioning]
9. Recommendation (global rating scale): Global Rating Scale (GRS) - How confident am I that I received an accurate picture of the patient? [Rubric: 0 = Not at all confident, 1 = Confident but required extended questioning, 2 = Confident but required some further questioning, 3 = Confident and required little or no questioning]
10. Comments: Comments on the session. [Open-ended]

Responses:
--------------------

Respondent 3:
  Date: 2025-04-04
  SessionName: III-Sepsis
  Identification: 0
  Situation: 2
  Background (history): 3
  Background (examination): 3
  Assessment: 3
  Recommendation (clear recommendation): 3
  Recommendation (global rating scale): 3
  Comments: The patient/simulation is not oriented in TPP.
Clear communication between Reg and colleague during handover

Respondent 18:
  Date: 2025-05-04
  SessionName: IV - VT
  Identification: 3
  Situation: 3
  Background (history): 2
  Background (examination): 2
  Assessment: 3
  Recommendation (clear recommendation): 2
  Recommendation (global rating scale): 2
  Comments: Not very concise or clear communication
Satisfactory

Respondent 7:
  Date: 2025-03-14
  SessionName: III-Sepsis
  Identification: 3
  Situation: 3
  Background (history): 2
  Background (examination): 3
  Assessment: 2
  Recommendation (clear recommendation): 2
  Recommendation (global rating scale): 2
  Comments: Time: (1:00-1:17)

Respondent 2:
  Date: 2025-04-04
  SessionName: MI
  Identification: 3
  Situation: 3
  Background (history): 2
  Background (examination): 3
  Assessment: 3
  Recommendation (clear recommendation): 2
  Recommendation (global rating scale): 1
  Comments: 

Respondent 9:
  Date: 2025-05-04
  SessionName: II (Anaphylaxsis)
  Identification: 3
  Situation: 3
  Background (history): 2
  Background (examination): 2
  Assessment: 2
  Recommendation (clear recommendation): 3
  Recommendation (global rating scale): 2
  Comments: Overall a bit unclear communication reflected

Respondent 13:
  Date: 2025-03-14
  SessionName: I-VF
  Identification: 3
  Situation: 3
  Background (history): 2
  Background (examination): 1
  Assessment: 2
  Recommendation (clear recommendation): 2
  Recommendation (global rating scale): 2
  Comments: Time: (10:29-10:54)
Ventricular fibrillation (CVS)
Lack of communication btween 2 main interns
Further brief to patient, ask patent concerns

Respondent 20:
  Date: 2025-05-02
  SessionName: IV (VT)
  Identification: 3
  Situation: 3
  Background (history): 2
  Background (examination): -1
  Assessment: 3
  Recommendation (clear recommendation): 2
  Recommendation (global rating scale): 3
  Comments: Good

Respondent 23:
  Date: 2025-03-14
  SessionName: II-Anaphylaxsis
  Identification: 3
  Situation: 3
  Background (history): 2
  Background (examination): 2
  Assessment: 3
  Recommendation (clear recommendation): 3
  Recommendation (global rating scale): 3
  Comments: Time: (11:43-11:58)
Talking to registrav could not summarize the condition of patient very clearly
DID: Sepsis I Anaphylaxsis given by team

Respondent 4:
  Date: 2025-05-16
  SessionName: III (Sepsis)
  Identification: 3
  Situation: 3
  Background (history): 3
  Background (examination): 2
  Assessment: 2
  Recommendation (clear recommendation): 2
  Recommendation (global rating scale): 2
  Comments: Clinical handover and communication skills, satisfactory
No panic, no arrest team
Satisfactory

Respondent 22:
  Date: 2025-05-16
  SessionName: IV (VT)
  Identification: 3
  Situation: 3
  Background (history): 3
  Background (examination): 3
  Assessment: 2
  Recommendation (clear recommendation): 2
  Recommendation (global rating scale): 3
  Comments: Clear communication skills
Good


</questionnaire>

You are a meticulous data analyst AI. Your primary function is to accurately analyze structured data and provide precise, verifiable answers.

You will be given a dataset with two key parts:

A 'questions' section: This is your data dictionary or schema. It is the single source of truth for understanding what each field and score means. Refer to it carefully.

A 'responses' section: This contains the raw data from each individual respondent.

To answer the question correctly, you must first use the 'questions' schema to fully understand the context and meaning of the data points within the 'responses'. Do not rely on any prior knowledge outside of this provided data. Base your entire analysis on the information given.

Provide your final answer directly and concisely. Output must be the human-readable value, not an option code.

Rules:
- For MCQ fields, map any letter codes in the Responses (case-insensitive) to the corresponding option text from the Questions schema, and output only that text. Do NOT include the letter or both.
  Example: If the schema is """"[MCQ: A. Abnormal B. Inconclusive C. Normal]"""" and the response is """"a"""", output """"Abnormal"""".
- For open-ended fields, output the exact text value.
- If the question asks for a count, provide only the number (e.g., """"42"""").
- If the question asks for a list of names or IDs, provide a simple comma-separated list (e.g., """"17, 21, 23"""").
- Preserve capitalization exactly as in the schema (e.g., output """"Abnormal"""", not """"abnormal"""" or """"A"""").

<task>
Find all respondents whose 'Recommendation (clear recommendation)' score is between 0 and 2.
</task>""","2, 4, 7, 13, 18, 20, 22",False
case_4,rule_based_querying,List all respondents from the '(MI)-VT' session whose 'Identification' is exactly 0.,"""Survey Data
==================================================

Questions:
1. Date: What is the date of the session? [Open-ended]
2. SessionName: What is the name of the session? [Open-ended]
3. Identification: Identification of self, role, and patient. [Rubric: 0 = Requires direct prompting, 1 = Introduces themselves but only after a hint, 2 = Introduces themselves but information is incomplete, 3 = Introduces themselves and information is complete]
4. Situation: Identifies the main problem(s). [Rubric: 0 = Unable to identify the main problem(s), 1 = Identifies the main problem(s) after extended prompting, 2 = Identifies the main problem(s) with fewer prompts needed, 3 = Identifies and prioritizes the main problem(s) unprompted]
5. Background (history): Gives appropriate history. [Rubric: 0 = History is unstructured or non-relevant, 1 = Relevant history but frequent clarification needed, 2 = Relevant history with few further questions needed, 3 = Comprehensive focused history]
6. Background (examination): Gives appropriate examination/observations. [Rubric: 0 = Observations are omitted or irrelevant, 1 = Observations reported but frequent clarification needed, 2 = Observations reported with few further questions needed, 3 = Comprehensive focused examination/observations]
7. Assessment: Makes logical assessment (correlates problem, history, exam, context). [Rubric: 0 = No logical assessment, 1 = Assessment only after extended questioning, 2 = Assessment after minimal questioning, 3 = Comprehensive logical assessment without questioning]
8. Recommendation (clear recommendation): Makes a clear recommendation. [Rubric: 0 = No recommendation, 1 = Clear recommendation only after extended questioning, 2 = Clear recommendation after minimal questioning, 3 = Clear comprehensive recommendation without questioning]
9. Recommendation (global rating scale): Global Rating Scale (GRS) - How confident am I that I received an accurate picture of the patient? [Rubric: 0 = Not at all confident, 1 = Confident but required extended questioning, 2 = Confident but required some further questioning, 3 = Confident and required little or no questioning]
10. Comments: Comments on the session. [Open-ended]

Responses:
--------------------

Respondent 16:
  Date: 2025-05-02
  SessionName: I - MI
  Identification: 3
  Situation: 3
  Background (history): 3
  Background (examination): 3
  Assessment: 3
  Recommendation (clear recommendation): 2
  Recommendation (global rating scale): 3
  Comments: Consent denied for video recordings
Satisfactory

Respondent 7:
  Date: 2025-03-14
  SessionName: III-Sepsis
  Identification: 3
  Situation: 3
  Background (history): 2
  Background (examination): 3
  Assessment: 2
  Recommendation (clear recommendation): 2
  Recommendation (global rating scale): 2
  Comments: Time: (1:00-1:17)

Respondent 11:
  Date: 2025-04-04
  SessionName: IV (AF)
  Identification: 3
  Situation: 3
  Background (history): 3
  Background (examination): 3
  Assessment: 3
  Recommendation (clear recommendation): 3
  Recommendation (global rating scale): 3
  Comments: Clear communication and handover

Respondent 10:
  Date: 2025-03-14
  SessionName: (MI)-VT
  Identification: 2
  Situation: 2
  Background (history): 2
  Background (examination): 2
  Assessment: 2
  Recommendation (clear recommendation): 2
  Recommendation (global rating scale): 2
  Comments: Time: (15:53-16:14)

Respondent 1:
  Date: 2025-05-02
  SessionName: V (Hypoglycemia)
  Identification: -1
  Situation: 2
  Background (history): 2
  Background (examination): 2
  Assessment: 3
  Recommendation (clear recommendation): 2
  Recommendation (global rating scale): 2
  Comments: Satisfactory

Respondent 22:
  Date: 2025-05-16
  SessionName: IV (VT)
  Identification: 3
  Situation: 3
  Background (history): 3
  Background (examination): 3
  Assessment: 2
  Recommendation (clear recommendation): 2
  Recommendation (global rating scale): 3
  Comments: Clear communication skills
Good

Respondent 18:
  Date: 2025-05-04
  SessionName: IV - VT
  Identification: 3
  Situation: 3
  Background (history): 2
  Background (examination): 2
  Assessment: 3
  Recommendation (clear recommendation): 2
  Recommendation (global rating scale): 2
  Comments: Not very concise or clear communication
Satisfactory

Respondent 4:
  Date: 2025-05-16
  SessionName: III (Sepsis)
  Identification: 3
  Situation: 3
  Background (history): 3
  Background (examination): 2
  Assessment: 2
  Recommendation (clear recommendation): 2
  Recommendation (global rating scale): 2
  Comments: Clinical handover and communication skills, satisfactory
No panic, no arrest team
Satisfactory

""",[],"""<example>
List all respondents from the '(MI)-VT' session whose 'Recommendation (global rating scale)' is exactly 0.

DATA:

Survey Data
==================================================

Questions:
1. Date: What is the date of the session? [Open-ended]
2. SessionName: What is the name of the session? [Open-ended]
3. Identification: Identification of self, role, and patient. [Rubric: 0 = Requires direct prompting, 1 = Introduces themselves but only after a hint, 2 = Introduces themselves but information is incomplete, 3 = Introduces themselves and information is complete]
4. Situation: Identifies the main problem(s). [Rubric: 0 = Unable to identify the main problem(s), 1 = Identifies the main problem(s) after extended prompting, 2 = Identifies the main problem(s) with fewer prompts needed, 3 = Identifies and prioritizes the main problem(s) unprompted]
5. Background (history): Gives appropriate history. [Rubric: 0 = History is unstructured or non-relevant, 1 = Relevant history but frequent clarification needed, 2 = Relevant history with few further questions needed, 3 = Comprehensive focused history]
6. Background (examination): Gives appropriate examination/observations. [Rubric: 0 = Observations are omitted or irrelevant, 1 = Observations reported but frequent clarification needed, 2 = Observations reported with few further questions needed, 3 = Comprehensive focused examination/observations]
7. Assessment: Makes logical assessment (correlates problem, history, exam, context). [Rubric: 0 = No logical assessment, 1 = Assessment only after extended questioning, 2 = Assessment after minimal questioning, 3 = Comprehensive logical assessment without questioning]
8. Recommendation (clear recommendation): Makes a clear recommendation. [Rubric: 0 = No recommendation, 1 = Clear recommendation only after extended questioning, 2 = Clear recommendation after minimal questioning, 3 = Clear comprehensive recommendation without questioning]
9. Recommendation (global rating scale): Global Rating Scale (GRS) - How confident am I that I received an accurate picture of the patient? [Rubric: 0 = Not at all confident, 1 = Confident but required extended questioning, 2 = Confident but required some further questioning, 3 = Confident and required little or no questioning]
10. Comments: Comments on the session. [Open-ended]

Responses:
--------------------

Respondent 16:
  Date: 2025-05-02
  SessionName: I - MI
  Identification: 3
  Situation: 3
  Background (history): 3
  Background (examination): 3
  Assessment: 3
  Recommendation (clear recommendation): 2
  Recommendation (global rating scale): 3
  Comments: Consent denied for video recordings
Satisfactory

Respondent 7:
  Date: 2025-03-14
  SessionName: III-Sepsis
  Identification: 3
  Situation: 3
  Background (history): 2
  Background (examination): 3
  Assessment: 2
  Recommendation (clear recommendation): 2
  Recommendation (global rating scale): 2
  Comments: Time: (1:00-1:17)

Respondent 11:
  Date: 2025-04-04
  SessionName: IV (AF)
  Identification: 3
  Situation: 3
  Background (history): 3
  Background (examination): 3
  Assessment: 3
  Recommendation (clear recommendation): 3
  Recommendation (global rating scale): 3
  Comments: Clear communication and handover

Respondent 10:
  Date: 2025-03-14
  SessionName: (MI)-VT
  Identification: 2
  Situation: 2
  Background (history): 2
  Background (examination): 2
  Assessment: 2
  Recommendation (clear recommendation): 2
  Recommendation (global rating scale): 2
  Comments: Time: (15:53-16:14)

Respondent 1:
  Date: 2025-05-02
  SessionName: V (Hypoglycemia)
  Identification: -1
  Situation: 2
  Background (history): 2
  Background (examination): 2
  Assessment: 3
  Recommendation (clear recommendation): 2
  Recommendation (global rating scale): 2
  Comments: Satisfactory

Respondent 22:
  Date: 2025-05-16
  SessionName: IV (VT)
  Identification: 3
  Situation: 3
  Background (history): 3
  Background (examination): 3
  Assessment: 2
  Recommendation (clear recommendation): 2
  Recommendation (global rating scale): 3
  Comments: Clear communication skills
Good

Respondent 18:
  Date: 2025-05-04
  SessionName: IV - VT
  Identification: 3
  Situation: 3
  Background (history): 2
  Background (examination): 2
  Assessment: 3
  Recommendation (clear recommendation): 2
  Recommendation (global rating scale): 2
  Comments: Not very concise or clear communication
Satisfactory

Respondent 4:
  Date: 2025-05-16
  SessionName: III (Sepsis)
  Identification: 3
  Situation: 3
  Background (history): 3
  Background (examination): 2
  Assessment: 2
  Recommendation (clear recommendation): 2
  Recommendation (global rating scale): 2
  Comments: Clinical handover and communication skills, satisfactory
No panic, no arrest team
Satisfactory



Answer: []
</example>

<questionnaire>
Survey Data
==================================================

Questions:
1. Date: What is the date of the session? [Open-ended]
2. SessionName: What is the name of the session? [Open-ended]
3. Identification: Identification of self, role, and patient. [Rubric: 0 = Requires direct prompting, 1 = Introduces themselves but only after a hint, 2 = Introduces themselves but information is incomplete, 3 = Introduces themselves and information is complete]
4. Situation: Identifies the main problem(s). [Rubric: 0 = Unable to identify the main problem(s), 1 = Identifies the main problem(s) after extended prompting, 2 = Identifies the main problem(s) with fewer prompts needed, 3 = Identifies and prioritizes the main problem(s) unprompted]
5. Background (history): Gives appropriate history. [Rubric: 0 = History is unstructured or non-relevant, 1 = Relevant history but frequent clarification needed, 2 = Relevant history with few further questions needed, 3 = Comprehensive focused history]
6. Background (examination): Gives appropriate examination/observations. [Rubric: 0 = Observations are omitted or irrelevant, 1 = Observations reported but frequent clarification needed, 2 = Observations reported with few further questions needed, 3 = Comprehensive focused examination/observations]
7. Assessment: Makes logical assessment (correlates problem, history, exam, context). [Rubric: 0 = No logical assessment, 1 = Assessment only after extended questioning, 2 = Assessment after minimal questioning, 3 = Comprehensive logical assessment without questioning]
8. Recommendation (clear recommendation): Makes a clear recommendation. [Rubric: 0 = No recommendation, 1 = Clear recommendation only after extended questioning, 2 = Clear recommendation after minimal questioning, 3 = Clear comprehensive recommendation without questioning]
9. Recommendation (global rating scale): Global Rating Scale (GRS) - How confident am I that I received an accurate picture of the patient? [Rubric: 0 = Not at all confident, 1 = Confident but required extended questioning, 2 = Confident but required some further questioning, 3 = Confident and required little or no questioning]
10. Comments: Comments on the session. [Open-ended]

Responses:
--------------------

Respondent 16:
  Date: 2025-05-02
  SessionName: I - MI
  Identification: 3
  Situation: 3
  Background (history): 3
  Background (examination): 3
  Assessment: 3
  Recommendation (clear recommendation): 2
  Recommendation (global rating scale): 3
  Comments: Consent denied for video recordings
Satisfactory

Respondent 7:
  Date: 2025-03-14
  SessionName: III-Sepsis
  Identification: 3
  Situation: 3
  Background (history): 2
  Background (examination): 3
  Assessment: 2
  Recommendation (clear recommendation): 2
  Recommendation (global rating scale): 2
  Comments: Time: (1:00-1:17)

Respondent 11:
  Date: 2025-04-04
  SessionName: IV (AF)
  Identification: 3
  Situation: 3
  Background (history): 3
  Background (examination): 3
  Assessment: 3
  Recommendation (clear recommendation): 3
  Recommendation (global rating scale): 3
  Comments: Clear communication and handover

Respondent 10:
  Date: 2025-03-14
  SessionName: (MI)-VT
  Identification: 2
  Situation: 2
  Background (history): 2
  Background (examination): 2
  Assessment: 2
  Recommendation (clear recommendation): 2
  Recommendation (global rating scale): 2
  Comments: Time: (15:53-16:14)

Respondent 1:
  Date: 2025-05-02
  SessionName: V (Hypoglycemia)
  Identification: -1
  Situation: 2
  Background (history): 2
  Background (examination): 2
  Assessment: 3
  Recommendation (clear recommendation): 2
  Recommendation (global rating scale): 2
  Comments: Satisfactory

Respondent 22:
  Date: 2025-05-16
  SessionName: IV (VT)
  Identification: 3
  Situation: 3
  Background (history): 3
  Background (examination): 3
  Assessment: 2
  Recommendation (clear recommendation): 2
  Recommendation (global rating scale): 3
  Comments: Clear communication skills
Good

Respondent 18:
  Date: 2025-05-04
  SessionName: IV - VT
  Identification: 3
  Situation: 3
  Background (history): 2
  Background (examination): 2
  Assessment: 3
  Recommendation (clear recommendation): 2
  Recommendation (global rating scale): 2
  Comments: Not very concise or clear communication
Satisfactory

Respondent 4:
  Date: 2025-05-16
  SessionName: III (Sepsis)
  Identification: 3
  Situation: 3
  Background (history): 3
  Background (examination): 2
  Assessment: 2
  Recommendation (clear recommendation): 2
  Recommendation (global rating scale): 2
  Comments: Clinical handover and communication skills, satisfactory
No panic, no arrest team
Satisfactory


</questionnaire>

You are a meticulous data analyst AI. Your primary function is to accurately analyze structured data and provide precise, verifiable answers.

You will be given a dataset with two key parts:

A 'questions' section: This is your data dictionary or schema. It is the single source of truth for understanding what each field and score means. Refer to it carefully.

A 'responses' section: This contains the raw data from each individual respondent.

To answer the question correctly, you must first use the 'questions' schema to fully understand the context and meaning of the data points within the 'responses'. Do not rely on any prior knowledge outside of this provided data. Base your entire analysis on the information given.

Provide your final answer directly and concisely. Output must be the human-readable value, not an option code.

Rules:
- For MCQ fields, map any letter codes in the Responses (case-insensitive) to the corresponding option text from the Questions schema, and output only that text. Do NOT include the letter or both.
  Example: If the schema is """"[MCQ: A. Abnormal B. Inconclusive C. Normal]"""" and the response is """"a"""", output """"Abnormal"""".
- For open-ended fields, output the exact text value.
- If the question asks for a count, provide only the number (e.g., """"42"""").
- If the question asks for a list of names or IDs, provide a simple comma-separated list (e.g., """"17, 21, 23"""").
- Preserve capitalization exactly as in the schema (e.g., output """"Abnormal"""", not """"abnormal"""" or """"A"""").

<task>
List all respondents from the '(MI)-VT' session whose 'Identification' is exactly 0.
</task>""",[],True
case_5,rule_based_querying,List all respondents from the '(MI)-VT' session whose 'Identification' is exactly 2.,"""Survey Data
==================================================

Questions:
1. Date: What is the date of the session? [Open-ended]
2. SessionName: What is the name of the session? [Open-ended]
3. Identification: Identification of self, role, and patient. [Rubric: 0 = Requires direct prompting, 1 = Introduces themselves but only after a hint, 2 = Introduces themselves but information is incomplete, 3 = Introduces themselves and information is complete]
4. Situation: Identifies the main problem(s). [Rubric: 0 = Unable to identify the main problem(s), 1 = Identifies the main problem(s) after extended prompting, 2 = Identifies the main problem(s) with fewer prompts needed, 3 = Identifies and prioritizes the main problem(s) unprompted]
5. Background (history): Gives appropriate history. [Rubric: 0 = History is unstructured or non-relevant, 1 = Relevant history but frequent clarification needed, 2 = Relevant history with few further questions needed, 3 = Comprehensive focused history]
6. Background (examination): Gives appropriate examination/observations. [Rubric: 0 = Observations are omitted or irrelevant, 1 = Observations reported but frequent clarification needed, 2 = Observations reported with few further questions needed, 3 = Comprehensive focused examination/observations]
7. Assessment: Makes logical assessment (correlates problem, history, exam, context). [Rubric: 0 = No logical assessment, 1 = Assessment only after extended questioning, 2 = Assessment after minimal questioning, 3 = Comprehensive logical assessment without questioning]
8. Recommendation (clear recommendation): Makes a clear recommendation. [Rubric: 0 = No recommendation, 1 = Clear recommendation only after extended questioning, 2 = Clear recommendation after minimal questioning, 3 = Clear comprehensive recommendation without questioning]
9. Recommendation (global rating scale): Global Rating Scale (GRS) - How confident am I that I received an accurate picture of the patient? [Rubric: 0 = Not at all confident, 1 = Confident but required extended questioning, 2 = Confident but required some further questioning, 3 = Confident and required little or no questioning]
10. Comments: Comments on the session. [Open-ended]

Responses:
--------------------

Respondent 8:
  Date: 2025-05-02
  SessionName: III (Sepsis)
  Identification: 3
  Situation: 3
  Background (history): 3
  Background (examination): 2
  Assessment: 2
  Recommendation (clear recommendation): 2
  Recommendation (global rating scale): 3
  Comments: Clear communication during handover
Good

Respondent 20:
  Date: 2025-05-02
  SessionName: IV (VT)
  Identification: 3
  Situation: 3
  Background (history): 2
  Background (examination): -1
  Assessment: 3
  Recommendation (clear recommendation): 2
  Recommendation (global rating scale): 3
  Comments: Good

Respondent 7:
  Date: 2025-03-14
  SessionName: III-Sepsis
  Identification: 3
  Situation: 3
  Background (history): 2
  Background (examination): 3
  Assessment: 2
  Recommendation (clear recommendation): 2
  Recommendation (global rating scale): 2
  Comments: Time: (1:00-1:17)

Respondent 13:
  Date: 2025-03-14
  SessionName: I-VF
  Identification: 3
  Situation: 3
  Background (history): 2
  Background (examination): 1
  Assessment: 2
  Recommendation (clear recommendation): 2
  Recommendation (global rating scale): 2
  Comments: Time: (10:29-10:54)
Ventricular fibrillation (CVS)
Lack of communication btween 2 main interns
Further brief to patient, ask patent concerns

Respondent 23:
  Date: 2025-03-14
  SessionName: II-Anaphylaxsis
  Identification: 3
  Situation: 3
  Background (history): 2
  Background (examination): 2
  Assessment: 3
  Recommendation (clear recommendation): 3
  Recommendation (global rating scale): 3
  Comments: Time: (11:43-11:58)
Talking to registrav could not summarize the condition of patient very clearly
DID: Sepsis I Anaphylaxsis given by team

Respondent 18:
  Date: 2025-05-04
  SessionName: IV - VT
  Identification: 3
  Situation: 3
  Background (history): 2
  Background (examination): 2
  Assessment: 3
  Recommendation (clear recommendation): 2
  Recommendation (global rating scale): 2
  Comments: Not very concise or clear communication
Satisfactory

Respondent 11:
  Date: 2025-04-04
  SessionName: IV (AF)
  Identification: 3
  Situation: 3
  Background (history): 3
  Background (examination): 3
  Assessment: 3
  Recommendation (clear recommendation): 3
  Recommendation (global rating scale): 3
  Comments: Clear communication and handover

Respondent 10:
  Date: 2025-03-14
  SessionName: (MI)-VT
  Identification: 2
  Situation: 2
  Background (history): 2
  Background (examination): 2
  Assessment: 2
  Recommendation (clear recommendation): 2
  Recommendation (global rating scale): 2
  Comments: Time: (15:53-16:14)

Respondent 21:
  Date: 2025-05-16
  SessionName: I (Myocardial infarction)
  Identification: 3
  Situation: 2
  Background (history): 3
  Background (examination): 1
  Assessment: 2
  Recommendation (clear recommendation): 3
  Recommendation (global rating scale): 3
  Comments: Diagnostic clarity is present
Good and early assessment of condition is done

Respondent 19:
  Date: 2025-05-16
  SessionName: I - MI
  Identification: 3
  Situation: 3
  Background (history): 3
  Background (examination): 3
  Assessment: 2
  Recommendation (clear recommendation): 3
  Recommendation (global rating scale): 3
  Comments: Wrong CPR position
Clarity is a bit low over whole case scenario
Satisfactory

Respondent 9:
  Date: 2025-05-04
  SessionName: II (Anaphylaxsis)
  Identification: 3
  Situation: 3
  Background (history): 2
  Background (examination): 2
  Assessment: 2
  Recommendation (clear recommendation): 3
  Recommendation (global rating scale): 2
  Comments: Overall a bit unclear communication reflected

Respondent 17:
  Date: 2025-05-04
  SessionName: V (Hypoglycemia)
  Identification: 3
  Situation: 3
  Background (history): 3
  Background (examination): 3
  Assessment: 3
  Recommendation (clear recommendation): 3
  Recommendation (global rating scale): 2
  Comments: Concise - clear
Satisfactory

""",['10'],"""<example>
List all respondents from the '(MI)-VT' session whose 'Recommendation (global rating scale)' is exactly 0.

DATA:

Survey Data
==================================================

Questions:
1. Date: What is the date of the session? [Open-ended]
2. SessionName: What is the name of the session? [Open-ended]
3. Identification: Identification of self, role, and patient. [Rubric: 0 = Requires direct prompting, 1 = Introduces themselves but only after a hint, 2 = Introduces themselves but information is incomplete, 3 = Introduces themselves and information is complete]
4. Situation: Identifies the main problem(s). [Rubric: 0 = Unable to identify the main problem(s), 1 = Identifies the main problem(s) after extended prompting, 2 = Identifies the main problem(s) with fewer prompts needed, 3 = Identifies and prioritizes the main problem(s) unprompted]
5. Background (history): Gives appropriate history. [Rubric: 0 = History is unstructured or non-relevant, 1 = Relevant history but frequent clarification needed, 2 = Relevant history with few further questions needed, 3 = Comprehensive focused history]
6. Background (examination): Gives appropriate examination/observations. [Rubric: 0 = Observations are omitted or irrelevant, 1 = Observations reported but frequent clarification needed, 2 = Observations reported with few further questions needed, 3 = Comprehensive focused examination/observations]
7. Assessment: Makes logical assessment (correlates problem, history, exam, context). [Rubric: 0 = No logical assessment, 1 = Assessment only after extended questioning, 2 = Assessment after minimal questioning, 3 = Comprehensive logical assessment without questioning]
8. Recommendation (clear recommendation): Makes a clear recommendation. [Rubric: 0 = No recommendation, 1 = Clear recommendation only after extended questioning, 2 = Clear recommendation after minimal questioning, 3 = Clear comprehensive recommendation without questioning]
9. Recommendation (global rating scale): Global Rating Scale (GRS) - How confident am I that I received an accurate picture of the patient? [Rubric: 0 = Not at all confident, 1 = Confident but required extended questioning, 2 = Confident but required some further questioning, 3 = Confident and required little or no questioning]
10. Comments: Comments on the session. [Open-ended]

Responses:
--------------------

Respondent 8:
  Date: 2025-05-02
  SessionName: III (Sepsis)
  Identification: 3
  Situation: 3
  Background (history): 3
  Background (examination): 2
  Assessment: 2
  Recommendation (clear recommendation): 2
  Recommendation (global rating scale): 3
  Comments: Clear communication during handover
Good

Respondent 20:
  Date: 2025-05-02
  SessionName: IV (VT)
  Identification: 3
  Situation: 3
  Background (history): 2
  Background (examination): -1
  Assessment: 3
  Recommendation (clear recommendation): 2
  Recommendation (global rating scale): 3
  Comments: Good

Respondent 7:
  Date: 2025-03-14
  SessionName: III-Sepsis
  Identification: 3
  Situation: 3
  Background (history): 2
  Background (examination): 3
  Assessment: 2
  Recommendation (clear recommendation): 2
  Recommendation (global rating scale): 2
  Comments: Time: (1:00-1:17)

Respondent 13:
  Date: 2025-03-14
  SessionName: I-VF
  Identification: 3
  Situation: 3
  Background (history): 2
  Background (examination): 1
  Assessment: 2
  Recommendation (clear recommendation): 2
  Recommendation (global rating scale): 2
  Comments: Time: (10:29-10:54)
Ventricular fibrillation (CVS)
Lack of communication btween 2 main interns
Further brief to patient, ask patent concerns

Respondent 23:
  Date: 2025-03-14
  SessionName: II-Anaphylaxsis
  Identification: 3
  Situation: 3
  Background (history): 2
  Background (examination): 2
  Assessment: 3
  Recommendation (clear recommendation): 3
  Recommendation (global rating scale): 3
  Comments: Time: (11:43-11:58)
Talking to registrav could not summarize the condition of patient very clearly
DID: Sepsis I Anaphylaxsis given by team

Respondent 18:
  Date: 2025-05-04
  SessionName: IV - VT
  Identification: 3
  Situation: 3
  Background (history): 2
  Background (examination): 2
  Assessment: 3
  Recommendation (clear recommendation): 2
  Recommendation (global rating scale): 2
  Comments: Not very concise or clear communication
Satisfactory

Respondent 11:
  Date: 2025-04-04
  SessionName: IV (AF)
  Identification: 3
  Situation: 3
  Background (history): 3
  Background (examination): 3
  Assessment: 3
  Recommendation (clear recommendation): 3
  Recommendation (global rating scale): 3
  Comments: Clear communication and handover

Respondent 10:
  Date: 2025-03-14
  SessionName: (MI)-VT
  Identification: 2
  Situation: 2
  Background (history): 2
  Background (examination): 2
  Assessment: 2
  Recommendation (clear recommendation): 2
  Recommendation (global rating scale): 2
  Comments: Time: (15:53-16:14)

Respondent 21:
  Date: 2025-05-16
  SessionName: I (Myocardial infarction)
  Identification: 3
  Situation: 2
  Background (history): 3
  Background (examination): 1
  Assessment: 2
  Recommendation (clear recommendation): 3
  Recommendation (global rating scale): 3
  Comments: Diagnostic clarity is present
Good and early assessment of condition is done

Respondent 19:
  Date: 2025-05-16
  SessionName: I - MI
  Identification: 3
  Situation: 3
  Background (history): 3
  Background (examination): 3
  Assessment: 2
  Recommendation (clear recommendation): 3
  Recommendation (global rating scale): 3
  Comments: Wrong CPR position
Clarity is a bit low over whole case scenario
Satisfactory

Respondent 9:
  Date: 2025-05-04
  SessionName: II (Anaphylaxsis)
  Identification: 3
  Situation: 3
  Background (history): 2
  Background (examination): 2
  Assessment: 2
  Recommendation (clear recommendation): 3
  Recommendation (global rating scale): 2
  Comments: Overall a bit unclear communication reflected

Respondent 17:
  Date: 2025-05-04
  SessionName: V (Hypoglycemia)
  Identification: 3
  Situation: 3
  Background (history): 3
  Background (examination): 3
  Assessment: 3
  Recommendation (clear recommendation): 3
  Recommendation (global rating scale): 2
  Comments: Concise - clear
Satisfactory



Answer: []
</example>

<questionnaire>
Survey Data
==================================================

Questions:
1. Date: What is the date of the session? [Open-ended]
2. SessionName: What is the name of the session? [Open-ended]
3. Identification: Identification of self, role, and patient. [Rubric: 0 = Requires direct prompting, 1 = Introduces themselves but only after a hint, 2 = Introduces themselves but information is incomplete, 3 = Introduces themselves and information is complete]
4. Situation: Identifies the main problem(s). [Rubric: 0 = Unable to identify the main problem(s), 1 = Identifies the main problem(s) after extended prompting, 2 = Identifies the main problem(s) with fewer prompts needed, 3 = Identifies and prioritizes the main problem(s) unprompted]
5. Background (history): Gives appropriate history. [Rubric: 0 = History is unstructured or non-relevant, 1 = Relevant history but frequent clarification needed, 2 = Relevant history with few further questions needed, 3 = Comprehensive focused history]
6. Background (examination): Gives appropriate examination/observations. [Rubric: 0 = Observations are omitted or irrelevant, 1 = Observations reported but frequent clarification needed, 2 = Observations reported with few further questions needed, 3 = Comprehensive focused examination/observations]
7. Assessment: Makes logical assessment (correlates problem, history, exam, context). [Rubric: 0 = No logical assessment, 1 = Assessment only after extended questioning, 2 = Assessment after minimal questioning, 3 = Comprehensive logical assessment without questioning]
8. Recommendation (clear recommendation): Makes a clear recommendation. [Rubric: 0 = No recommendation, 1 = Clear recommendation only after extended questioning, 2 = Clear recommendation after minimal questioning, 3 = Clear comprehensive recommendation without questioning]
9. Recommendation (global rating scale): Global Rating Scale (GRS) - How confident am I that I received an accurate picture of the patient? [Rubric: 0 = Not at all confident, 1 = Confident but required extended questioning, 2 = Confident but required some further questioning, 3 = Confident and required little or no questioning]
10. Comments: Comments on the session. [Open-ended]

Responses:
--------------------

Respondent 8:
  Date: 2025-05-02
  SessionName: III (Sepsis)
  Identification: 3
  Situation: 3
  Background (history): 3
  Background (examination): 2
  Assessment: 2
  Recommendation (clear recommendation): 2
  Recommendation (global rating scale): 3
  Comments: Clear communication during handover
Good

Respondent 20:
  Date: 2025-05-02
  SessionName: IV (VT)
  Identification: 3
  Situation: 3
  Background (history): 2
  Background (examination): -1
  Assessment: 3
  Recommendation (clear recommendation): 2
  Recommendation (global rating scale): 3
  Comments: Good

Respondent 7:
  Date: 2025-03-14
  SessionName: III-Sepsis
  Identification: 3
  Situation: 3
  Background (history): 2
  Background (examination): 3
  Assessment: 2
  Recommendation (clear recommendation): 2
  Recommendation (global rating scale): 2
  Comments: Time: (1:00-1:17)

Respondent 13:
  Date: 2025-03-14
  SessionName: I-VF
  Identification: 3
  Situation: 3
  Background (history): 2
  Background (examination): 1
  Assessment: 2
  Recommendation (clear recommendation): 2
  Recommendation (global rating scale): 2
  Comments: Time: (10:29-10:54)
Ventricular fibrillation (CVS)
Lack of communication btween 2 main interns
Further brief to patient, ask patent concerns

Respondent 23:
  Date: 2025-03-14
  SessionName: II-Anaphylaxsis
  Identification: 3
  Situation: 3
  Background (history): 2
  Background (examination): 2
  Assessment: 3
  Recommendation (clear recommendation): 3
  Recommendation (global rating scale): 3
  Comments: Time: (11:43-11:58)
Talking to registrav could not summarize the condition of patient very clearly
DID: Sepsis I Anaphylaxsis given by team

Respondent 18:
  Date: 2025-05-04
  SessionName: IV - VT
  Identification: 3
  Situation: 3
  Background (history): 2
  Background (examination): 2
  Assessment: 3
  Recommendation (clear recommendation): 2
  Recommendation (global rating scale): 2
  Comments: Not very concise or clear communication
Satisfactory

Respondent 11:
  Date: 2025-04-04
  SessionName: IV (AF)
  Identification: 3
  Situation: 3
  Background (history): 3
  Background (examination): 3
  Assessment: 3
  Recommendation (clear recommendation): 3
  Recommendation (global rating scale): 3
  Comments: Clear communication and handover

Respondent 10:
  Date: 2025-03-14
  SessionName: (MI)-VT
  Identification: 2
  Situation: 2
  Background (history): 2
  Background (examination): 2
  Assessment: 2
  Recommendation (clear recommendation): 2
  Recommendation (global rating scale): 2
  Comments: Time: (15:53-16:14)

Respondent 21:
  Date: 2025-05-16
  SessionName: I (Myocardial infarction)
  Identification: 3
  Situation: 2
  Background (history): 3
  Background (examination): 1
  Assessment: 2
  Recommendation (clear recommendation): 3
  Recommendation (global rating scale): 3
  Comments: Diagnostic clarity is present
Good and early assessment of condition is done

Respondent 19:
  Date: 2025-05-16
  SessionName: I - MI
  Identification: 3
  Situation: 3
  Background (history): 3
  Background (examination): 3
  Assessment: 2
  Recommendation (clear recommendation): 3
  Recommendation (global rating scale): 3
  Comments: Wrong CPR position
Clarity is a bit low over whole case scenario
Satisfactory

Respondent 9:
  Date: 2025-05-04
  SessionName: II (Anaphylaxsis)
  Identification: 3
  Situation: 3
  Background (history): 2
  Background (examination): 2
  Assessment: 2
  Recommendation (clear recommendation): 3
  Recommendation (global rating scale): 2
  Comments: Overall a bit unclear communication reflected

Respondent 17:
  Date: 2025-05-04
  SessionName: V (Hypoglycemia)
  Identification: 3
  Situation: 3
  Background (history): 3
  Background (examination): 3
  Assessment: 3
  Recommendation (clear recommendation): 3
  Recommendation (global rating scale): 2
  Comments: Concise - clear
Satisfactory


</questionnaire>

You are a meticulous data analyst AI. Your primary function is to accurately analyze structured data and provide precise, verifiable answers.

You will be given a dataset with two key parts:

A 'questions' section: This is your data dictionary or schema. It is the single source of truth for understanding what each field and score means. Refer to it carefully.

A 'responses' section: This contains the raw data from each individual respondent.

To answer the question correctly, you must first use the 'questions' schema to fully understand the context and meaning of the data points within the 'responses'. Do not rely on any prior knowledge outside of this provided data. Base your entire analysis on the information given.

Provide your final answer directly and concisely. Output must be the human-readable value, not an option code.

Rules:
- For MCQ fields, map any letter codes in the Responses (case-insensitive) to the corresponding option text from the Questions schema, and output only that text. Do NOT include the letter or both.
  Example: If the schema is """"[MCQ: A. Abnormal B. Inconclusive C. Normal]"""" and the response is """"a"""", output """"Abnormal"""".
- For open-ended fields, output the exact text value.
- If the question asks for a count, provide only the number (e.g., """"42"""").
- If the question asks for a list of names or IDs, provide a simple comma-separated list (e.g., """"17, 21, 23"""").
- Preserve capitalization exactly as in the schema (e.g., output """"Abnormal"""", not """"abnormal"""" or """"A"""").

<task>
List all respondents from the '(MI)-VT' session whose 'Identification' is exactly 2.
</task>""",10,False
case_6,rule_based_querying,List all respondents from the 'III - Sepsis' session whose 'Assessment' is exactly 2.,"""Survey Data
==================================================

Questions:
1. Date: What is the date of the session? [Open-ended]
2. SessionName: What is the name of the session? [Open-ended]
3. Identification: Identification of self, role, and patient. [Rubric: 0 = Requires direct prompting, 1 = Introduces themselves but only after a hint, 2 = Introduces themselves but information is incomplete, 3 = Introduces themselves and information is complete]
4. Situation: Identifies the main problem(s). [Rubric: 0 = Unable to identify the main problem(s), 1 = Identifies the main problem(s) after extended prompting, 2 = Identifies the main problem(s) with fewer prompts needed, 3 = Identifies and prioritizes the main problem(s) unprompted]
5. Background (history): Gives appropriate history. [Rubric: 0 = History is unstructured or non-relevant, 1 = Relevant history but frequent clarification needed, 2 = Relevant history with few further questions needed, 3 = Comprehensive focused history]
6. Background (examination): Gives appropriate examination/observations. [Rubric: 0 = Observations are omitted or irrelevant, 1 = Observations reported but frequent clarification needed, 2 = Observations reported with few further questions needed, 3 = Comprehensive focused examination/observations]
7. Assessment: Makes logical assessment (correlates problem, history, exam, context). [Rubric: 0 = No logical assessment, 1 = Assessment only after extended questioning, 2 = Assessment after minimal questioning, 3 = Comprehensive logical assessment without questioning]
8. Recommendation (clear recommendation): Makes a clear recommendation. [Rubric: 0 = No recommendation, 1 = Clear recommendation only after extended questioning, 2 = Clear recommendation after minimal questioning, 3 = Clear comprehensive recommendation without questioning]
9. Recommendation (global rating scale): Global Rating Scale (GRS) - How confident am I that I received an accurate picture of the patient? [Rubric: 0 = Not at all confident, 1 = Confident but required extended questioning, 2 = Confident but required some further questioning, 3 = Confident and required little or no questioning]
10. Comments: Comments on the session. [Open-ended]

Responses:
--------------------

Respondent 10:
  Date: 2025-03-14
  SessionName: (MI)-VT
  Identification: 2
  Situation: 2
  Background (history): 2
  Background (examination): 2
  Assessment: 2
  Recommendation (clear recommendation): 2
  Recommendation (global rating scale): 2
  Comments: Time: (15:53-16:14)

Respondent 9:
  Date: 2025-05-04
  SessionName: II (Anaphylaxsis)
  Identification: 3
  Situation: 3
  Background (history): 2
  Background (examination): 2
  Assessment: 2
  Recommendation (clear recommendation): 3
  Recommendation (global rating scale): 2
  Comments: Overall a bit unclear communication reflected

Respondent 12:
  Date: 2025-05-02
  SessionName: II (Anaphylaxis)
  Identification: 3
  Situation: 3
  Background (history): 3
  Background (examination): 3
  Assessment: 2
  Recommendation (clear recommendation): 3
  Recommendation (global rating scale): 3
  Comments: Good

Respondent 17:
  Date: 2025-05-04
  SessionName: V (Hypoglycemia)
  Identification: 3
  Situation: 3
  Background (history): 3
  Background (examination): 3
  Assessment: 3
  Recommendation (clear recommendation): 3
  Recommendation (global rating scale): 2
  Comments: Concise - clear
Satisfactory

Respondent 16:
  Date: 2025-05-02
  SessionName: I - MI
  Identification: 3
  Situation: 3
  Background (history): 3
  Background (examination): 3
  Assessment: 3
  Recommendation (clear recommendation): 2
  Recommendation (global rating scale): 3
  Comments: Consent denied for video recordings
Satisfactory

Respondent 15:
  Date: 2025-05-04
  SessionName: III - Sepsis
  Identification: 3
  Situation: 3
  Background (history): 2
  Background (examination): 3
  Assessment: 2
  Recommendation (clear recommendation): 2
  Recommendation (global rating scale): 2
  Comments: Detailed Response - clear communication

Respondent 4:
  Date: 2025-05-16
  SessionName: III (Sepsis)
  Identification: 3
  Situation: 3
  Background (history): 3
  Background (examination): 2
  Assessment: 2
  Recommendation (clear recommendation): 2
  Recommendation (global rating scale): 2
  Comments: Clinical handover and communication skills, satisfactory
No panic, no arrest team
Satisfactory

Respondent 19:
  Date: 2025-05-16
  SessionName: I - MI
  Identification: 3
  Situation: 3
  Background (history): 3
  Background (examination): 3
  Assessment: 2
  Recommendation (clear recommendation): 3
  Recommendation (global rating scale): 3
  Comments: Wrong CPR position
Clarity is a bit low over whole case scenario
Satisfactory

Respondent 13:
  Date: 2025-03-14
  SessionName: I-VF
  Identification: 3
  Situation: 3
  Background (history): 2
  Background (examination): 1
  Assessment: 2
  Recommendation (clear recommendation): 2
  Recommendation (global rating scale): 2
  Comments: Time: (10:29-10:54)
Ventricular fibrillation (CVS)
Lack of communication btween 2 main interns
Further brief to patient, ask patent concerns

Respondent 14:
  Date: 2025-03-14
  SessionName: IV-Hypoglycemia
  Identification: 3
  Situation: 3
  Background (history): 2
  Background (examination): 2
  Assessment: 3
  Recommendation (clear recommendation): 1
  Recommendation (global rating scale): 2
  Comments: Time: (2:36-2:53)
Late response for considering consultation

""",['15'],"""<example>
List all respondents from the '(MI)-VT' session whose 'Recommendation (global rating scale)' is exactly 0.

DATA:

Survey Data
==================================================

Questions:
1. Date: What is the date of the session? [Open-ended]
2. SessionName: What is the name of the session? [Open-ended]
3. Identification: Identification of self, role, and patient. [Rubric: 0 = Requires direct prompting, 1 = Introduces themselves but only after a hint, 2 = Introduces themselves but information is incomplete, 3 = Introduces themselves and information is complete]
4. Situation: Identifies the main problem(s). [Rubric: 0 = Unable to identify the main problem(s), 1 = Identifies the main problem(s) after extended prompting, 2 = Identifies the main problem(s) with fewer prompts needed, 3 = Identifies and prioritizes the main problem(s) unprompted]
5. Background (history): Gives appropriate history. [Rubric: 0 = History is unstructured or non-relevant, 1 = Relevant history but frequent clarification needed, 2 = Relevant history with few further questions needed, 3 = Comprehensive focused history]
6. Background (examination): Gives appropriate examination/observations. [Rubric: 0 = Observations are omitted or irrelevant, 1 = Observations reported but frequent clarification needed, 2 = Observations reported with few further questions needed, 3 = Comprehensive focused examination/observations]
7. Assessment: Makes logical assessment (correlates problem, history, exam, context). [Rubric: 0 = No logical assessment, 1 = Assessment only after extended questioning, 2 = Assessment after minimal questioning, 3 = Comprehensive logical assessment without questioning]
8. Recommendation (clear recommendation): Makes a clear recommendation. [Rubric: 0 = No recommendation, 1 = Clear recommendation only after extended questioning, 2 = Clear recommendation after minimal questioning, 3 = Clear comprehensive recommendation without questioning]
9. Recommendation (global rating scale): Global Rating Scale (GRS) - How confident am I that I received an accurate picture of the patient? [Rubric: 0 = Not at all confident, 1 = Confident but required extended questioning, 2 = Confident but required some further questioning, 3 = Confident and required little or no questioning]
10. Comments: Comments on the session. [Open-ended]

Responses:
--------------------

Respondent 10:
  Date: 2025-03-14
  SessionName: (MI)-VT
  Identification: 2
  Situation: 2
  Background (history): 2
  Background (examination): 2
  Assessment: 2
  Recommendation (clear recommendation): 2
  Recommendation (global rating scale): 2
  Comments: Time: (15:53-16:14)

Respondent 9:
  Date: 2025-05-04
  SessionName: II (Anaphylaxsis)
  Identification: 3
  Situation: 3
  Background (history): 2
  Background (examination): 2
  Assessment: 2
  Recommendation (clear recommendation): 3
  Recommendation (global rating scale): 2
  Comments: Overall a bit unclear communication reflected

Respondent 12:
  Date: 2025-05-02
  SessionName: II (Anaphylaxis)
  Identification: 3
  Situation: 3
  Background (history): 3
  Background (examination): 3
  Assessment: 2
  Recommendation (clear recommendation): 3
  Recommendation (global rating scale): 3
  Comments: Good

Respondent 17:
  Date: 2025-05-04
  SessionName: V (Hypoglycemia)
  Identification: 3
  Situation: 3
  Background (history): 3
  Background (examination): 3
  Assessment: 3
  Recommendation (clear recommendation): 3
  Recommendation (global rating scale): 2
  Comments: Concise - clear
Satisfactory

Respondent 16:
  Date: 2025-05-02
  SessionName: I - MI
  Identification: 3
  Situation: 3
  Background (history): 3
  Background (examination): 3
  Assessment: 3
  Recommendation (clear recommendation): 2
  Recommendation (global rating scale): 3
  Comments: Consent denied for video recordings
Satisfactory

Respondent 15:
  Date: 2025-05-04
  SessionName: III - Sepsis
  Identification: 3
  Situation: 3
  Background (history): 2
  Background (examination): 3
  Assessment: 2
  Recommendation (clear recommendation): 2
  Recommendation (global rating scale): 2
  Comments: Detailed Response - clear communication

Respondent 4:
  Date: 2025-05-16
  SessionName: III (Sepsis)
  Identification: 3
  Situation: 3
  Background (history): 3
  Background (examination): 2
  Assessment: 2
  Recommendation (clear recommendation): 2
  Recommendation (global rating scale): 2
  Comments: Clinical handover and communication skills, satisfactory
No panic, no arrest team
Satisfactory

Respondent 19:
  Date: 2025-05-16
  SessionName: I - MI
  Identification: 3
  Situation: 3
  Background (history): 3
  Background (examination): 3
  Assessment: 2
  Recommendation (clear recommendation): 3
  Recommendation (global rating scale): 3
  Comments: Wrong CPR position
Clarity is a bit low over whole case scenario
Satisfactory

Respondent 13:
  Date: 2025-03-14
  SessionName: I-VF
  Identification: 3
  Situation: 3
  Background (history): 2
  Background (examination): 1
  Assessment: 2
  Recommendation (clear recommendation): 2
  Recommendation (global rating scale): 2
  Comments: Time: (10:29-10:54)
Ventricular fibrillation (CVS)
Lack of communication btween 2 main interns
Further brief to patient, ask patent concerns

Respondent 14:
  Date: 2025-03-14
  SessionName: IV-Hypoglycemia
  Identification: 3
  Situation: 3
  Background (history): 2
  Background (examination): 2
  Assessment: 3
  Recommendation (clear recommendation): 1
  Recommendation (global rating scale): 2
  Comments: Time: (2:36-2:53)
Late response for considering consultation



Answer: []
</example>

<questionnaire>
Survey Data
==================================================

Questions:
1. Date: What is the date of the session? [Open-ended]
2. SessionName: What is the name of the session? [Open-ended]
3. Identification: Identification of self, role, and patient. [Rubric: 0 = Requires direct prompting, 1 = Introduces themselves but only after a hint, 2 = Introduces themselves but information is incomplete, 3 = Introduces themselves and information is complete]
4. Situation: Identifies the main problem(s). [Rubric: 0 = Unable to identify the main problem(s), 1 = Identifies the main problem(s) after extended prompting, 2 = Identifies the main problem(s) with fewer prompts needed, 3 = Identifies and prioritizes the main problem(s) unprompted]
5. Background (history): Gives appropriate history. [Rubric: 0 = History is unstructured or non-relevant, 1 = Relevant history but frequent clarification needed, 2 = Relevant history with few further questions needed, 3 = Comprehensive focused history]
6. Background (examination): Gives appropriate examination/observations. [Rubric: 0 = Observations are omitted or irrelevant, 1 = Observations reported but frequent clarification needed, 2 = Observations reported with few further questions needed, 3 = Comprehensive focused examination/observations]
7. Assessment: Makes logical assessment (correlates problem, history, exam, context). [Rubric: 0 = No logical assessment, 1 = Assessment only after extended questioning, 2 = Assessment after minimal questioning, 3 = Comprehensive logical assessment without questioning]
8. Recommendation (clear recommendation): Makes a clear recommendation. [Rubric: 0 = No recommendation, 1 = Clear recommendation only after extended questioning, 2 = Clear recommendation after minimal questioning, 3 = Clear comprehensive recommendation without questioning]
9. Recommendation (global rating scale): Global Rating Scale (GRS) - How confident am I that I received an accurate picture of the patient? [Rubric: 0 = Not at all confident, 1 = Confident but required extended questioning, 2 = Confident but required some further questioning, 3 = Confident and required little or no questioning]
10. Comments: Comments on the session. [Open-ended]

Responses:
--------------------

Respondent 10:
  Date: 2025-03-14
  SessionName: (MI)-VT
  Identification: 2
  Situation: 2
  Background (history): 2
  Background (examination): 2
  Assessment: 2
  Recommendation (clear recommendation): 2
  Recommendation (global rating scale): 2
  Comments: Time: (15:53-16:14)

Respondent 9:
  Date: 2025-05-04
  SessionName: II (Anaphylaxsis)
  Identification: 3
  Situation: 3
  Background (history): 2
  Background (examination): 2
  Assessment: 2
  Recommendation (clear recommendation): 3
  Recommendation (global rating scale): 2
  Comments: Overall a bit unclear communication reflected

Respondent 12:
  Date: 2025-05-02
  SessionName: II (Anaphylaxis)
  Identification: 3
  Situation: 3
  Background (history): 3
  Background (examination): 3
  Assessment: 2
  Recommendation (clear recommendation): 3
  Recommendation (global rating scale): 3
  Comments: Good

Respondent 17:
  Date: 2025-05-04
  SessionName: V (Hypoglycemia)
  Identification: 3
  Situation: 3
  Background (history): 3
  Background (examination): 3
  Assessment: 3
  Recommendation (clear recommendation): 3
  Recommendation (global rating scale): 2
  Comments: Concise - clear
Satisfactory

Respondent 16:
  Date: 2025-05-02
  SessionName: I - MI
  Identification: 3
  Situation: 3
  Background (history): 3
  Background (examination): 3
  Assessment: 3
  Recommendation (clear recommendation): 2
  Recommendation (global rating scale): 3
  Comments: Consent denied for video recordings
Satisfactory

Respondent 15:
  Date: 2025-05-04
  SessionName: III - Sepsis
  Identification: 3
  Situation: 3
  Background (history): 2
  Background (examination): 3
  Assessment: 2
  Recommendation (clear recommendation): 2
  Recommendation (global rating scale): 2
  Comments: Detailed Response - clear communication

Respondent 4:
  Date: 2025-05-16
  SessionName: III (Sepsis)
  Identification: 3
  Situation: 3
  Background (history): 3
  Background (examination): 2
  Assessment: 2
  Recommendation (clear recommendation): 2
  Recommendation (global rating scale): 2
  Comments: Clinical handover and communication skills, satisfactory
No panic, no arrest team
Satisfactory

Respondent 19:
  Date: 2025-05-16
  SessionName: I - MI
  Identification: 3
  Situation: 3
  Background (history): 3
  Background (examination): 3
  Assessment: 2
  Recommendation (clear recommendation): 3
  Recommendation (global rating scale): 3
  Comments: Wrong CPR position
Clarity is a bit low over whole case scenario
Satisfactory

Respondent 13:
  Date: 2025-03-14
  SessionName: I-VF
  Identification: 3
  Situation: 3
  Background (history): 2
  Background (examination): 1
  Assessment: 2
  Recommendation (clear recommendation): 2
  Recommendation (global rating scale): 2
  Comments: Time: (10:29-10:54)
Ventricular fibrillation (CVS)
Lack of communication btween 2 main interns
Further brief to patient, ask patent concerns

Respondent 14:
  Date: 2025-03-14
  SessionName: IV-Hypoglycemia
  Identification: 3
  Situation: 3
  Background (history): 2
  Background (examination): 2
  Assessment: 3
  Recommendation (clear recommendation): 1
  Recommendation (global rating scale): 2
  Comments: Time: (2:36-2:53)
Late response for considering consultation


</questionnaire>

You are a meticulous data analyst AI. Your primary function is to accurately analyze structured data and provide precise, verifiable answers.

You will be given a dataset with two key parts:

A 'questions' section: This is your data dictionary or schema. It is the single source of truth for understanding what each field and score means. Refer to it carefully.

A 'responses' section: This contains the raw data from each individual respondent.

To answer the question correctly, you must first use the 'questions' schema to fully understand the context and meaning of the data points within the 'responses'. Do not rely on any prior knowledge outside of this provided data. Base your entire analysis on the information given.

Provide your final answer directly and concisely. Output must be the human-readable value, not an option code.

Rules:
- For MCQ fields, map any letter codes in the Responses (case-insensitive) to the corresponding option text from the Questions schema, and output only that text. Do NOT include the letter or both.
  Example: If the schema is """"[MCQ: A. Abnormal B. Inconclusive C. Normal]"""" and the response is """"a"""", output """"Abnormal"""".
- For open-ended fields, output the exact text value.
- If the question asks for a count, provide only the number (e.g., """"42"""").
- If the question asks for a list of names or IDs, provide a simple comma-separated list (e.g., """"17, 21, 23"""").
- Preserve capitalization exactly as in the schema (e.g., output """"Abnormal"""", not """"abnormal"""" or """"A"""").

<task>
List all respondents from the 'III - Sepsis' session whose 'Assessment' is exactly 2.
</task>""",15,False
case_7,rule_based_querying,List all respondents from the 'MI' session whose 'Assessment' is exactly 2.,"""Survey Data
==================================================

Questions:
1. Date: What is the date of the session? [Open-ended]
2. SessionName: What is the name of the session? [Open-ended]
3. Identification: Identification of self, role, and patient. [Rubric: 0 = Requires direct prompting, 1 = Introduces themselves but only after a hint, 2 = Introduces themselves but information is incomplete, 3 = Introduces themselves and information is complete]
4. Situation: Identifies the main problem(s). [Rubric: 0 = Unable to identify the main problem(s), 1 = Identifies the main problem(s) after extended prompting, 2 = Identifies the main problem(s) with fewer prompts needed, 3 = Identifies and prioritizes the main problem(s) unprompted]
5. Background (history): Gives appropriate history. [Rubric: 0 = History is unstructured or non-relevant, 1 = Relevant history but frequent clarification needed, 2 = Relevant history with few further questions needed, 3 = Comprehensive focused history]
6. Background (examination): Gives appropriate examination/observations. [Rubric: 0 = Observations are omitted or irrelevant, 1 = Observations reported but frequent clarification needed, 2 = Observations reported with few further questions needed, 3 = Comprehensive focused examination/observations]
7. Assessment: Makes logical assessment (correlates problem, history, exam, context). [Rubric: 0 = No logical assessment, 1 = Assessment only after extended questioning, 2 = Assessment after minimal questioning, 3 = Comprehensive logical assessment without questioning]
8. Recommendation (clear recommendation): Makes a clear recommendation. [Rubric: 0 = No recommendation, 1 = Clear recommendation only after extended questioning, 2 = Clear recommendation after minimal questioning, 3 = Clear comprehensive recommendation without questioning]
9. Recommendation (global rating scale): Global Rating Scale (GRS) - How confident am I that I received an accurate picture of the patient? [Rubric: 0 = Not at all confident, 1 = Confident but required extended questioning, 2 = Confident but required some further questioning, 3 = Confident and required little or no questioning]
10. Comments: Comments on the session. [Open-ended]

Responses:
--------------------

Respondent 7:
  Date: 2025-03-14
  SessionName: III-Sepsis
  Identification: 3
  Situation: 3
  Background (history): 2
  Background (examination): 3
  Assessment: 2
  Recommendation (clear recommendation): 2
  Recommendation (global rating scale): 2
  Comments: Time: (1:00-1:17)

Respondent 12:
  Date: 2025-05-02
  SessionName: II (Anaphylaxis)
  Identification: 3
  Situation: 3
  Background (history): 3
  Background (examination): 3
  Assessment: 2
  Recommendation (clear recommendation): 3
  Recommendation (global rating scale): 3
  Comments: Good

Respondent 11:
  Date: 2025-04-04
  SessionName: IV (AF)
  Identification: 3
  Situation: 3
  Background (history): 3
  Background (examination): 3
  Assessment: 3
  Recommendation (clear recommendation): 3
  Recommendation (global rating scale): 3
  Comments: Clear communication and handover

Respondent 14:
  Date: 2025-03-14
  SessionName: IV-Hypoglycemia
  Identification: 3
  Situation: 3
  Background (history): 2
  Background (examination): 2
  Assessment: 3
  Recommendation (clear recommendation): 1
  Recommendation (global rating scale): 2
  Comments: Time: (2:36-2:53)
Late response for considering consultation

Respondent 2:
  Date: 2025-04-04
  SessionName: MI
  Identification: 3
  Situation: 3
  Background (history): 2
  Background (examination): 3
  Assessment: 3
  Recommendation (clear recommendation): 2
  Recommendation (global rating scale): 1
  Comments: 

Respondent 8:
  Date: 2025-05-02
  SessionName: III (Sepsis)
  Identification: 3
  Situation: 3
  Background (history): 3
  Background (examination): 2
  Assessment: 2
  Recommendation (clear recommendation): 2
  Recommendation (global rating scale): 3
  Comments: Clear communication during handover
Good

Respondent 5:
  Date: 2025-05-04
  SessionName: II - Anaphylaxsis
  Identification: 3
  Situation: 3
  Background (history): 3
  Background (examination): 3
  Assessment: 3
  Recommendation (clear recommendation): 2
  Recommendation (global rating scale): 3
  Comments: Good clear and precise clinical handover
Good

Respondent 1:
  Date: 2025-05-02
  SessionName: V (Hypoglycemia)
  Identification: -1
  Situation: 2
  Background (history): 2
  Background (examination): 2
  Assessment: 3
  Recommendation (clear recommendation): 2
  Recommendation (global rating scale): 2
  Comments: Satisfactory

Respondent 17:
  Date: 2025-05-04
  SessionName: V (Hypoglycemia)
  Identification: 3
  Situation: 3
  Background (history): 3
  Background (examination): 3
  Assessment: 3
  Recommendation (clear recommendation): 3
  Recommendation (global rating scale): 2
  Comments: Concise - clear
Satisfactory

Respondent 9:
  Date: 2025-05-04
  SessionName: II (Anaphylaxsis)
  Identification: 3
  Situation: 3
  Background (history): 2
  Background (examination): 2
  Assessment: 2
  Recommendation (clear recommendation): 3
  Recommendation (global rating scale): 2
  Comments: Overall a bit unclear communication reflected

""",[],"""<example>
List all respondents from the '(MI)-VT' session whose 'Recommendation (global rating scale)' is exactly 0.

DATA:

Survey Data
==================================================

Questions:
1. Date: What is the date of the session? [Open-ended]
2. SessionName: What is the name of the session? [Open-ended]
3. Identification: Identification of self, role, and patient. [Rubric: 0 = Requires direct prompting, 1 = Introduces themselves but only after a hint, 2 = Introduces themselves but information is incomplete, 3 = Introduces themselves and information is complete]
4. Situation: Identifies the main problem(s). [Rubric: 0 = Unable to identify the main problem(s), 1 = Identifies the main problem(s) after extended prompting, 2 = Identifies the main problem(s) with fewer prompts needed, 3 = Identifies and prioritizes the main problem(s) unprompted]
5. Background (history): Gives appropriate history. [Rubric: 0 = History is unstructured or non-relevant, 1 = Relevant history but frequent clarification needed, 2 = Relevant history with few further questions needed, 3 = Comprehensive focused history]
6. Background (examination): Gives appropriate examination/observations. [Rubric: 0 = Observations are omitted or irrelevant, 1 = Observations reported but frequent clarification needed, 2 = Observations reported with few further questions needed, 3 = Comprehensive focused examination/observations]
7. Assessment: Makes logical assessment (correlates problem, history, exam, context). [Rubric: 0 = No logical assessment, 1 = Assessment only after extended questioning, 2 = Assessment after minimal questioning, 3 = Comprehensive logical assessment without questioning]
8. Recommendation (clear recommendation): Makes a clear recommendation. [Rubric: 0 = No recommendation, 1 = Clear recommendation only after extended questioning, 2 = Clear recommendation after minimal questioning, 3 = Clear comprehensive recommendation without questioning]
9. Recommendation (global rating scale): Global Rating Scale (GRS) - How confident am I that I received an accurate picture of the patient? [Rubric: 0 = Not at all confident, 1 = Confident but required extended questioning, 2 = Confident but required some further questioning, 3 = Confident and required little or no questioning]
10. Comments: Comments on the session. [Open-ended]

Responses:
--------------------

Respondent 7:
  Date: 2025-03-14
  SessionName: III-Sepsis
  Identification: 3
  Situation: 3
  Background (history): 2
  Background (examination): 3
  Assessment: 2
  Recommendation (clear recommendation): 2
  Recommendation (global rating scale): 2
  Comments: Time: (1:00-1:17)

Respondent 12:
  Date: 2025-05-02
  SessionName: II (Anaphylaxis)
  Identification: 3
  Situation: 3
  Background (history): 3
  Background (examination): 3
  Assessment: 2
  Recommendation (clear recommendation): 3
  Recommendation (global rating scale): 3
  Comments: Good

Respondent 11:
  Date: 2025-04-04
  SessionName: IV (AF)
  Identification: 3
  Situation: 3
  Background (history): 3
  Background (examination): 3
  Assessment: 3
  Recommendation (clear recommendation): 3
  Recommendation (global rating scale): 3
  Comments: Clear communication and handover

Respondent 14:
  Date: 2025-03-14
  SessionName: IV-Hypoglycemia
  Identification: 3
  Situation: 3
  Background (history): 2
  Background (examination): 2
  Assessment: 3
  Recommendation (clear recommendation): 1
  Recommendation (global rating scale): 2
  Comments: Time: (2:36-2:53)
Late response for considering consultation

Respondent 2:
  Date: 2025-04-04
  SessionName: MI
  Identification: 3
  Situation: 3
  Background (history): 2
  Background (examination): 3
  Assessment: 3
  Recommendation (clear recommendation): 2
  Recommendation (global rating scale): 1
  Comments: 

Respondent 8:
  Date: 2025-05-02
  SessionName: III (Sepsis)
  Identification: 3
  Situation: 3
  Background (history): 3
  Background (examination): 2
  Assessment: 2
  Recommendation (clear recommendation): 2
  Recommendation (global rating scale): 3
  Comments: Clear communication during handover
Good

Respondent 5:
  Date: 2025-05-04
  SessionName: II - Anaphylaxsis
  Identification: 3
  Situation: 3
  Background (history): 3
  Background (examination): 3
  Assessment: 3
  Recommendation (clear recommendation): 2
  Recommendation (global rating scale): 3
  Comments: Good clear and precise clinical handover
Good

Respondent 1:
  Date: 2025-05-02
  SessionName: V (Hypoglycemia)
  Identification: -1
  Situation: 2
  Background (history): 2
  Background (examination): 2
  Assessment: 3
  Recommendation (clear recommendation): 2
  Recommendation (global rating scale): 2
  Comments: Satisfactory

Respondent 17:
  Date: 2025-05-04
  SessionName: V (Hypoglycemia)
  Identification: 3
  Situation: 3
  Background (history): 3
  Background (examination): 3
  Assessment: 3
  Recommendation (clear recommendation): 3
  Recommendation (global rating scale): 2
  Comments: Concise - clear
Satisfactory

Respondent 9:
  Date: 2025-05-04
  SessionName: II (Anaphylaxsis)
  Identification: 3
  Situation: 3
  Background (history): 2
  Background (examination): 2
  Assessment: 2
  Recommendation (clear recommendation): 3
  Recommendation (global rating scale): 2
  Comments: Overall a bit unclear communication reflected



Answer: []
</example>

<questionnaire>
Survey Data
==================================================

Questions:
1. Date: What is the date of the session? [Open-ended]
2. SessionName: What is the name of the session? [Open-ended]
3. Identification: Identification of self, role, and patient. [Rubric: 0 = Requires direct prompting, 1 = Introduces themselves but only after a hint, 2 = Introduces themselves but information is incomplete, 3 = Introduces themselves and information is complete]
4. Situation: Identifies the main problem(s). [Rubric: 0 = Unable to identify the main problem(s), 1 = Identifies the main problem(s) after extended prompting, 2 = Identifies the main problem(s) with fewer prompts needed, 3 = Identifies and prioritizes the main problem(s) unprompted]
5. Background (history): Gives appropriate history. [Rubric: 0 = History is unstructured or non-relevant, 1 = Relevant history but frequent clarification needed, 2 = Relevant history with few further questions needed, 3 = Comprehensive focused history]
6. Background (examination): Gives appropriate examination/observations. [Rubric: 0 = Observations are omitted or irrelevant, 1 = Observations reported but frequent clarification needed, 2 = Observations reported with few further questions needed, 3 = Comprehensive focused examination/observations]
7. Assessment: Makes logical assessment (correlates problem, history, exam, context). [Rubric: 0 = No logical assessment, 1 = Assessment only after extended questioning, 2 = Assessment after minimal questioning, 3 = Comprehensive logical assessment without questioning]
8. Recommendation (clear recommendation): Makes a clear recommendation. [Rubric: 0 = No recommendation, 1 = Clear recommendation only after extended questioning, 2 = Clear recommendation after minimal questioning, 3 = Clear comprehensive recommendation without questioning]
9. Recommendation (global rating scale): Global Rating Scale (GRS) - How confident am I that I received an accurate picture of the patient? [Rubric: 0 = Not at all confident, 1 = Confident but required extended questioning, 2 = Confident but required some further questioning, 3 = Confident and required little or no questioning]
10. Comments: Comments on the session. [Open-ended]

Responses:
--------------------

Respondent 7:
  Date: 2025-03-14
  SessionName: III-Sepsis
  Identification: 3
  Situation: 3
  Background (history): 2
  Background (examination): 3
  Assessment: 2
  Recommendation (clear recommendation): 2
  Recommendation (global rating scale): 2
  Comments: Time: (1:00-1:17)

Respondent 12:
  Date: 2025-05-02
  SessionName: II (Anaphylaxis)
  Identification: 3
  Situation: 3
  Background (history): 3
  Background (examination): 3
  Assessment: 2
  Recommendation (clear recommendation): 3
  Recommendation (global rating scale): 3
  Comments: Good

Respondent 11:
  Date: 2025-04-04
  SessionName: IV (AF)
  Identification: 3
  Situation: 3
  Background (history): 3
  Background (examination): 3
  Assessment: 3
  Recommendation (clear recommendation): 3
  Recommendation (global rating scale): 3
  Comments: Clear communication and handover

Respondent 14:
  Date: 2025-03-14
  SessionName: IV-Hypoglycemia
  Identification: 3
  Situation: 3
  Background (history): 2
  Background (examination): 2
  Assessment: 3
  Recommendation (clear recommendation): 1
  Recommendation (global rating scale): 2
  Comments: Time: (2:36-2:53)
Late response for considering consultation

Respondent 2:
  Date: 2025-04-04
  SessionName: MI
  Identification: 3
  Situation: 3
  Background (history): 2
  Background (examination): 3
  Assessment: 3
  Recommendation (clear recommendation): 2
  Recommendation (global rating scale): 1
  Comments: 

Respondent 8:
  Date: 2025-05-02
  SessionName: III (Sepsis)
  Identification: 3
  Situation: 3
  Background (history): 3
  Background (examination): 2
  Assessment: 2
  Recommendation (clear recommendation): 2
  Recommendation (global rating scale): 3
  Comments: Clear communication during handover
Good

Respondent 5:
  Date: 2025-05-04
  SessionName: II - Anaphylaxsis
  Identification: 3
  Situation: 3
  Background (history): 3
  Background (examination): 3
  Assessment: 3
  Recommendation (clear recommendation): 2
  Recommendation (global rating scale): 3
  Comments: Good clear and precise clinical handover
Good

Respondent 1:
  Date: 2025-05-02
  SessionName: V (Hypoglycemia)
  Identification: -1
  Situation: 2
  Background (history): 2
  Background (examination): 2
  Assessment: 3
  Recommendation (clear recommendation): 2
  Recommendation (global rating scale): 2
  Comments: Satisfactory

Respondent 17:
  Date: 2025-05-04
  SessionName: V (Hypoglycemia)
  Identification: 3
  Situation: 3
  Background (history): 3
  Background (examination): 3
  Assessment: 3
  Recommendation (clear recommendation): 3
  Recommendation (global rating scale): 2
  Comments: Concise - clear
Satisfactory

Respondent 9:
  Date: 2025-05-04
  SessionName: II (Anaphylaxsis)
  Identification: 3
  Situation: 3
  Background (history): 2
  Background (examination): 2
  Assessment: 2
  Recommendation (clear recommendation): 3
  Recommendation (global rating scale): 2
  Comments: Overall a bit unclear communication reflected


</questionnaire>

You are a meticulous data analyst AI. Your primary function is to accurately analyze structured data and provide precise, verifiable answers.

You will be given a dataset with two key parts:

A 'questions' section: This is your data dictionary or schema. It is the single source of truth for understanding what each field and score means. Refer to it carefully.

A 'responses' section: This contains the raw data from each individual respondent.

To answer the question correctly, you must first use the 'questions' schema to fully understand the context and meaning of the data points within the 'responses'. Do not rely on any prior knowledge outside of this provided data. Base your entire analysis on the information given.

Provide your final answer directly and concisely. Output must be the human-readable value, not an option code.

Rules:
- For MCQ fields, map any letter codes in the Responses (case-insensitive) to the corresponding option text from the Questions schema, and output only that text. Do NOT include the letter or both.
  Example: If the schema is """"[MCQ: A. Abnormal B. Inconclusive C. Normal]"""" and the response is """"a"""", output """"Abnormal"""".
- For open-ended fields, output the exact text value.
- If the question asks for a count, provide only the number (e.g., """"42"""").
- If the question asks for a list of names or IDs, provide a simple comma-separated list (e.g., """"17, 21, 23"""").
- Preserve capitalization exactly as in the schema (e.g., output """"Abnormal"""", not """"abnormal"""" or """"A"""").

<task>
List all respondents from the 'MI' session whose 'Assessment' is exactly 2.
</task>""",[],True
case_8,rule_based_querying,Find all respondents whose 'Recommendation (global rating scale)' score is between 1 and 3.,"""Survey Data
==================================================

Questions:
1. Date: What is the date of the session? [Open-ended]
2. SessionName: What is the name of the session? [Open-ended]
3. Identification: Identification of self, role, and patient. [Rubric: 0 = Requires direct prompting, 1 = Introduces themselves but only after a hint, 2 = Introduces themselves but information is incomplete, 3 = Introduces themselves and information is complete]
4. Situation: Identifies the main problem(s). [Rubric: 0 = Unable to identify the main problem(s), 1 = Identifies the main problem(s) after extended prompting, 2 = Identifies the main problem(s) with fewer prompts needed, 3 = Identifies and prioritizes the main problem(s) unprompted]
5. Background (history): Gives appropriate history. [Rubric: 0 = History is unstructured or non-relevant, 1 = Relevant history but frequent clarification needed, 2 = Relevant history with few further questions needed, 3 = Comprehensive focused history]
6. Background (examination): Gives appropriate examination/observations. [Rubric: 0 = Observations are omitted or irrelevant, 1 = Observations reported but frequent clarification needed, 2 = Observations reported with few further questions needed, 3 = Comprehensive focused examination/observations]
7. Assessment: Makes logical assessment (correlates problem, history, exam, context). [Rubric: 0 = No logical assessment, 1 = Assessment only after extended questioning, 2 = Assessment after minimal questioning, 3 = Comprehensive logical assessment without questioning]
8. Recommendation (clear recommendation): Makes a clear recommendation. [Rubric: 0 = No recommendation, 1 = Clear recommendation only after extended questioning, 2 = Clear recommendation after minimal questioning, 3 = Clear comprehensive recommendation without questioning]
9. Recommendation (global rating scale): Global Rating Scale (GRS) - How confident am I that I received an accurate picture of the patient? [Rubric: 0 = Not at all confident, 1 = Confident but required extended questioning, 2 = Confident but required some further questioning, 3 = Confident and required little or no questioning]
10. Comments: Comments on the session. [Open-ended]

Responses:
--------------------

Respondent 10:
  Date: 2025-03-14
  SessionName: (MI)-VT
  Identification: 2
  Situation: 2
  Background (history): 2
  Background (examination): 2
  Assessment: 2
  Recommendation (clear recommendation): 2
  Recommendation (global rating scale): 2
  Comments: Time: (15:53-16:14)

Respondent 5:
  Date: 2025-05-04
  SessionName: II - Anaphylaxsis
  Identification: 3
  Situation: 3
  Background (history): 3
  Background (examination): 3
  Assessment: 3
  Recommendation (clear recommendation): 2
  Recommendation (global rating scale): 3
  Comments: Good clear and precise clinical handover
Good

Respondent 7:
  Date: 2025-03-14
  SessionName: III-Sepsis
  Identification: 3
  Situation: 3
  Background (history): 2
  Background (examination): 3
  Assessment: 2
  Recommendation (clear recommendation): 2
  Recommendation (global rating scale): 2
  Comments: Time: (1:00-1:17)

Respondent 11:
  Date: 2025-04-04
  SessionName: IV (AF)
  Identification: 3
  Situation: 3
  Background (history): 3
  Background (examination): 3
  Assessment: 3
  Recommendation (clear recommendation): 3
  Recommendation (global rating scale): 3
  Comments: Clear communication and handover

Respondent 8:
  Date: 2025-05-02
  SessionName: III (Sepsis)
  Identification: 3
  Situation: 3
  Background (history): 3
  Background (examination): 2
  Assessment: 2
  Recommendation (clear recommendation): 2
  Recommendation (global rating scale): 3
  Comments: Clear communication during handover
Good

Respondent 13:
  Date: 2025-03-14
  SessionName: I-VF
  Identification: 3
  Situation: 3
  Background (history): 2
  Background (examination): 1
  Assessment: 2
  Recommendation (clear recommendation): 2
  Recommendation (global rating scale): 2
  Comments: Time: (10:29-10:54)
Ventricular fibrillation (CVS)
Lack of communication btween 2 main interns
Further brief to patient, ask patent concerns

Respondent 19:
  Date: 2025-05-16
  SessionName: I - MI
  Identification: 3
  Situation: 3
  Background (history): 3
  Background (examination): 3
  Assessment: 2
  Recommendation (clear recommendation): 3
  Recommendation (global rating scale): 3
  Comments: Wrong CPR position
Clarity is a bit low over whole case scenario
Satisfactory

Respondent 16:
  Date: 2025-05-02
  SessionName: I - MI
  Identification: 3
  Situation: 3
  Background (history): 3
  Background (examination): 3
  Assessment: 3
  Recommendation (clear recommendation): 2
  Recommendation (global rating scale): 3
  Comments: Consent denied for video recordings
Satisfactory

Respondent 9:
  Date: 2025-05-04
  SessionName: II (Anaphylaxsis)
  Identification: 3
  Situation: 3
  Background (history): 2
  Background (examination): 2
  Assessment: 2
  Recommendation (clear recommendation): 3
  Recommendation (global rating scale): 2
  Comments: Overall a bit unclear communication reflected

Respondent 20:
  Date: 2025-05-02
  SessionName: IV (VT)
  Identification: 3
  Situation: 3
  Background (history): 2
  Background (examination): -1
  Assessment: 3
  Recommendation (clear recommendation): 2
  Recommendation (global rating scale): 3
  Comments: Good

Respondent 14:
  Date: 2025-03-14
  SessionName: IV-Hypoglycemia
  Identification: 3
  Situation: 3
  Background (history): 2
  Background (examination): 2
  Assessment: 3
  Recommendation (clear recommendation): 1
  Recommendation (global rating scale): 2
  Comments: Time: (2:36-2:53)
Late response for considering consultation

""","""['10', '5', '7', '11', '8', '13', '19', '16', '9', '20', '14']""","""<example>
List all respondents from the '(MI)-VT' session whose 'Recommendation (global rating scale)' is exactly 0.

DATA:

Survey Data
==================================================

Questions:
1. Date: What is the date of the session? [Open-ended]
2. SessionName: What is the name of the session? [Open-ended]
3. Identification: Identification of self, role, and patient. [Rubric: 0 = Requires direct prompting, 1 = Introduces themselves but only after a hint, 2 = Introduces themselves but information is incomplete, 3 = Introduces themselves and information is complete]
4. Situation: Identifies the main problem(s). [Rubric: 0 = Unable to identify the main problem(s), 1 = Identifies the main problem(s) after extended prompting, 2 = Identifies the main problem(s) with fewer prompts needed, 3 = Identifies and prioritizes the main problem(s) unprompted]
5. Background (history): Gives appropriate history. [Rubric: 0 = History is unstructured or non-relevant, 1 = Relevant history but frequent clarification needed, 2 = Relevant history with few further questions needed, 3 = Comprehensive focused history]
6. Background (examination): Gives appropriate examination/observations. [Rubric: 0 = Observations are omitted or irrelevant, 1 = Observations reported but frequent clarification needed, 2 = Observations reported with few further questions needed, 3 = Comprehensive focused examination/observations]
7. Assessment: Makes logical assessment (correlates problem, history, exam, context). [Rubric: 0 = No logical assessment, 1 = Assessment only after extended questioning, 2 = Assessment after minimal questioning, 3 = Comprehensive logical assessment without questioning]
8. Recommendation (clear recommendation): Makes a clear recommendation. [Rubric: 0 = No recommendation, 1 = Clear recommendation only after extended questioning, 2 = Clear recommendation after minimal questioning, 3 = Clear comprehensive recommendation without questioning]
9. Recommendation (global rating scale): Global Rating Scale (GRS) - How confident am I that I received an accurate picture of the patient? [Rubric: 0 = Not at all confident, 1 = Confident but required extended questioning, 2 = Confident but required some further questioning, 3 = Confident and required little or no questioning]
10. Comments: Comments on the session. [Open-ended]

Responses:
--------------------

Respondent 10:
  Date: 2025-03-14
  SessionName: (MI)-VT
  Identification: 2
  Situation: 2
  Background (history): 2
  Background (examination): 2
  Assessment: 2
  Recommendation (clear recommendation): 2
  Recommendation (global rating scale): 2
  Comments: Time: (15:53-16:14)

Respondent 5:
  Date: 2025-05-04
  SessionName: II - Anaphylaxsis
  Identification: 3
  Situation: 3
  Background (history): 3
  Background (examination): 3
  Assessment: 3
  Recommendation (clear recommendation): 2
  Recommendation (global rating scale): 3
  Comments: Good clear and precise clinical handover
Good

Respondent 7:
  Date: 2025-03-14
  SessionName: III-Sepsis
  Identification: 3
  Situation: 3
  Background (history): 2
  Background (examination): 3
  Assessment: 2
  Recommendation (clear recommendation): 2
  Recommendation (global rating scale): 2
  Comments: Time: (1:00-1:17)

Respondent 11:
  Date: 2025-04-04
  SessionName: IV (AF)
  Identification: 3
  Situation: 3
  Background (history): 3
  Background (examination): 3
  Assessment: 3
  Recommendation (clear recommendation): 3
  Recommendation (global rating scale): 3
  Comments: Clear communication and handover

Respondent 8:
  Date: 2025-05-02
  SessionName: III (Sepsis)
  Identification: 3
  Situation: 3
  Background (history): 3
  Background (examination): 2
  Assessment: 2
  Recommendation (clear recommendation): 2
  Recommendation (global rating scale): 3
  Comments: Clear communication during handover
Good

Respondent 13:
  Date: 2025-03-14
  SessionName: I-VF
  Identification: 3
  Situation: 3
  Background (history): 2
  Background (examination): 1
  Assessment: 2
  Recommendation (clear recommendation): 2
  Recommendation (global rating scale): 2
  Comments: Time: (10:29-10:54)
Ventricular fibrillation (CVS)
Lack of communication btween 2 main interns
Further brief to patient, ask patent concerns

Respondent 19:
  Date: 2025-05-16
  SessionName: I - MI
  Identification: 3
  Situation: 3
  Background (history): 3
  Background (examination): 3
  Assessment: 2
  Recommendation (clear recommendation): 3
  Recommendation (global rating scale): 3
  Comments: Wrong CPR position
Clarity is a bit low over whole case scenario
Satisfactory

Respondent 16:
  Date: 2025-05-02
  SessionName: I - MI
  Identification: 3
  Situation: 3
  Background (history): 3
  Background (examination): 3
  Assessment: 3
  Recommendation (clear recommendation): 2
  Recommendation (global rating scale): 3
  Comments: Consent denied for video recordings
Satisfactory

Respondent 9:
  Date: 2025-05-04
  SessionName: II (Anaphylaxsis)
  Identification: 3
  Situation: 3
  Background (history): 2
  Background (examination): 2
  Assessment: 2
  Recommendation (clear recommendation): 3
  Recommendation (global rating scale): 2
  Comments: Overall a bit unclear communication reflected

Respondent 20:
  Date: 2025-05-02
  SessionName: IV (VT)
  Identification: 3
  Situation: 3
  Background (history): 2
  Background (examination): -1
  Assessment: 3
  Recommendation (clear recommendation): 2
  Recommendation (global rating scale): 3
  Comments: Good

Respondent 14:
  Date: 2025-03-14
  SessionName: IV-Hypoglycemia
  Identification: 3
  Situation: 3
  Background (history): 2
  Background (examination): 2
  Assessment: 3
  Recommendation (clear recommendation): 1
  Recommendation (global rating scale): 2
  Comments: Time: (2:36-2:53)
Late response for considering consultation



Answer: []
</example>

<questionnaire>
Survey Data
==================================================

Questions:
1. Date: What is the date of the session? [Open-ended]
2. SessionName: What is the name of the session? [Open-ended]
3. Identification: Identification of self, role, and patient. [Rubric: 0 = Requires direct prompting, 1 = Introduces themselves but only after a hint, 2 = Introduces themselves but information is incomplete, 3 = Introduces themselves and information is complete]
4. Situation: Identifies the main problem(s). [Rubric: 0 = Unable to identify the main problem(s), 1 = Identifies the main problem(s) after extended prompting, 2 = Identifies the main problem(s) with fewer prompts needed, 3 = Identifies and prioritizes the main problem(s) unprompted]
5. Background (history): Gives appropriate history. [Rubric: 0 = History is unstructured or non-relevant, 1 = Relevant history but frequent clarification needed, 2 = Relevant history with few further questions needed, 3 = Comprehensive focused history]
6. Background (examination): Gives appropriate examination/observations. [Rubric: 0 = Observations are omitted or irrelevant, 1 = Observations reported but frequent clarification needed, 2 = Observations reported with few further questions needed, 3 = Comprehensive focused examination/observations]
7. Assessment: Makes logical assessment (correlates problem, history, exam, context). [Rubric: 0 = No logical assessment, 1 = Assessment only after extended questioning, 2 = Assessment after minimal questioning, 3 = Comprehensive logical assessment without questioning]
8. Recommendation (clear recommendation): Makes a clear recommendation. [Rubric: 0 = No recommendation, 1 = Clear recommendation only after extended questioning, 2 = Clear recommendation after minimal questioning, 3 = Clear comprehensive recommendation without questioning]
9. Recommendation (global rating scale): Global Rating Scale (GRS) - How confident am I that I received an accurate picture of the patient? [Rubric: 0 = Not at all confident, 1 = Confident but required extended questioning, 2 = Confident but required some further questioning, 3 = Confident and required little or no questioning]
10. Comments: Comments on the session. [Open-ended]

Responses:
--------------------

Respondent 10:
  Date: 2025-03-14
  SessionName: (MI)-VT
  Identification: 2
  Situation: 2
  Background (history): 2
  Background (examination): 2
  Assessment: 2
  Recommendation (clear recommendation): 2
  Recommendation (global rating scale): 2
  Comments: Time: (15:53-16:14)

Respondent 5:
  Date: 2025-05-04
  SessionName: II - Anaphylaxsis
  Identification: 3
  Situation: 3
  Background (history): 3
  Background (examination): 3
  Assessment: 3
  Recommendation (clear recommendation): 2
  Recommendation (global rating scale): 3
  Comments: Good clear and precise clinical handover
Good

Respondent 7:
  Date: 2025-03-14
  SessionName: III-Sepsis
  Identification: 3
  Situation: 3
  Background (history): 2
  Background (examination): 3
  Assessment: 2
  Recommendation (clear recommendation): 2
  Recommendation (global rating scale): 2
  Comments: Time: (1:00-1:17)

Respondent 11:
  Date: 2025-04-04
  SessionName: IV (AF)
  Identification: 3
  Situation: 3
  Background (history): 3
  Background (examination): 3
  Assessment: 3
  Recommendation (clear recommendation): 3
  Recommendation (global rating scale): 3
  Comments: Clear communication and handover

Respondent 8:
  Date: 2025-05-02
  SessionName: III (Sepsis)
  Identification: 3
  Situation: 3
  Background (history): 3
  Background (examination): 2
  Assessment: 2
  Recommendation (clear recommendation): 2
  Recommendation (global rating scale): 3
  Comments: Clear communication during handover
Good

Respondent 13:
  Date: 2025-03-14
  SessionName: I-VF
  Identification: 3
  Situation: 3
  Background (history): 2
  Background (examination): 1
  Assessment: 2
  Recommendation (clear recommendation): 2
  Recommendation (global rating scale): 2
  Comments: Time: (10:29-10:54)
Ventricular fibrillation (CVS)
Lack of communication btween 2 main interns
Further brief to patient, ask patent concerns

Respondent 19:
  Date: 2025-05-16
  SessionName: I - MI
  Identification: 3
  Situation: 3
  Background (history): 3
  Background (examination): 3
  Assessment: 2
  Recommendation (clear recommendation): 3
  Recommendation (global rating scale): 3
  Comments: Wrong CPR position
Clarity is a bit low over whole case scenario
Satisfactory

Respondent 16:
  Date: 2025-05-02
  SessionName: I - MI
  Identification: 3
  Situation: 3
  Background (history): 3
  Background (examination): 3
  Assessment: 3
  Recommendation (clear recommendation): 2
  Recommendation (global rating scale): 3
  Comments: Consent denied for video recordings
Satisfactory

Respondent 9:
  Date: 2025-05-04
  SessionName: II (Anaphylaxsis)
  Identification: 3
  Situation: 3
  Background (history): 2
  Background (examination): 2
  Assessment: 2
  Recommendation (clear recommendation): 3
  Recommendation (global rating scale): 2
  Comments: Overall a bit unclear communication reflected

Respondent 20:
  Date: 2025-05-02
  SessionName: IV (VT)
  Identification: 3
  Situation: 3
  Background (history): 2
  Background (examination): -1
  Assessment: 3
  Recommendation (clear recommendation): 2
  Recommendation (global rating scale): 3
  Comments: Good

Respondent 14:
  Date: 2025-03-14
  SessionName: IV-Hypoglycemia
  Identification: 3
  Situation: 3
  Background (history): 2
  Background (examination): 2
  Assessment: 3
  Recommendation (clear recommendation): 1
  Recommendation (global rating scale): 2
  Comments: Time: (2:36-2:53)
Late response for considering consultation


</questionnaire>

You are a meticulous data analyst AI. Your primary function is to accurately analyze structured data and provide precise, verifiable answers.

You will be given a dataset with two key parts:

A 'questions' section: This is your data dictionary or schema. It is the single source of truth for understanding what each field and score means. Refer to it carefully.

A 'responses' section: This contains the raw data from each individual respondent.

To answer the question correctly, you must first use the 'questions' schema to fully understand the context and meaning of the data points within the 'responses'. Do not rely on any prior knowledge outside of this provided data. Base your entire analysis on the information given.

Provide your final answer directly and concisely. Output must be the human-readable value, not an option code.

Rules:
- For MCQ fields, map any letter codes in the Responses (case-insensitive) to the corresponding option text from the Questions schema, and output only that text. Do NOT include the letter or both.
  Example: If the schema is """"[MCQ: A. Abnormal B. Inconclusive C. Normal]"""" and the response is """"a"""", output """"Abnormal"""".
- For open-ended fields, output the exact text value.
- If the question asks for a count, provide only the number (e.g., """"42"""").
- If the question asks for a list of names or IDs, provide a simple comma-separated list (e.g., """"17, 21, 23"""").
- Preserve capitalization exactly as in the schema (e.g., output """"Abnormal"""", not """"abnormal"""" or """"A"""").

<task>
Find all respondents whose 'Recommendation (global rating scale)' score is between 1 and 3.
</task>""","5, 7, 8, 9, 10, 11, 13, 14, 16, 19, 20",False
case_9,rule_based_querying,List all respondents from the 'II (Anaphylaxis)' session whose 'Identification' is exactly 0.,"""Survey Data
==================================================

Questions:
1. Date: What is the date of the session? [Open-ended]
2. SessionName: What is the name of the session? [Open-ended]
3. Identification: Identification of self, role, and patient. [Rubric: 0 = Requires direct prompting, 1 = Introduces themselves but only after a hint, 2 = Introduces themselves but information is incomplete, 3 = Introduces themselves and information is complete]
4. Situation: Identifies the main problem(s). [Rubric: 0 = Unable to identify the main problem(s), 1 = Identifies the main problem(s) after extended prompting, 2 = Identifies the main problem(s) with fewer prompts needed, 3 = Identifies and prioritizes the main problem(s) unprompted]
5. Background (history): Gives appropriate history. [Rubric: 0 = History is unstructured or non-relevant, 1 = Relevant history but frequent clarification needed, 2 = Relevant history with few further questions needed, 3 = Comprehensive focused history]
6. Background (examination): Gives appropriate examination/observations. [Rubric: 0 = Observations are omitted or irrelevant, 1 = Observations reported but frequent clarification needed, 2 = Observations reported with few further questions needed, 3 = Comprehensive focused examination/observations]
7. Assessment: Makes logical assessment (correlates problem, history, exam, context). [Rubric: 0 = No logical assessment, 1 = Assessment only after extended questioning, 2 = Assessment after minimal questioning, 3 = Comprehensive logical assessment without questioning]
8. Recommendation (clear recommendation): Makes a clear recommendation. [Rubric: 0 = No recommendation, 1 = Clear recommendation only after extended questioning, 2 = Clear recommendation after minimal questioning, 3 = Clear comprehensive recommendation without questioning]
9. Recommendation (global rating scale): Global Rating Scale (GRS) - How confident am I that I received an accurate picture of the patient? [Rubric: 0 = Not at all confident, 1 = Confident but required extended questioning, 2 = Confident but required some further questioning, 3 = Confident and required little or no questioning]
10. Comments: Comments on the session. [Open-ended]

Responses:
--------------------

Respondent 9:
  Date: 2025-05-04
  SessionName: II (Anaphylaxsis)
  Identification: 3
  Situation: 3
  Background (history): 2
  Background (examination): 2
  Assessment: 2
  Recommendation (clear recommendation): 3
  Recommendation (global rating scale): 2
  Comments: Overall a bit unclear communication reflected

Respondent 16:
  Date: 2025-05-02
  SessionName: I - MI
  Identification: 3
  Situation: 3
  Background (history): 3
  Background (examination): 3
  Assessment: 3
  Recommendation (clear recommendation): 2
  Recommendation (global rating scale): 3
  Comments: Consent denied for video recordings
Satisfactory

Respondent 21:
  Date: 2025-05-16
  SessionName: I (Myocardial infarction)
  Identification: 3
  Situation: 2
  Background (history): 3
  Background (examination): 1
  Assessment: 2
  Recommendation (clear recommendation): 3
  Recommendation (global rating scale): 3
  Comments: Diagnostic clarity is present
Good and early assessment of condition is done

Respondent 22:
  Date: 2025-05-16
  SessionName: IV (VT)
  Identification: 3
  Situation: 3
  Background (history): 3
  Background (examination): 3
  Assessment: 2
  Recommendation (clear recommendation): 2
  Recommendation (global rating scale): 3
  Comments: Clear communication skills
Good

Respondent 15:
  Date: 2025-05-04
  SessionName: III - Sepsis
  Identification: 3
  Situation: 3
  Background (history): 2
  Background (examination): 3
  Assessment: 2
  Recommendation (clear recommendation): 2
  Recommendation (global rating scale): 2
  Comments: Detailed Response - clear communication

Respondent 6:
  Date: 2025-04-04
  SessionName: II (Anaphylactic Shock)
  Identification: 3
  Situation: 2
  Background (history): 3
  Background (examination): 3
  Assessment: 2
  Recommendation (clear recommendation): 2
  Recommendation (global rating scale): 3
  Comments: 

Respondent 12:
  Date: 2025-05-02
  SessionName: II (Anaphylaxis)
  Identification: 3
  Situation: 3
  Background (history): 3
  Background (examination): 3
  Assessment: 2
  Recommendation (clear recommendation): 3
  Recommendation (global rating scale): 3
  Comments: Good

Respondent 18:
  Date: 2025-05-04
  SessionName: IV - VT
  Identification: 3
  Situation: 3
  Background (history): 2
  Background (examination): 2
  Assessment: 3
  Recommendation (clear recommendation): 2
  Recommendation (global rating scale): 2
  Comments: Not very concise or clear communication
Satisfactory

Respondent 3:
  Date: 2025-04-04
  SessionName: III-Sepsis
  Identification: 0
  Situation: 2
  Background (history): 3
  Background (examination): 3
  Assessment: 3
  Recommendation (clear recommendation): 3
  Recommendation (global rating scale): 3
  Comments: The patient/simulation is not oriented in TPP.
Clear communication between Reg and colleague during handover

Respondent 17:
  Date: 2025-05-04
  SessionName: V (Hypoglycemia)
  Identification: 3
  Situation: 3
  Background (history): 3
  Background (examination): 3
  Assessment: 3
  Recommendation (clear recommendation): 3
  Recommendation (global rating scale): 2
  Comments: Concise - clear
Satisfactory

""",[],"""<example>
List all respondents from the '(MI)-VT' session whose 'Recommendation (global rating scale)' is exactly 0.

DATA:

Survey Data
==================================================

Questions:
1. Date: What is the date of the session? [Open-ended]
2. SessionName: What is the name of the session? [Open-ended]
3. Identification: Identification of self, role, and patient. [Rubric: 0 = Requires direct prompting, 1 = Introduces themselves but only after a hint, 2 = Introduces themselves but information is incomplete, 3 = Introduces themselves and information is complete]
4. Situation: Identifies the main problem(s). [Rubric: 0 = Unable to identify the main problem(s), 1 = Identifies the main problem(s) after extended prompting, 2 = Identifies the main problem(s) with fewer prompts needed, 3 = Identifies and prioritizes the main problem(s) unprompted]
5. Background (history): Gives appropriate history. [Rubric: 0 = History is unstructured or non-relevant, 1 = Relevant history but frequent clarification needed, 2 = Relevant history with few further questions needed, 3 = Comprehensive focused history]
6. Background (examination): Gives appropriate examination/observations. [Rubric: 0 = Observations are omitted or irrelevant, 1 = Observations reported but frequent clarification needed, 2 = Observations reported with few further questions needed, 3 = Comprehensive focused examination/observations]
7. Assessment: Makes logical assessment (correlates problem, history, exam, context). [Rubric: 0 = No logical assessment, 1 = Assessment only after extended questioning, 2 = Assessment after minimal questioning, 3 = Comprehensive logical assessment without questioning]
8. Recommendation (clear recommendation): Makes a clear recommendation. [Rubric: 0 = No recommendation, 1 = Clear recommendation only after extended questioning, 2 = Clear recommendation after minimal questioning, 3 = Clear comprehensive recommendation without questioning]
9. Recommendation (global rating scale): Global Rating Scale (GRS) - How confident am I that I received an accurate picture of the patient? [Rubric: 0 = Not at all confident, 1 = Confident but required extended questioning, 2 = Confident but required some further questioning, 3 = Confident and required little or no questioning]
10. Comments: Comments on the session. [Open-ended]

Responses:
--------------------

Respondent 9:
  Date: 2025-05-04
  SessionName: II (Anaphylaxsis)
  Identification: 3
  Situation: 3
  Background (history): 2
  Background (examination): 2
  Assessment: 2
  Recommendation (clear recommendation): 3
  Recommendation (global rating scale): 2
  Comments: Overall a bit unclear communication reflected

Respondent 16:
  Date: 2025-05-02
  SessionName: I - MI
  Identification: 3
  Situation: 3
  Background (history): 3
  Background (examination): 3
  Assessment: 3
  Recommendation (clear recommendation): 2
  Recommendation (global rating scale): 3
  Comments: Consent denied for video recordings
Satisfactory

Respondent 21:
  Date: 2025-05-16
  SessionName: I (Myocardial infarction)
  Identification: 3
  Situation: 2
  Background (history): 3
  Background (examination): 1
  Assessment: 2
  Recommendation (clear recommendation): 3
  Recommendation (global rating scale): 3
  Comments: Diagnostic clarity is present
Good and early assessment of condition is done

Respondent 22:
  Date: 2025-05-16
  SessionName: IV (VT)
  Identification: 3
  Situation: 3
  Background (history): 3
  Background (examination): 3
  Assessment: 2
  Recommendation (clear recommendation): 2
  Recommendation (global rating scale): 3
  Comments: Clear communication skills
Good

Respondent 15:
  Date: 2025-05-04
  SessionName: III - Sepsis
  Identification: 3
  Situation: 3
  Background (history): 2
  Background (examination): 3
  Assessment: 2
  Recommendation (clear recommendation): 2
  Recommendation (global rating scale): 2
  Comments: Detailed Response - clear communication

Respondent 6:
  Date: 2025-04-04
  SessionName: II (Anaphylactic Shock)
  Identification: 3
  Situation: 2
  Background (history): 3
  Background (examination): 3
  Assessment: 2
  Recommendation (clear recommendation): 2
  Recommendation (global rating scale): 3
  Comments: 

Respondent 12:
  Date: 2025-05-02
  SessionName: II (Anaphylaxis)
  Identification: 3
  Situation: 3
  Background (history): 3
  Background (examination): 3
  Assessment: 2
  Recommendation (clear recommendation): 3
  Recommendation (global rating scale): 3
  Comments: Good

Respondent 18:
  Date: 2025-05-04
  SessionName: IV - VT
  Identification: 3
  Situation: 3
  Background (history): 2
  Background (examination): 2
  Assessment: 3
  Recommendation (clear recommendation): 2
  Recommendation (global rating scale): 2
  Comments: Not very concise or clear communication
Satisfactory

Respondent 3:
  Date: 2025-04-04
  SessionName: III-Sepsis
  Identification: 0
  Situation: 2
  Background (history): 3
  Background (examination): 3
  Assessment: 3
  Recommendation (clear recommendation): 3
  Recommendation (global rating scale): 3
  Comments: The patient/simulation is not oriented in TPP.
Clear communication between Reg and colleague during handover

Respondent 17:
  Date: 2025-05-04
  SessionName: V (Hypoglycemia)
  Identification: 3
  Situation: 3
  Background (history): 3
  Background (examination): 3
  Assessment: 3
  Recommendation (clear recommendation): 3
  Recommendation (global rating scale): 2
  Comments: Concise - clear
Satisfactory



Answer: []
</example>

<questionnaire>
Survey Data
==================================================

Questions:
1. Date: What is the date of the session? [Open-ended]
2. SessionName: What is the name of the session? [Open-ended]
3. Identification: Identification of self, role, and patient. [Rubric: 0 = Requires direct prompting, 1 = Introduces themselves but only after a hint, 2 = Introduces themselves but information is incomplete, 3 = Introduces themselves and information is complete]
4. Situation: Identifies the main problem(s). [Rubric: 0 = Unable to identify the main problem(s), 1 = Identifies the main problem(s) after extended prompting, 2 = Identifies the main problem(s) with fewer prompts needed, 3 = Identifies and prioritizes the main problem(s) unprompted]
5. Background (history): Gives appropriate history. [Rubric: 0 = History is unstructured or non-relevant, 1 = Relevant history but frequent clarification needed, 2 = Relevant history with few further questions needed, 3 = Comprehensive focused history]
6. Background (examination): Gives appropriate examination/observations. [Rubric: 0 = Observations are omitted or irrelevant, 1 = Observations reported but frequent clarification needed, 2 = Observations reported with few further questions needed, 3 = Comprehensive focused examination/observations]
7. Assessment: Makes logical assessment (correlates problem, history, exam, context). [Rubric: 0 = No logical assessment, 1 = Assessment only after extended questioning, 2 = Assessment after minimal questioning, 3 = Comprehensive logical assessment without questioning]
8. Recommendation (clear recommendation): Makes a clear recommendation. [Rubric: 0 = No recommendation, 1 = Clear recommendation only after extended questioning, 2 = Clear recommendation after minimal questioning, 3 = Clear comprehensive recommendation without questioning]
9. Recommendation (global rating scale): Global Rating Scale (GRS) - How confident am I that I received an accurate picture of the patient? [Rubric: 0 = Not at all confident, 1 = Confident but required extended questioning, 2 = Confident but required some further questioning, 3 = Confident and required little or no questioning]
10. Comments: Comments on the session. [Open-ended]

Responses:
--------------------

Respondent 9:
  Date: 2025-05-04
  SessionName: II (Anaphylaxsis)
  Identification: 3
  Situation: 3
  Background (history): 2
  Background (examination): 2
  Assessment: 2
  Recommendation (clear recommendation): 3
  Recommendation (global rating scale): 2
  Comments: Overall a bit unclear communication reflected

Respondent 16:
  Date: 2025-05-02
  SessionName: I - MI
  Identification: 3
  Situation: 3
  Background (history): 3
  Background (examination): 3
  Assessment: 3
  Recommendation (clear recommendation): 2
  Recommendation (global rating scale): 3
  Comments: Consent denied for video recordings
Satisfactory

Respondent 21:
  Date: 2025-05-16
  SessionName: I (Myocardial infarction)
  Identification: 3
  Situation: 2
  Background (history): 3
  Background (examination): 1
  Assessment: 2
  Recommendation (clear recommendation): 3
  Recommendation (global rating scale): 3
  Comments: Diagnostic clarity is present
Good and early assessment of condition is done

Respondent 22:
  Date: 2025-05-16
  SessionName: IV (VT)
  Identification: 3
  Situation: 3
  Background (history): 3
  Background (examination): 3
  Assessment: 2
  Recommendation (clear recommendation): 2
  Recommendation (global rating scale): 3
  Comments: Clear communication skills
Good

Respondent 15:
  Date: 2025-05-04
  SessionName: III - Sepsis
  Identification: 3
  Situation: 3
  Background (history): 2
  Background (examination): 3
  Assessment: 2
  Recommendation (clear recommendation): 2
  Recommendation (global rating scale): 2
  Comments: Detailed Response - clear communication

Respondent 6:
  Date: 2025-04-04
  SessionName: II (Anaphylactic Shock)
  Identification: 3
  Situation: 2
  Background (history): 3
  Background (examination): 3
  Assessment: 2
  Recommendation (clear recommendation): 2
  Recommendation (global rating scale): 3
  Comments: 

Respondent 12:
  Date: 2025-05-02
  SessionName: II (Anaphylaxis)
  Identification: 3
  Situation: 3
  Background (history): 3
  Background (examination): 3
  Assessment: 2
  Recommendation (clear recommendation): 3
  Recommendation (global rating scale): 3
  Comments: Good

Respondent 18:
  Date: 2025-05-04
  SessionName: IV - VT
  Identification: 3
  Situation: 3
  Background (history): 2
  Background (examination): 2
  Assessment: 3
  Recommendation (clear recommendation): 2
  Recommendation (global rating scale): 2
  Comments: Not very concise or clear communication
Satisfactory

Respondent 3:
  Date: 2025-04-04
  SessionName: III-Sepsis
  Identification: 0
  Situation: 2
  Background (history): 3
  Background (examination): 3
  Assessment: 3
  Recommendation (clear recommendation): 3
  Recommendation (global rating scale): 3
  Comments: The patient/simulation is not oriented in TPP.
Clear communication between Reg and colleague during handover

Respondent 17:
  Date: 2025-05-04
  SessionName: V (Hypoglycemia)
  Identification: 3
  Situation: 3
  Background (history): 3
  Background (examination): 3
  Assessment: 3
  Recommendation (clear recommendation): 3
  Recommendation (global rating scale): 2
  Comments: Concise - clear
Satisfactory


</questionnaire>

You are a meticulous data analyst AI. Your primary function is to accurately analyze structured data and provide precise, verifiable answers.

You will be given a dataset with two key parts:

A 'questions' section: This is your data dictionary or schema. It is the single source of truth for understanding what each field and score means. Refer to it carefully.

A 'responses' section: This contains the raw data from each individual respondent.

To answer the question correctly, you must first use the 'questions' schema to fully understand the context and meaning of the data points within the 'responses'. Do not rely on any prior knowledge outside of this provided data. Base your entire analysis on the information given.

Provide your final answer directly and concisely. Output must be the human-readable value, not an option code.

Rules:
- For MCQ fields, map any letter codes in the Responses (case-insensitive) to the corresponding option text from the Questions schema, and output only that text. Do NOT include the letter or both.
  Example: If the schema is """"[MCQ: A. Abnormal B. Inconclusive C. Normal]"""" and the response is """"a"""", output """"Abnormal"""".
- For open-ended fields, output the exact text value.
- If the question asks for a count, provide only the number (e.g., """"42"""").
- If the question asks for a list of names or IDs, provide a simple comma-separated list (e.g., """"17, 21, 23"""").
- Preserve capitalization exactly as in the schema (e.g., output """"Abnormal"""", not """"abnormal"""" or """"A"""").

<task>
List all respondents from the 'II (Anaphylaxis)' session whose 'Identification' is exactly 0.
</task>""",[],True
case_10,rule_based_querying,Which respondents scored higher than 2 on 'Recommendation (global rating scale)'?,"""Survey Data
==================================================

Questions:
1. Date: What is the date of the session? [Open-ended]
2. SessionName: What is the name of the session? [Open-ended]
3. Identification: Identification of self, role, and patient. [Rubric: 0 = Requires direct prompting, 1 = Introduces themselves but only after a hint, 2 = Introduces themselves but information is incomplete, 3 = Introduces themselves and information is complete]
4. Situation: Identifies the main problem(s). [Rubric: 0 = Unable to identify the main problem(s), 1 = Identifies the main problem(s) after extended prompting, 2 = Identifies the main problem(s) with fewer prompts needed, 3 = Identifies and prioritizes the main problem(s) unprompted]
5. Background (history): Gives appropriate history. [Rubric: 0 = History is unstructured or non-relevant, 1 = Relevant history but frequent clarification needed, 2 = Relevant history with few further questions needed, 3 = Comprehensive focused history]
6. Background (examination): Gives appropriate examination/observations. [Rubric: 0 = Observations are omitted or irrelevant, 1 = Observations reported but frequent clarification needed, 2 = Observations reported with few further questions needed, 3 = Comprehensive focused examination/observations]
7. Assessment: Makes logical assessment (correlates problem, history, exam, context). [Rubric: 0 = No logical assessment, 1 = Assessment only after extended questioning, 2 = Assessment after minimal questioning, 3 = Comprehensive logical assessment without questioning]
8. Recommendation (clear recommendation): Makes a clear recommendation. [Rubric: 0 = No recommendation, 1 = Clear recommendation only after extended questioning, 2 = Clear recommendation after minimal questioning, 3 = Clear comprehensive recommendation without questioning]
9. Recommendation (global rating scale): Global Rating Scale (GRS) - How confident am I that I received an accurate picture of the patient? [Rubric: 0 = Not at all confident, 1 = Confident but required extended questioning, 2 = Confident but required some further questioning, 3 = Confident and required little or no questioning]
10. Comments: Comments on the session. [Open-ended]

Responses:
--------------------

Respondent 6:
  Date: 2025-04-04
  SessionName: II (Anaphylactic Shock)
  Identification: 3
  Situation: 2
  Background (history): 3
  Background (examination): 3
  Assessment: 2
  Recommendation (clear recommendation): 2
  Recommendation (global rating scale): 3
  Comments: 

Respondent 18:
  Date: 2025-05-04
  SessionName: IV - VT
  Identification: 3
  Situation: 3
  Background (history): 2
  Background (examination): 2
  Assessment: 3
  Recommendation (clear recommendation): 2
  Recommendation (global rating scale): 2
  Comments: Not very concise or clear communication
Satisfactory

Respondent 21:
  Date: 2025-05-16
  SessionName: I (Myocardial infarction)
  Identification: 3
  Situation: 2
  Background (history): 3
  Background (examination): 1
  Assessment: 2
  Recommendation (clear recommendation): 3
  Recommendation (global rating scale): 3
  Comments: Diagnostic clarity is present
Good and early assessment of condition is done

Respondent 2:
  Date: 2025-04-04
  SessionName: MI
  Identification: 3
  Situation: 3
  Background (history): 2
  Background (examination): 3
  Assessment: 3
  Recommendation (clear recommendation): 2
  Recommendation (global rating scale): 1
  Comments: 

Respondent 17:
  Date: 2025-05-04
  SessionName: V (Hypoglycemia)
  Identification: 3
  Situation: 3
  Background (history): 3
  Background (examination): 3
  Assessment: 3
  Recommendation (clear recommendation): 3
  Recommendation (global rating scale): 2
  Comments: Concise - clear
Satisfactory

Respondent 20:
  Date: 2025-05-02
  SessionName: IV (VT)
  Identification: 3
  Situation: 3
  Background (history): 2
  Background (examination): -1
  Assessment: 3
  Recommendation (clear recommendation): 2
  Recommendation (global rating scale): 3
  Comments: Good

Respondent 3:
  Date: 2025-04-04
  SessionName: III-Sepsis
  Identification: 0
  Situation: 2
  Background (history): 3
  Background (examination): 3
  Assessment: 3
  Recommendation (clear recommendation): 3
  Recommendation (global rating scale): 3
  Comments: The patient/simulation is not oriented in TPP.
Clear communication between Reg and colleague during handover

Respondent 22:
  Date: 2025-05-16
  SessionName: IV (VT)
  Identification: 3
  Situation: 3
  Background (history): 3
  Background (examination): 3
  Assessment: 2
  Recommendation (clear recommendation): 2
  Recommendation (global rating scale): 3
  Comments: Clear communication skills
Good

Respondent 13:
  Date: 2025-03-14
  SessionName: I-VF
  Identification: 3
  Situation: 3
  Background (history): 2
  Background (examination): 1
  Assessment: 2
  Recommendation (clear recommendation): 2
  Recommendation (global rating scale): 2
  Comments: Time: (10:29-10:54)
Ventricular fibrillation (CVS)
Lack of communication btween 2 main interns
Further brief to patient, ask patent concerns

Respondent 1:
  Date: 2025-05-02
  SessionName: V (Hypoglycemia)
  Identification: -1
  Situation: 2
  Background (history): 2
  Background (examination): 2
  Assessment: 3
  Recommendation (clear recommendation): 2
  Recommendation (global rating scale): 2
  Comments: Satisfactory

Respondent 7:
  Date: 2025-03-14
  SessionName: III-Sepsis
  Identification: 3
  Situation: 3
  Background (history): 2
  Background (examination): 3
  Assessment: 2
  Recommendation (clear recommendation): 2
  Recommendation (global rating scale): 2
  Comments: Time: (1:00-1:17)

Respondent 19:
  Date: 2025-05-16
  SessionName: I - MI
  Identification: 3
  Situation: 3
  Background (history): 3
  Background (examination): 3
  Assessment: 2
  Recommendation (clear recommendation): 3
  Recommendation (global rating scale): 3
  Comments: Wrong CPR position
Clarity is a bit low over whole case scenario
Satisfactory

""","""['6', '21', '20', '3', '22', '19']""","""<example>
List all respondents from the '(MI)-VT' session whose 'Recommendation (global rating scale)' is exactly 0.

DATA:

Survey Data
==================================================

Questions:
1. Date: What is the date of the session? [Open-ended]
2. SessionName: What is the name of the session? [Open-ended]
3. Identification: Identification of self, role, and patient. [Rubric: 0 = Requires direct prompting, 1 = Introduces themselves but only after a hint, 2 = Introduces themselves but information is incomplete, 3 = Introduces themselves and information is complete]
4. Situation: Identifies the main problem(s). [Rubric: 0 = Unable to identify the main problem(s), 1 = Identifies the main problem(s) after extended prompting, 2 = Identifies the main problem(s) with fewer prompts needed, 3 = Identifies and prioritizes the main problem(s) unprompted]
5. Background (history): Gives appropriate history. [Rubric: 0 = History is unstructured or non-relevant, 1 = Relevant history but frequent clarification needed, 2 = Relevant history with few further questions needed, 3 = Comprehensive focused history]
6. Background (examination): Gives appropriate examination/observations. [Rubric: 0 = Observations are omitted or irrelevant, 1 = Observations reported but frequent clarification needed, 2 = Observations reported with few further questions needed, 3 = Comprehensive focused examination/observations]
7. Assessment: Makes logical assessment (correlates problem, history, exam, context). [Rubric: 0 = No logical assessment, 1 = Assessment only after extended questioning, 2 = Assessment after minimal questioning, 3 = Comprehensive logical assessment without questioning]
8. Recommendation (clear recommendation): Makes a clear recommendation. [Rubric: 0 = No recommendation, 1 = Clear recommendation only after extended questioning, 2 = Clear recommendation after minimal questioning, 3 = Clear comprehensive recommendation without questioning]
9. Recommendation (global rating scale): Global Rating Scale (GRS) - How confident am I that I received an accurate picture of the patient? [Rubric: 0 = Not at all confident, 1 = Confident but required extended questioning, 2 = Confident but required some further questioning, 3 = Confident and required little or no questioning]
10. Comments: Comments on the session. [Open-ended]

Responses:
--------------------

Respondent 6:
  Date: 2025-04-04
  SessionName: II (Anaphylactic Shock)
  Identification: 3
  Situation: 2
  Background (history): 3
  Background (examination): 3
  Assessment: 2
  Recommendation (clear recommendation): 2
  Recommendation (global rating scale): 3
  Comments: 

Respondent 18:
  Date: 2025-05-04
  SessionName: IV - VT
  Identification: 3
  Situation: 3
  Background (history): 2
  Background (examination): 2
  Assessment: 3
  Recommendation (clear recommendation): 2
  Recommendation (global rating scale): 2
  Comments: Not very concise or clear communication
Satisfactory

Respondent 21:
  Date: 2025-05-16
  SessionName: I (Myocardial infarction)
  Identification: 3
  Situation: 2
  Background (history): 3
  Background (examination): 1
  Assessment: 2
  Recommendation (clear recommendation): 3
  Recommendation (global rating scale): 3
  Comments: Diagnostic clarity is present
Good and early assessment of condition is done

Respondent 2:
  Date: 2025-04-04
  SessionName: MI
  Identification: 3
  Situation: 3
  Background (history): 2
  Background (examination): 3
  Assessment: 3
  Recommendation (clear recommendation): 2
  Recommendation (global rating scale): 1
  Comments: 

Respondent 17:
  Date: 2025-05-04
  SessionName: V (Hypoglycemia)
  Identification: 3
  Situation: 3
  Background (history): 3
  Background (examination): 3
  Assessment: 3
  Recommendation (clear recommendation): 3
  Recommendation (global rating scale): 2
  Comments: Concise - clear
Satisfactory

Respondent 20:
  Date: 2025-05-02
  SessionName: IV (VT)
  Identification: 3
  Situation: 3
  Background (history): 2
  Background (examination): -1
  Assessment: 3
  Recommendation (clear recommendation): 2
  Recommendation (global rating scale): 3
  Comments: Good

Respondent 3:
  Date: 2025-04-04
  SessionName: III-Sepsis
  Identification: 0
  Situation: 2
  Background (history): 3
  Background (examination): 3
  Assessment: 3
  Recommendation (clear recommendation): 3
  Recommendation (global rating scale): 3
  Comments: The patient/simulation is not oriented in TPP.
Clear communication between Reg and colleague during handover

Respondent 22:
  Date: 2025-05-16
  SessionName: IV (VT)
  Identification: 3
  Situation: 3
  Background (history): 3
  Background (examination): 3
  Assessment: 2
  Recommendation (clear recommendation): 2
  Recommendation (global rating scale): 3
  Comments: Clear communication skills
Good

Respondent 13:
  Date: 2025-03-14
  SessionName: I-VF
  Identification: 3
  Situation: 3
  Background (history): 2
  Background (examination): 1
  Assessment: 2
  Recommendation (clear recommendation): 2
  Recommendation (global rating scale): 2
  Comments: Time: (10:29-10:54)
Ventricular fibrillation (CVS)
Lack of communication btween 2 main interns
Further brief to patient, ask patent concerns

Respondent 1:
  Date: 2025-05-02
  SessionName: V (Hypoglycemia)
  Identification: -1
  Situation: 2
  Background (history): 2
  Background (examination): 2
  Assessment: 3
  Recommendation (clear recommendation): 2
  Recommendation (global rating scale): 2
  Comments: Satisfactory

Respondent 7:
  Date: 2025-03-14
  SessionName: III-Sepsis
  Identification: 3
  Situation: 3
  Background (history): 2
  Background (examination): 3
  Assessment: 2
  Recommendation (clear recommendation): 2
  Recommendation (global rating scale): 2
  Comments: Time: (1:00-1:17)

Respondent 19:
  Date: 2025-05-16
  SessionName: I - MI
  Identification: 3
  Situation: 3
  Background (history): 3
  Background (examination): 3
  Assessment: 2
  Recommendation (clear recommendation): 3
  Recommendation (global rating scale): 3
  Comments: Wrong CPR position
Clarity is a bit low over whole case scenario
Satisfactory



Answer: []
</example>

<questionnaire>
Survey Data
==================================================

Questions:
1. Date: What is the date of the session? [Open-ended]
2. SessionName: What is the name of the session? [Open-ended]
3. Identification: Identification of self, role, and patient. [Rubric: 0 = Requires direct prompting, 1 = Introduces themselves but only after a hint, 2 = Introduces themselves but information is incomplete, 3 = Introduces themselves and information is complete]
4. Situation: Identifies the main problem(s). [Rubric: 0 = Unable to identify the main problem(s), 1 = Identifies the main problem(s) after extended prompting, 2 = Identifies the main problem(s) with fewer prompts needed, 3 = Identifies and prioritizes the main problem(s) unprompted]
5. Background (history): Gives appropriate history. [Rubric: 0 = History is unstructured or non-relevant, 1 = Relevant history but frequent clarification needed, 2 = Relevant history with few further questions needed, 3 = Comprehensive focused history]
6. Background (examination): Gives appropriate examination/observations. [Rubric: 0 = Observations are omitted or irrelevant, 1 = Observations reported but frequent clarification needed, 2 = Observations reported with few further questions needed, 3 = Comprehensive focused examination/observations]
7. Assessment: Makes logical assessment (correlates problem, history, exam, context). [Rubric: 0 = No logical assessment, 1 = Assessment only after extended questioning, 2 = Assessment after minimal questioning, 3 = Comprehensive logical assessment without questioning]
8. Recommendation (clear recommendation): Makes a clear recommendation. [Rubric: 0 = No recommendation, 1 = Clear recommendation only after extended questioning, 2 = Clear recommendation after minimal questioning, 3 = Clear comprehensive recommendation without questioning]
9. Recommendation (global rating scale): Global Rating Scale (GRS) - How confident am I that I received an accurate picture of the patient? [Rubric: 0 = Not at all confident, 1 = Confident but required extended questioning, 2 = Confident but required some further questioning, 3 = Confident and required little or no questioning]
10. Comments: Comments on the session. [Open-ended]

Responses:
--------------------

Respondent 6:
  Date: 2025-04-04
  SessionName: II (Anaphylactic Shock)
  Identification: 3
  Situation: 2
  Background (history): 3
  Background (examination): 3
  Assessment: 2
  Recommendation (clear recommendation): 2
  Recommendation (global rating scale): 3
  Comments: 

Respondent 18:
  Date: 2025-05-04
  SessionName: IV - VT
  Identification: 3
  Situation: 3
  Background (history): 2
  Background (examination): 2
  Assessment: 3
  Recommendation (clear recommendation): 2
  Recommendation (global rating scale): 2
  Comments: Not very concise or clear communication
Satisfactory

Respondent 21:
  Date: 2025-05-16
  SessionName: I (Myocardial infarction)
  Identification: 3
  Situation: 2
  Background (history): 3
  Background (examination): 1
  Assessment: 2
  Recommendation (clear recommendation): 3
  Recommendation (global rating scale): 3
  Comments: Diagnostic clarity is present
Good and early assessment of condition is done

Respondent 2:
  Date: 2025-04-04
  SessionName: MI
  Identification: 3
  Situation: 3
  Background (history): 2
  Background (examination): 3
  Assessment: 3
  Recommendation (clear recommendation): 2
  Recommendation (global rating scale): 1
  Comments: 

Respondent 17:
  Date: 2025-05-04
  SessionName: V (Hypoglycemia)
  Identification: 3
  Situation: 3
  Background (history): 3
  Background (examination): 3
  Assessment: 3
  Recommendation (clear recommendation): 3
  Recommendation (global rating scale): 2
  Comments: Concise - clear
Satisfactory

Respondent 20:
  Date: 2025-05-02
  SessionName: IV (VT)
  Identification: 3
  Situation: 3
  Background (history): 2
  Background (examination): -1
  Assessment: 3
  Recommendation (clear recommendation): 2
  Recommendation (global rating scale): 3
  Comments: Good

Respondent 3:
  Date: 2025-04-04
  SessionName: III-Sepsis
  Identification: 0
  Situation: 2
  Background (history): 3
  Background (examination): 3
  Assessment: 3
  Recommendation (clear recommendation): 3
  Recommendation (global rating scale): 3
  Comments: The patient/simulation is not oriented in TPP.
Clear communication between Reg and colleague during handover

Respondent 22:
  Date: 2025-05-16
  SessionName: IV (VT)
  Identification: 3
  Situation: 3
  Background (history): 3
  Background (examination): 3
  Assessment: 2
  Recommendation (clear recommendation): 2
  Recommendation (global rating scale): 3
  Comments: Clear communication skills
Good

Respondent 13:
  Date: 2025-03-14
  SessionName: I-VF
  Identification: 3
  Situation: 3
  Background (history): 2
  Background (examination): 1
  Assessment: 2
  Recommendation (clear recommendation): 2
  Recommendation (global rating scale): 2
  Comments: Time: (10:29-10:54)
Ventricular fibrillation (CVS)
Lack of communication btween 2 main interns
Further brief to patient, ask patent concerns

Respondent 1:
  Date: 2025-05-02
  SessionName: V (Hypoglycemia)
  Identification: -1
  Situation: 2
  Background (history): 2
  Background (examination): 2
  Assessment: 3
  Recommendation (clear recommendation): 2
  Recommendation (global rating scale): 2
  Comments: Satisfactory

Respondent 7:
  Date: 2025-03-14
  SessionName: III-Sepsis
  Identification: 3
  Situation: 3
  Background (history): 2
  Background (examination): 3
  Assessment: 2
  Recommendation (clear recommendation): 2
  Recommendation (global rating scale): 2
  Comments: Time: (1:00-1:17)

Respondent 19:
  Date: 2025-05-16
  SessionName: I - MI
  Identification: 3
  Situation: 3
  Background (history): 3
  Background (examination): 3
  Assessment: 2
  Recommendation (clear recommendation): 3
  Recommendation (global rating scale): 3
  Comments: Wrong CPR position
Clarity is a bit low over whole case scenario
Satisfactory


</questionnaire>

You are a meticulous data analyst AI. Your primary function is to accurately analyze structured data and provide precise, verifiable answers.

You will be given a dataset with two key parts:

A 'questions' section: This is your data dictionary or schema. It is the single source of truth for understanding what each field and score means. Refer to it carefully.

A 'responses' section: This contains the raw data from each individual respondent.

To answer the question correctly, you must first use the 'questions' schema to fully understand the context and meaning of the data points within the 'responses'. Do not rely on any prior knowledge outside of this provided data. Base your entire analysis on the information given.

Provide your final answer directly and concisely. Output must be the human-readable value, not an option code.

Rules:
- For MCQ fields, map any letter codes in the Responses (case-insensitive) to the corresponding option text from the Questions schema, and output only that text. Do NOT include the letter or both.
  Example: If the schema is """"[MCQ: A. Abnormal B. Inconclusive C. Normal]"""" and the response is """"a"""", output """"Abnormal"""".
- For open-ended fields, output the exact text value.
- If the question asks for a count, provide only the number (e.g., """"42"""").
- If the question asks for a list of names or IDs, provide a simple comma-separated list (e.g., """"17, 21, 23"""").
- Preserve capitalization exactly as in the schema (e.g., output """"Abnormal"""", not """"abnormal"""" or """"A"""").

<task>
Which respondents scored higher than 2 on 'Recommendation (global rating scale)'?
</task>""","3, 6, 19, 20, 21, 22",False
case_11,rule_based_querying,List all respondents from the 'III-Sepsis' session whose 'Background (examination)' is exactly 2.,"""Survey Data
==================================================

Questions:
1. Date: What is the date of the session? [Open-ended]
2. SessionName: What is the name of the session? [Open-ended]
3. Identification: Identification of self, role, and patient. [Rubric: 0 = Requires direct prompting, 1 = Introduces themselves but only after a hint, 2 = Introduces themselves but information is incomplete, 3 = Introduces themselves and information is complete]
4. Situation: Identifies the main problem(s). [Rubric: 0 = Unable to identify the main problem(s), 1 = Identifies the main problem(s) after extended prompting, 2 = Identifies the main problem(s) with fewer prompts needed, 3 = Identifies and prioritizes the main problem(s) unprompted]
5. Background (history): Gives appropriate history. [Rubric: 0 = History is unstructured or non-relevant, 1 = Relevant history but frequent clarification needed, 2 = Relevant history with few further questions needed, 3 = Comprehensive focused history]
6. Background (examination): Gives appropriate examination/observations. [Rubric: 0 = Observations are omitted or irrelevant, 1 = Observations reported but frequent clarification needed, 2 = Observations reported with few further questions needed, 3 = Comprehensive focused examination/observations]
7. Assessment: Makes logical assessment (correlates problem, history, exam, context). [Rubric: 0 = No logical assessment, 1 = Assessment only after extended questioning, 2 = Assessment after minimal questioning, 3 = Comprehensive logical assessment without questioning]
8. Recommendation (clear recommendation): Makes a clear recommendation. [Rubric: 0 = No recommendation, 1 = Clear recommendation only after extended questioning, 2 = Clear recommendation after minimal questioning, 3 = Clear comprehensive recommendation without questioning]
9. Recommendation (global rating scale): Global Rating Scale (GRS) - How confident am I that I received an accurate picture of the patient? [Rubric: 0 = Not at all confident, 1 = Confident but required extended questioning, 2 = Confident but required some further questioning, 3 = Confident and required little or no questioning]
10. Comments: Comments on the session. [Open-ended]

Responses:
--------------------

Respondent 3:
  Date: 2025-04-04
  SessionName: III-Sepsis
  Identification: 0
  Situation: 2
  Background (history): 3
  Background (examination): 3
  Assessment: 3
  Recommendation (clear recommendation): 3
  Recommendation (global rating scale): 3
  Comments: The patient/simulation is not oriented in TPP.
Clear communication between Reg and colleague during handover

Respondent 5:
  Date: 2025-05-04
  SessionName: II - Anaphylaxsis
  Identification: 3
  Situation: 3
  Background (history): 3
  Background (examination): 3
  Assessment: 3
  Recommendation (clear recommendation): 2
  Recommendation (global rating scale): 3
  Comments: Good clear and precise clinical handover
Good

Respondent 1:
  Date: 2025-05-02
  SessionName: V (Hypoglycemia)
  Identification: -1
  Situation: 2
  Background (history): 2
  Background (examination): 2
  Assessment: 3
  Recommendation (clear recommendation): 2
  Recommendation (global rating scale): 2
  Comments: Satisfactory

Respondent 7:
  Date: 2025-03-14
  SessionName: III-Sepsis
  Identification: 3
  Situation: 3
  Background (history): 2
  Background (examination): 3
  Assessment: 2
  Recommendation (clear recommendation): 2
  Recommendation (global rating scale): 2
  Comments: Time: (1:00-1:17)

Respondent 17:
  Date: 2025-05-04
  SessionName: V (Hypoglycemia)
  Identification: 3
  Situation: 3
  Background (history): 3
  Background (examination): 3
  Assessment: 3
  Recommendation (clear recommendation): 3
  Recommendation (global rating scale): 2
  Comments: Concise - clear
Satisfactory

Respondent 15:
  Date: 2025-05-04
  SessionName: III - Sepsis
  Identification: 3
  Situation: 3
  Background (history): 2
  Background (examination): 3
  Assessment: 2
  Recommendation (clear recommendation): 2
  Recommendation (global rating scale): 2
  Comments: Detailed Response - clear communication

Respondent 12:
  Date: 2025-05-02
  SessionName: II (Anaphylaxis)
  Identification: 3
  Situation: 3
  Background (history): 3
  Background (examination): 3
  Assessment: 2
  Recommendation (clear recommendation): 3
  Recommendation (global rating scale): 3
  Comments: Good

Respondent 2:
  Date: 2025-04-04
  SessionName: MI
  Identification: 3
  Situation: 3
  Background (history): 2
  Background (examination): 3
  Assessment: 3
  Recommendation (clear recommendation): 2
  Recommendation (global rating scale): 1
  Comments: 

""",[],"""<example>
List all respondents from the '(MI)-VT' session whose 'Recommendation (global rating scale)' is exactly 0.

DATA:

Survey Data
==================================================

Questions:
1. Date: What is the date of the session? [Open-ended]
2. SessionName: What is the name of the session? [Open-ended]
3. Identification: Identification of self, role, and patient. [Rubric: 0 = Requires direct prompting, 1 = Introduces themselves but only after a hint, 2 = Introduces themselves but information is incomplete, 3 = Introduces themselves and information is complete]
4. Situation: Identifies the main problem(s). [Rubric: 0 = Unable to identify the main problem(s), 1 = Identifies the main problem(s) after extended prompting, 2 = Identifies the main problem(s) with fewer prompts needed, 3 = Identifies and prioritizes the main problem(s) unprompted]
5. Background (history): Gives appropriate history. [Rubric: 0 = History is unstructured or non-relevant, 1 = Relevant history but frequent clarification needed, 2 = Relevant history with few further questions needed, 3 = Comprehensive focused history]
6. Background (examination): Gives appropriate examination/observations. [Rubric: 0 = Observations are omitted or irrelevant, 1 = Observations reported but frequent clarification needed, 2 = Observations reported with few further questions needed, 3 = Comprehensive focused examination/observations]
7. Assessment: Makes logical assessment (correlates problem, history, exam, context). [Rubric: 0 = No logical assessment, 1 = Assessment only after extended questioning, 2 = Assessment after minimal questioning, 3 = Comprehensive logical assessment without questioning]
8. Recommendation (clear recommendation): Makes a clear recommendation. [Rubric: 0 = No recommendation, 1 = Clear recommendation only after extended questioning, 2 = Clear recommendation after minimal questioning, 3 = Clear comprehensive recommendation without questioning]
9. Recommendation (global rating scale): Global Rating Scale (GRS) - How confident am I that I received an accurate picture of the patient? [Rubric: 0 = Not at all confident, 1 = Confident but required extended questioning, 2 = Confident but required some further questioning, 3 = Confident and required little or no questioning]
10. Comments: Comments on the session. [Open-ended]

Responses:
--------------------

Respondent 3:
  Date: 2025-04-04
  SessionName: III-Sepsis
  Identification: 0
  Situation: 2
  Background (history): 3
  Background (examination): 3
  Assessment: 3
  Recommendation (clear recommendation): 3
  Recommendation (global rating scale): 3
  Comments: The patient/simulation is not oriented in TPP.
Clear communication between Reg and colleague during handover

Respondent 5:
  Date: 2025-05-04
  SessionName: II - Anaphylaxsis
  Identification: 3
  Situation: 3
  Background (history): 3
  Background (examination): 3
  Assessment: 3
  Recommendation (clear recommendation): 2
  Recommendation (global rating scale): 3
  Comments: Good clear and precise clinical handover
Good

Respondent 1:
  Date: 2025-05-02
  SessionName: V (Hypoglycemia)
  Identification: -1
  Situation: 2
  Background (history): 2
  Background (examination): 2
  Assessment: 3
  Recommendation (clear recommendation): 2
  Recommendation (global rating scale): 2
  Comments: Satisfactory

Respondent 7:
  Date: 2025-03-14
  SessionName: III-Sepsis
  Identification: 3
  Situation: 3
  Background (history): 2
  Background (examination): 3
  Assessment: 2
  Recommendation (clear recommendation): 2
  Recommendation (global rating scale): 2
  Comments: Time: (1:00-1:17)

Respondent 17:
  Date: 2025-05-04
  SessionName: V (Hypoglycemia)
  Identification: 3
  Situation: 3
  Background (history): 3
  Background (examination): 3
  Assessment: 3
  Recommendation (clear recommendation): 3
  Recommendation (global rating scale): 2
  Comments: Concise - clear
Satisfactory

Respondent 15:
  Date: 2025-05-04
  SessionName: III - Sepsis
  Identification: 3
  Situation: 3
  Background (history): 2
  Background (examination): 3
  Assessment: 2
  Recommendation (clear recommendation): 2
  Recommendation (global rating scale): 2
  Comments: Detailed Response - clear communication

Respondent 12:
  Date: 2025-05-02
  SessionName: II (Anaphylaxis)
  Identification: 3
  Situation: 3
  Background (history): 3
  Background (examination): 3
  Assessment: 2
  Recommendation (clear recommendation): 3
  Recommendation (global rating scale): 3
  Comments: Good

Respondent 2:
  Date: 2025-04-04
  SessionName: MI
  Identification: 3
  Situation: 3
  Background (history): 2
  Background (examination): 3
  Assessment: 3
  Recommendation (clear recommendation): 2
  Recommendation (global rating scale): 1
  Comments: 



Answer: []
</example>

<questionnaire>
Survey Data
==================================================

Questions:
1. Date: What is the date of the session? [Open-ended]
2. SessionName: What is the name of the session? [Open-ended]
3. Identification: Identification of self, role, and patient. [Rubric: 0 = Requires direct prompting, 1 = Introduces themselves but only after a hint, 2 = Introduces themselves but information is incomplete, 3 = Introduces themselves and information is complete]
4. Situation: Identifies the main problem(s). [Rubric: 0 = Unable to identify the main problem(s), 1 = Identifies the main problem(s) after extended prompting, 2 = Identifies the main problem(s) with fewer prompts needed, 3 = Identifies and prioritizes the main problem(s) unprompted]
5. Background (history): Gives appropriate history. [Rubric: 0 = History is unstructured or non-relevant, 1 = Relevant history but frequent clarification needed, 2 = Relevant history with few further questions needed, 3 = Comprehensive focused history]
6. Background (examination): Gives appropriate examination/observations. [Rubric: 0 = Observations are omitted or irrelevant, 1 = Observations reported but frequent clarification needed, 2 = Observations reported with few further questions needed, 3 = Comprehensive focused examination/observations]
7. Assessment: Makes logical assessment (correlates problem, history, exam, context). [Rubric: 0 = No logical assessment, 1 = Assessment only after extended questioning, 2 = Assessment after minimal questioning, 3 = Comprehensive logical assessment without questioning]
8. Recommendation (clear recommendation): Makes a clear recommendation. [Rubric: 0 = No recommendation, 1 = Clear recommendation only after extended questioning, 2 = Clear recommendation after minimal questioning, 3 = Clear comprehensive recommendation without questioning]
9. Recommendation (global rating scale): Global Rating Scale (GRS) - How confident am I that I received an accurate picture of the patient? [Rubric: 0 = Not at all confident, 1 = Confident but required extended questioning, 2 = Confident but required some further questioning, 3 = Confident and required little or no questioning]
10. Comments: Comments on the session. [Open-ended]

Responses:
--------------------

Respondent 3:
  Date: 2025-04-04
  SessionName: III-Sepsis
  Identification: 0
  Situation: 2
  Background (history): 3
  Background (examination): 3
  Assessment: 3
  Recommendation (clear recommendation): 3
  Recommendation (global rating scale): 3
  Comments: The patient/simulation is not oriented in TPP.
Clear communication between Reg and colleague during handover

Respondent 5:
  Date: 2025-05-04
  SessionName: II - Anaphylaxsis
  Identification: 3
  Situation: 3
  Background (history): 3
  Background (examination): 3
  Assessment: 3
  Recommendation (clear recommendation): 2
  Recommendation (global rating scale): 3
  Comments: Good clear and precise clinical handover
Good

Respondent 1:
  Date: 2025-05-02
  SessionName: V (Hypoglycemia)
  Identification: -1
  Situation: 2
  Background (history): 2
  Background (examination): 2
  Assessment: 3
  Recommendation (clear recommendation): 2
  Recommendation (global rating scale): 2
  Comments: Satisfactory

Respondent 7:
  Date: 2025-03-14
  SessionName: III-Sepsis
  Identification: 3
  Situation: 3
  Background (history): 2
  Background (examination): 3
  Assessment: 2
  Recommendation (clear recommendation): 2
  Recommendation (global rating scale): 2
  Comments: Time: (1:00-1:17)

Respondent 17:
  Date: 2025-05-04
  SessionName: V (Hypoglycemia)
  Identification: 3
  Situation: 3
  Background (history): 3
  Background (examination): 3
  Assessment: 3
  Recommendation (clear recommendation): 3
  Recommendation (global rating scale): 2
  Comments: Concise - clear
Satisfactory

Respondent 15:
  Date: 2025-05-04
  SessionName: III - Sepsis
  Identification: 3
  Situation: 3
  Background (history): 2
  Background (examination): 3
  Assessment: 2
  Recommendation (clear recommendation): 2
  Recommendation (global rating scale): 2
  Comments: Detailed Response - clear communication

Respondent 12:
  Date: 2025-05-02
  SessionName: II (Anaphylaxis)
  Identification: 3
  Situation: 3
  Background (history): 3
  Background (examination): 3
  Assessment: 2
  Recommendation (clear recommendation): 3
  Recommendation (global rating scale): 3
  Comments: Good

Respondent 2:
  Date: 2025-04-04
  SessionName: MI
  Identification: 3
  Situation: 3
  Background (history): 2
  Background (examination): 3
  Assessment: 3
  Recommendation (clear recommendation): 2
  Recommendation (global rating scale): 1
  Comments: 


</questionnaire>

You are a meticulous data analyst AI. Your primary function is to accurately analyze structured data and provide precise, verifiable answers.

You will be given a dataset with two key parts:

A 'questions' section: This is your data dictionary or schema. It is the single source of truth for understanding what each field and score means. Refer to it carefully.

A 'responses' section: This contains the raw data from each individual respondent.

To answer the question correctly, you must first use the 'questions' schema to fully understand the context and meaning of the data points within the 'responses'. Do not rely on any prior knowledge outside of this provided data. Base your entire analysis on the information given.

Provide your final answer directly and concisely. Output must be the human-readable value, not an option code.

Rules:
- For MCQ fields, map any letter codes in the Responses (case-insensitive) to the corresponding option text from the Questions schema, and output only that text. Do NOT include the letter or both.
  Example: If the schema is """"[MCQ: A. Abnormal B. Inconclusive C. Normal]"""" and the response is """"a"""", output """"Abnormal"""".
- For open-ended fields, output the exact text value.
- If the question asks for a count, provide only the number (e.g., """"42"""").
- If the question asks for a list of names or IDs, provide a simple comma-separated list (e.g., """"17, 21, 23"""").
- Preserve capitalization exactly as in the schema (e.g., output """"Abnormal"""", not """"abnormal"""" or """"A"""").

<task>
List all respondents from the 'III-Sepsis' session whose 'Background (examination)' is exactly 2.
</task>""",[],True
case_12,rule_based_querying,Find all respondents whose 'Assessment' score is between 0 and 1.,"""Survey Data
==================================================

Questions:
1. Date: What is the date of the session? [Open-ended]
2. SessionName: What is the name of the session? [Open-ended]
3. Identification: Identification of self, role, and patient. [Rubric: 0 = Requires direct prompting, 1 = Introduces themselves but only after a hint, 2 = Introduces themselves but information is incomplete, 3 = Introduces themselves and information is complete]
4. Situation: Identifies the main problem(s). [Rubric: 0 = Unable to identify the main problem(s), 1 = Identifies the main problem(s) after extended prompting, 2 = Identifies the main problem(s) with fewer prompts needed, 3 = Identifies and prioritizes the main problem(s) unprompted]
5. Background (history): Gives appropriate history. [Rubric: 0 = History is unstructured or non-relevant, 1 = Relevant history but frequent clarification needed, 2 = Relevant history with few further questions needed, 3 = Comprehensive focused history]
6. Background (examination): Gives appropriate examination/observations. [Rubric: 0 = Observations are omitted or irrelevant, 1 = Observations reported but frequent clarification needed, 2 = Observations reported with few further questions needed, 3 = Comprehensive focused examination/observations]
7. Assessment: Makes logical assessment (correlates problem, history, exam, context). [Rubric: 0 = No logical assessment, 1 = Assessment only after extended questioning, 2 = Assessment after minimal questioning, 3 = Comprehensive logical assessment without questioning]
8. Recommendation (clear recommendation): Makes a clear recommendation. [Rubric: 0 = No recommendation, 1 = Clear recommendation only after extended questioning, 2 = Clear recommendation after minimal questioning, 3 = Clear comprehensive recommendation without questioning]
9. Recommendation (global rating scale): Global Rating Scale (GRS) - How confident am I that I received an accurate picture of the patient? [Rubric: 0 = Not at all confident, 1 = Confident but required extended questioning, 2 = Confident but required some further questioning, 3 = Confident and required little or no questioning]
10. Comments: Comments on the session. [Open-ended]

Responses:
--------------------

Respondent 22:
  Date: 2025-05-16
  SessionName: IV (VT)
  Identification: 3
  Situation: 3
  Background (history): 3
  Background (examination): 3
  Assessment: 2
  Recommendation (clear recommendation): 2
  Recommendation (global rating scale): 3
  Comments: Clear communication skills
Good

Respondent 16:
  Date: 2025-05-02
  SessionName: I - MI
  Identification: 3
  Situation: 3
  Background (history): 3
  Background (examination): 3
  Assessment: 3
  Recommendation (clear recommendation): 2
  Recommendation (global rating scale): 3
  Comments: Consent denied for video recordings
Satisfactory

Respondent 1:
  Date: 2025-05-02
  SessionName: V (Hypoglycemia)
  Identification: -1
  Situation: 2
  Background (history): 2
  Background (examination): 2
  Assessment: 3
  Recommendation (clear recommendation): 2
  Recommendation (global rating scale): 2
  Comments: Satisfactory

Respondent 21:
  Date: 2025-05-16
  SessionName: I (Myocardial infarction)
  Identification: 3
  Situation: 2
  Background (history): 3
  Background (examination): 1
  Assessment: 2
  Recommendation (clear recommendation): 3
  Recommendation (global rating scale): 3
  Comments: Diagnostic clarity is present
Good and early assessment of condition is done

Respondent 18:
  Date: 2025-05-04
  SessionName: IV - VT
  Identification: 3
  Situation: 3
  Background (history): 2
  Background (examination): 2
  Assessment: 3
  Recommendation (clear recommendation): 2
  Recommendation (global rating scale): 2
  Comments: Not very concise or clear communication
Satisfactory

Respondent 19:
  Date: 2025-05-16
  SessionName: I - MI
  Identification: 3
  Situation: 3
  Background (history): 3
  Background (examination): 3
  Assessment: 2
  Recommendation (clear recommendation): 3
  Recommendation (global rating scale): 3
  Comments: Wrong CPR position
Clarity is a bit low over whole case scenario
Satisfactory

Respondent 14:
  Date: 2025-03-14
  SessionName: IV-Hypoglycemia
  Identification: 3
  Situation: 3
  Background (history): 2
  Background (examination): 2
  Assessment: 3
  Recommendation (clear recommendation): 1
  Recommendation (global rating scale): 2
  Comments: Time: (2:36-2:53)
Late response for considering consultation

Respondent 20:
  Date: 2025-05-02
  SessionName: IV (VT)
  Identification: 3
  Situation: 3
  Background (history): 2
  Background (examination): -1
  Assessment: 3
  Recommendation (clear recommendation): 2
  Recommendation (global rating scale): 3
  Comments: Good

Respondent 23:
  Date: 2025-03-14
  SessionName: II-Anaphylaxsis
  Identification: 3
  Situation: 3
  Background (history): 2
  Background (examination): 2
  Assessment: 3
  Recommendation (clear recommendation): 3
  Recommendation (global rating scale): 3
  Comments: Time: (11:43-11:58)
Talking to registrav could not summarize the condition of patient very clearly
DID: Sepsis I Anaphylaxsis given by team

Respondent 9:
  Date: 2025-05-04
  SessionName: II (Anaphylaxsis)
  Identification: 3
  Situation: 3
  Background (history): 2
  Background (examination): 2
  Assessment: 2
  Recommendation (clear recommendation): 3
  Recommendation (global rating scale): 2
  Comments: Overall a bit unclear communication reflected

Respondent 12:
  Date: 2025-05-02
  SessionName: II (Anaphylaxis)
  Identification: 3
  Situation: 3
  Background (history): 3
  Background (examination): 3
  Assessment: 2
  Recommendation (clear recommendation): 3
  Recommendation (global rating scale): 3
  Comments: Good

Respondent 5:
  Date: 2025-05-04
  SessionName: II - Anaphylaxsis
  Identification: 3
  Situation: 3
  Background (history): 3
  Background (examination): 3
  Assessment: 3
  Recommendation (clear recommendation): 2
  Recommendation (global rating scale): 3
  Comments: Good clear and precise clinical handover
Good

""",[],"""<example>
List all respondents from the '(MI)-VT' session whose 'Recommendation (global rating scale)' is exactly 0.

DATA:

Survey Data
==================================================

Questions:
1. Date: What is the date of the session? [Open-ended]
2. SessionName: What is the name of the session? [Open-ended]
3. Identification: Identification of self, role, and patient. [Rubric: 0 = Requires direct prompting, 1 = Introduces themselves but only after a hint, 2 = Introduces themselves but information is incomplete, 3 = Introduces themselves and information is complete]
4. Situation: Identifies the main problem(s). [Rubric: 0 = Unable to identify the main problem(s), 1 = Identifies the main problem(s) after extended prompting, 2 = Identifies the main problem(s) with fewer prompts needed, 3 = Identifies and prioritizes the main problem(s) unprompted]
5. Background (history): Gives appropriate history. [Rubric: 0 = History is unstructured or non-relevant, 1 = Relevant history but frequent clarification needed, 2 = Relevant history with few further questions needed, 3 = Comprehensive focused history]
6. Background (examination): Gives appropriate examination/observations. [Rubric: 0 = Observations are omitted or irrelevant, 1 = Observations reported but frequent clarification needed, 2 = Observations reported with few further questions needed, 3 = Comprehensive focused examination/observations]
7. Assessment: Makes logical assessment (correlates problem, history, exam, context). [Rubric: 0 = No logical assessment, 1 = Assessment only after extended questioning, 2 = Assessment after minimal questioning, 3 = Comprehensive logical assessment without questioning]
8. Recommendation (clear recommendation): Makes a clear recommendation. [Rubric: 0 = No recommendation, 1 = Clear recommendation only after extended questioning, 2 = Clear recommendation after minimal questioning, 3 = Clear comprehensive recommendation without questioning]
9. Recommendation (global rating scale): Global Rating Scale (GRS) - How confident am I that I received an accurate picture of the patient? [Rubric: 0 = Not at all confident, 1 = Confident but required extended questioning, 2 = Confident but required some further questioning, 3 = Confident and required little or no questioning]
10. Comments: Comments on the session. [Open-ended]

Responses:
--------------------

Respondent 22:
  Date: 2025-05-16
  SessionName: IV (VT)
  Identification: 3
  Situation: 3
  Background (history): 3
  Background (examination): 3
  Assessment: 2
  Recommendation (clear recommendation): 2
  Recommendation (global rating scale): 3
  Comments: Clear communication skills
Good

Respondent 16:
  Date: 2025-05-02
  SessionName: I - MI
  Identification: 3
  Situation: 3
  Background (history): 3
  Background (examination): 3
  Assessment: 3
  Recommendation (clear recommendation): 2
  Recommendation (global rating scale): 3
  Comments: Consent denied for video recordings
Satisfactory

Respondent 1:
  Date: 2025-05-02
  SessionName: V (Hypoglycemia)
  Identification: -1
  Situation: 2
  Background (history): 2
  Background (examination): 2
  Assessment: 3
  Recommendation (clear recommendation): 2
  Recommendation (global rating scale): 2
  Comments: Satisfactory

Respondent 21:
  Date: 2025-05-16
  SessionName: I (Myocardial infarction)
  Identification: 3
  Situation: 2
  Background (history): 3
  Background (examination): 1
  Assessment: 2
  Recommendation (clear recommendation): 3
  Recommendation (global rating scale): 3
  Comments: Diagnostic clarity is present
Good and early assessment of condition is done

Respondent 18:
  Date: 2025-05-04
  SessionName: IV - VT
  Identification: 3
  Situation: 3
  Background (history): 2
  Background (examination): 2
  Assessment: 3
  Recommendation (clear recommendation): 2
  Recommendation (global rating scale): 2
  Comments: Not very concise or clear communication
Satisfactory

Respondent 19:
  Date: 2025-05-16
  SessionName: I - MI
  Identification: 3
  Situation: 3
  Background (history): 3
  Background (examination): 3
  Assessment: 2
  Recommendation (clear recommendation): 3
  Recommendation (global rating scale): 3
  Comments: Wrong CPR position
Clarity is a bit low over whole case scenario
Satisfactory

Respondent 14:
  Date: 2025-03-14
  SessionName: IV-Hypoglycemia
  Identification: 3
  Situation: 3
  Background (history): 2
  Background (examination): 2
  Assessment: 3
  Recommendation (clear recommendation): 1
  Recommendation (global rating scale): 2
  Comments: Time: (2:36-2:53)
Late response for considering consultation

Respondent 20:
  Date: 2025-05-02
  SessionName: IV (VT)
  Identification: 3
  Situation: 3
  Background (history): 2
  Background (examination): -1
  Assessment: 3
  Recommendation (clear recommendation): 2
  Recommendation (global rating scale): 3
  Comments: Good

Respondent 23:
  Date: 2025-03-14
  SessionName: II-Anaphylaxsis
  Identification: 3
  Situation: 3
  Background (history): 2
  Background (examination): 2
  Assessment: 3
  Recommendation (clear recommendation): 3
  Recommendation (global rating scale): 3
  Comments: Time: (11:43-11:58)
Talking to registrav could not summarize the condition of patient very clearly
DID: Sepsis I Anaphylaxsis given by team

Respondent 9:
  Date: 2025-05-04
  SessionName: II (Anaphylaxsis)
  Identification: 3
  Situation: 3
  Background (history): 2
  Background (examination): 2
  Assessment: 2
  Recommendation (clear recommendation): 3
  Recommendation (global rating scale): 2
  Comments: Overall a bit unclear communication reflected

Respondent 12:
  Date: 2025-05-02
  SessionName: II (Anaphylaxis)
  Identification: 3
  Situation: 3
  Background (history): 3
  Background (examination): 3
  Assessment: 2
  Recommendation (clear recommendation): 3
  Recommendation (global rating scale): 3
  Comments: Good

Respondent 5:
  Date: 2025-05-04
  SessionName: II - Anaphylaxsis
  Identification: 3
  Situation: 3
  Background (history): 3
  Background (examination): 3
  Assessment: 3
  Recommendation (clear recommendation): 2
  Recommendation (global rating scale): 3
  Comments: Good clear and precise clinical handover
Good



Answer: []
</example>

<questionnaire>
Survey Data
==================================================

Questions:
1. Date: What is the date of the session? [Open-ended]
2. SessionName: What is the name of the session? [Open-ended]
3. Identification: Identification of self, role, and patient. [Rubric: 0 = Requires direct prompting, 1 = Introduces themselves but only after a hint, 2 = Introduces themselves but information is incomplete, 3 = Introduces themselves and information is complete]
4. Situation: Identifies the main problem(s). [Rubric: 0 = Unable to identify the main problem(s), 1 = Identifies the main problem(s) after extended prompting, 2 = Identifies the main problem(s) with fewer prompts needed, 3 = Identifies and prioritizes the main problem(s) unprompted]
5. Background (history): Gives appropriate history. [Rubric: 0 = History is unstructured or non-relevant, 1 = Relevant history but frequent clarification needed, 2 = Relevant history with few further questions needed, 3 = Comprehensive focused history]
6. Background (examination): Gives appropriate examination/observations. [Rubric: 0 = Observations are omitted or irrelevant, 1 = Observations reported but frequent clarification needed, 2 = Observations reported with few further questions needed, 3 = Comprehensive focused examination/observations]
7. Assessment: Makes logical assessment (correlates problem, history, exam, context). [Rubric: 0 = No logical assessment, 1 = Assessment only after extended questioning, 2 = Assessment after minimal questioning, 3 = Comprehensive logical assessment without questioning]
8. Recommendation (clear recommendation): Makes a clear recommendation. [Rubric: 0 = No recommendation, 1 = Clear recommendation only after extended questioning, 2 = Clear recommendation after minimal questioning, 3 = Clear comprehensive recommendation without questioning]
9. Recommendation (global rating scale): Global Rating Scale (GRS) - How confident am I that I received an accurate picture of the patient? [Rubric: 0 = Not at all confident, 1 = Confident but required extended questioning, 2 = Confident but required some further questioning, 3 = Confident and required little or no questioning]
10. Comments: Comments on the session. [Open-ended]

Responses:
--------------------

Respondent 22:
  Date: 2025-05-16
  SessionName: IV (VT)
  Identification: 3
  Situation: 3
  Background (history): 3
  Background (examination): 3
  Assessment: 2
  Recommendation (clear recommendation): 2
  Recommendation (global rating scale): 3
  Comments: Clear communication skills
Good

Respondent 16:
  Date: 2025-05-02
  SessionName: I - MI
  Identification: 3
  Situation: 3
  Background (history): 3
  Background (examination): 3
  Assessment: 3
  Recommendation (clear recommendation): 2
  Recommendation (global rating scale): 3
  Comments: Consent denied for video recordings
Satisfactory

Respondent 1:
  Date: 2025-05-02
  SessionName: V (Hypoglycemia)
  Identification: -1
  Situation: 2
  Background (history): 2
  Background (examination): 2
  Assessment: 3
  Recommendation (clear recommendation): 2
  Recommendation (global rating scale): 2
  Comments: Satisfactory

Respondent 21:
  Date: 2025-05-16
  SessionName: I (Myocardial infarction)
  Identification: 3
  Situation: 2
  Background (history): 3
  Background (examination): 1
  Assessment: 2
  Recommendation (clear recommendation): 3
  Recommendation (global rating scale): 3
  Comments: Diagnostic clarity is present
Good and early assessment of condition is done

Respondent 18:
  Date: 2025-05-04
  SessionName: IV - VT
  Identification: 3
  Situation: 3
  Background (history): 2
  Background (examination): 2
  Assessment: 3
  Recommendation (clear recommendation): 2
  Recommendation (global rating scale): 2
  Comments: Not very concise or clear communication
Satisfactory

Respondent 19:
  Date: 2025-05-16
  SessionName: I - MI
  Identification: 3
  Situation: 3
  Background (history): 3
  Background (examination): 3
  Assessment: 2
  Recommendation (clear recommendation): 3
  Recommendation (global rating scale): 3
  Comments: Wrong CPR position
Clarity is a bit low over whole case scenario
Satisfactory

Respondent 14:
  Date: 2025-03-14
  SessionName: IV-Hypoglycemia
  Identification: 3
  Situation: 3
  Background (history): 2
  Background (examination): 2
  Assessment: 3
  Recommendation (clear recommendation): 1
  Recommendation (global rating scale): 2
  Comments: Time: (2:36-2:53)
Late response for considering consultation

Respondent 20:
  Date: 2025-05-02
  SessionName: IV (VT)
  Identification: 3
  Situation: 3
  Background (history): 2
  Background (examination): -1
  Assessment: 3
  Recommendation (clear recommendation): 2
  Recommendation (global rating scale): 3
  Comments: Good

Respondent 23:
  Date: 2025-03-14
  SessionName: II-Anaphylaxsis
  Identification: 3
  Situation: 3
  Background (history): 2
  Background (examination): 2
  Assessment: 3
  Recommendation (clear recommendation): 3
  Recommendation (global rating scale): 3
  Comments: Time: (11:43-11:58)
Talking to registrav could not summarize the condition of patient very clearly
DID: Sepsis I Anaphylaxsis given by team

Respondent 9:
  Date: 2025-05-04
  SessionName: II (Anaphylaxsis)
  Identification: 3
  Situation: 3
  Background (history): 2
  Background (examination): 2
  Assessment: 2
  Recommendation (clear recommendation): 3
  Recommendation (global rating scale): 2
  Comments: Overall a bit unclear communication reflected

Respondent 12:
  Date: 2025-05-02
  SessionName: II (Anaphylaxis)
  Identification: 3
  Situation: 3
  Background (history): 3
  Background (examination): 3
  Assessment: 2
  Recommendation (clear recommendation): 3
  Recommendation (global rating scale): 3
  Comments: Good

Respondent 5:
  Date: 2025-05-04
  SessionName: II - Anaphylaxsis
  Identification: 3
  Situation: 3
  Background (history): 3
  Background (examination): 3
  Assessment: 3
  Recommendation (clear recommendation): 2
  Recommendation (global rating scale): 3
  Comments: Good clear and precise clinical handover
Good


</questionnaire>

You are a meticulous data analyst AI. Your primary function is to accurately analyze structured data and provide precise, verifiable answers.

You will be given a dataset with two key parts:

A 'questions' section: This is your data dictionary or schema. It is the single source of truth for understanding what each field and score means. Refer to it carefully.

A 'responses' section: This contains the raw data from each individual respondent.

To answer the question correctly, you must first use the 'questions' schema to fully understand the context and meaning of the data points within the 'responses'. Do not rely on any prior knowledge outside of this provided data. Base your entire analysis on the information given.

Provide your final answer directly and concisely. Output must be the human-readable value, not an option code.

Rules:
- For MCQ fields, map any letter codes in the Responses (case-insensitive) to the corresponding option text from the Questions schema, and output only that text. Do NOT include the letter or both.
  Example: If the schema is """"[MCQ: A. Abnormal B. Inconclusive C. Normal]"""" and the response is """"a"""", output """"Abnormal"""".
- For open-ended fields, output the exact text value.
- If the question asks for a count, provide only the number (e.g., """"42"""").
- If the question asks for a list of names or IDs, provide a simple comma-separated list (e.g., """"17, 21, 23"""").
- Preserve capitalization exactly as in the schema (e.g., output """"Abnormal"""", not """"abnormal"""" or """"A"""").

<task>
Find all respondents whose 'Assessment' score is between 0 and 1.
</task>""",[],True
case_13,rule_based_querying,List all respondents from the 'II (Anaphylactic Shock)' session whose 'Background (history)' is exactly 3.,"""Survey Data
==================================================

Questions:
1. Date: What is the date of the session? [Open-ended]
2. SessionName: What is the name of the session? [Open-ended]
3. Identification: Identification of self, role, and patient. [Rubric: 0 = Requires direct prompting, 1 = Introduces themselves but only after a hint, 2 = Introduces themselves but information is incomplete, 3 = Introduces themselves and information is complete]
4. Situation: Identifies the main problem(s). [Rubric: 0 = Unable to identify the main problem(s), 1 = Identifies the main problem(s) after extended prompting, 2 = Identifies the main problem(s) with fewer prompts needed, 3 = Identifies and prioritizes the main problem(s) unprompted]
5. Background (history): Gives appropriate history. [Rubric: 0 = History is unstructured or non-relevant, 1 = Relevant history but frequent clarification needed, 2 = Relevant history with few further questions needed, 3 = Comprehensive focused history]
6. Background (examination): Gives appropriate examination/observations. [Rubric: 0 = Observations are omitted or irrelevant, 1 = Observations reported but frequent clarification needed, 2 = Observations reported with few further questions needed, 3 = Comprehensive focused examination/observations]
7. Assessment: Makes logical assessment (correlates problem, history, exam, context). [Rubric: 0 = No logical assessment, 1 = Assessment only after extended questioning, 2 = Assessment after minimal questioning, 3 = Comprehensive logical assessment without questioning]
8. Recommendation (clear recommendation): Makes a clear recommendation. [Rubric: 0 = No recommendation, 1 = Clear recommendation only after extended questioning, 2 = Clear recommendation after minimal questioning, 3 = Clear comprehensive recommendation without questioning]
9. Recommendation (global rating scale): Global Rating Scale (GRS) - How confident am I that I received an accurate picture of the patient? [Rubric: 0 = Not at all confident, 1 = Confident but required extended questioning, 2 = Confident but required some further questioning, 3 = Confident and required little or no questioning]
10. Comments: Comments on the session. [Open-ended]

Responses:
--------------------

Respondent 1:
  Date: 2025-05-02
  SessionName: V (Hypoglycemia)
  Identification: -1
  Situation: 2
  Background (history): 2
  Background (examination): 2
  Assessment: 3
  Recommendation (clear recommendation): 2
  Recommendation (global rating scale): 2
  Comments: Satisfactory

Respondent 17:
  Date: 2025-05-04
  SessionName: V (Hypoglycemia)
  Identification: 3
  Situation: 3
  Background (history): 3
  Background (examination): 3
  Assessment: 3
  Recommendation (clear recommendation): 3
  Recommendation (global rating scale): 2
  Comments: Concise - clear
Satisfactory

Respondent 14:
  Date: 2025-03-14
  SessionName: IV-Hypoglycemia
  Identification: 3
  Situation: 3
  Background (history): 2
  Background (examination): 2
  Assessment: 3
  Recommendation (clear recommendation): 1
  Recommendation (global rating scale): 2
  Comments: Time: (2:36-2:53)
Late response for considering consultation

Respondent 6:
  Date: 2025-04-04
  SessionName: II (Anaphylactic Shock)
  Identification: 3
  Situation: 2
  Background (history): 3
  Background (examination): 3
  Assessment: 2
  Recommendation (clear recommendation): 2
  Recommendation (global rating scale): 3
  Comments: 

Respondent 4:
  Date: 2025-05-16
  SessionName: III (Sepsis)
  Identification: 3
  Situation: 3
  Background (history): 3
  Background (examination): 2
  Assessment: 2
  Recommendation (clear recommendation): 2
  Recommendation (global rating scale): 2
  Comments: Clinical handover and communication skills, satisfactory
No panic, no arrest team
Satisfactory

Respondent 19:
  Date: 2025-05-16
  SessionName: I - MI
  Identification: 3
  Situation: 3
  Background (history): 3
  Background (examination): 3
  Assessment: 2
  Recommendation (clear recommendation): 3
  Recommendation (global rating scale): 3
  Comments: Wrong CPR position
Clarity is a bit low over whole case scenario
Satisfactory

Respondent 22:
  Date: 2025-05-16
  SessionName: IV (VT)
  Identification: 3
  Situation: 3
  Background (history): 3
  Background (examination): 3
  Assessment: 2
  Recommendation (clear recommendation): 2
  Recommendation (global rating scale): 3
  Comments: Clear communication skills
Good

Respondent 5:
  Date: 2025-05-04
  SessionName: II - Anaphylaxsis
  Identification: 3
  Situation: 3
  Background (history): 3
  Background (examination): 3
  Assessment: 3
  Recommendation (clear recommendation): 2
  Recommendation (global rating scale): 3
  Comments: Good clear and precise clinical handover
Good

Respondent 18:
  Date: 2025-05-04
  SessionName: IV - VT
  Identification: 3
  Situation: 3
  Background (history): 2
  Background (examination): 2
  Assessment: 3
  Recommendation (clear recommendation): 2
  Recommendation (global rating scale): 2
  Comments: Not very concise or clear communication
Satisfactory

""",['6'],"""<example>
List all respondents from the '(MI)-VT' session whose 'Recommendation (global rating scale)' is exactly 0.

DATA:

Survey Data
==================================================

Questions:
1. Date: What is the date of the session? [Open-ended]
2. SessionName: What is the name of the session? [Open-ended]
3. Identification: Identification of self, role, and patient. [Rubric: 0 = Requires direct prompting, 1 = Introduces themselves but only after a hint, 2 = Introduces themselves but information is incomplete, 3 = Introduces themselves and information is complete]
4. Situation: Identifies the main problem(s). [Rubric: 0 = Unable to identify the main problem(s), 1 = Identifies the main problem(s) after extended prompting, 2 = Identifies the main problem(s) with fewer prompts needed, 3 = Identifies and prioritizes the main problem(s) unprompted]
5. Background (history): Gives appropriate history. [Rubric: 0 = History is unstructured or non-relevant, 1 = Relevant history but frequent clarification needed, 2 = Relevant history with few further questions needed, 3 = Comprehensive focused history]
6. Background (examination): Gives appropriate examination/observations. [Rubric: 0 = Observations are omitted or irrelevant, 1 = Observations reported but frequent clarification needed, 2 = Observations reported with few further questions needed, 3 = Comprehensive focused examination/observations]
7. Assessment: Makes logical assessment (correlates problem, history, exam, context). [Rubric: 0 = No logical assessment, 1 = Assessment only after extended questioning, 2 = Assessment after minimal questioning, 3 = Comprehensive logical assessment without questioning]
8. Recommendation (clear recommendation): Makes a clear recommendation. [Rubric: 0 = No recommendation, 1 = Clear recommendation only after extended questioning, 2 = Clear recommendation after minimal questioning, 3 = Clear comprehensive recommendation without questioning]
9. Recommendation (global rating scale): Global Rating Scale (GRS) - How confident am I that I received an accurate picture of the patient? [Rubric: 0 = Not at all confident, 1 = Confident but required extended questioning, 2 = Confident but required some further questioning, 3 = Confident and required little or no questioning]
10. Comments: Comments on the session. [Open-ended]

Responses:
--------------------

Respondent 1:
  Date: 2025-05-02
  SessionName: V (Hypoglycemia)
  Identification: -1
  Situation: 2
  Background (history): 2
  Background (examination): 2
  Assessment: 3
  Recommendation (clear recommendation): 2
  Recommendation (global rating scale): 2
  Comments: Satisfactory

Respondent 17:
  Date: 2025-05-04
  SessionName: V (Hypoglycemia)
  Identification: 3
  Situation: 3
  Background (history): 3
  Background (examination): 3
  Assessment: 3
  Recommendation (clear recommendation): 3
  Recommendation (global rating scale): 2
  Comments: Concise - clear
Satisfactory

Respondent 14:
  Date: 2025-03-14
  SessionName: IV-Hypoglycemia
  Identification: 3
  Situation: 3
  Background (history): 2
  Background (examination): 2
  Assessment: 3
  Recommendation (clear recommendation): 1
  Recommendation (global rating scale): 2
  Comments: Time: (2:36-2:53)
Late response for considering consultation

Respondent 6:
  Date: 2025-04-04
  SessionName: II (Anaphylactic Shock)
  Identification: 3
  Situation: 2
  Background (history): 3
  Background (examination): 3
  Assessment: 2
  Recommendation (clear recommendation): 2
  Recommendation (global rating scale): 3
  Comments: 

Respondent 4:
  Date: 2025-05-16
  SessionName: III (Sepsis)
  Identification: 3
  Situation: 3
  Background (history): 3
  Background (examination): 2
  Assessment: 2
  Recommendation (clear recommendation): 2
  Recommendation (global rating scale): 2
  Comments: Clinical handover and communication skills, satisfactory
No panic, no arrest team
Satisfactory

Respondent 19:
  Date: 2025-05-16
  SessionName: I - MI
  Identification: 3
  Situation: 3
  Background (history): 3
  Background (examination): 3
  Assessment: 2
  Recommendation (clear recommendation): 3
  Recommendation (global rating scale): 3
  Comments: Wrong CPR position
Clarity is a bit low over whole case scenario
Satisfactory

Respondent 22:
  Date: 2025-05-16
  SessionName: IV (VT)
  Identification: 3
  Situation: 3
  Background (history): 3
  Background (examination): 3
  Assessment: 2
  Recommendation (clear recommendation): 2
  Recommendation (global rating scale): 3
  Comments: Clear communication skills
Good

Respondent 5:
  Date: 2025-05-04
  SessionName: II - Anaphylaxsis
  Identification: 3
  Situation: 3
  Background (history): 3
  Background (examination): 3
  Assessment: 3
  Recommendation (clear recommendation): 2
  Recommendation (global rating scale): 3
  Comments: Good clear and precise clinical handover
Good

Respondent 18:
  Date: 2025-05-04
  SessionName: IV - VT
  Identification: 3
  Situation: 3
  Background (history): 2
  Background (examination): 2
  Assessment: 3
  Recommendation (clear recommendation): 2
  Recommendation (global rating scale): 2
  Comments: Not very concise or clear communication
Satisfactory



Answer: []
</example>

<questionnaire>
Survey Data
==================================================

Questions:
1. Date: What is the date of the session? [Open-ended]
2. SessionName: What is the name of the session? [Open-ended]
3. Identification: Identification of self, role, and patient. [Rubric: 0 = Requires direct prompting, 1 = Introduces themselves but only after a hint, 2 = Introduces themselves but information is incomplete, 3 = Introduces themselves and information is complete]
4. Situation: Identifies the main problem(s). [Rubric: 0 = Unable to identify the main problem(s), 1 = Identifies the main problem(s) after extended prompting, 2 = Identifies the main problem(s) with fewer prompts needed, 3 = Identifies and prioritizes the main problem(s) unprompted]
5. Background (history): Gives appropriate history. [Rubric: 0 = History is unstructured or non-relevant, 1 = Relevant history but frequent clarification needed, 2 = Relevant history with few further questions needed, 3 = Comprehensive focused history]
6. Background (examination): Gives appropriate examination/observations. [Rubric: 0 = Observations are omitted or irrelevant, 1 = Observations reported but frequent clarification needed, 2 = Observations reported with few further questions needed, 3 = Comprehensive focused examination/observations]
7. Assessment: Makes logical assessment (correlates problem, history, exam, context). [Rubric: 0 = No logical assessment, 1 = Assessment only after extended questioning, 2 = Assessment after minimal questioning, 3 = Comprehensive logical assessment without questioning]
8. Recommendation (clear recommendation): Makes a clear recommendation. [Rubric: 0 = No recommendation, 1 = Clear recommendation only after extended questioning, 2 = Clear recommendation after minimal questioning, 3 = Clear comprehensive recommendation without questioning]
9. Recommendation (global rating scale): Global Rating Scale (GRS) - How confident am I that I received an accurate picture of the patient? [Rubric: 0 = Not at all confident, 1 = Confident but required extended questioning, 2 = Confident but required some further questioning, 3 = Confident and required little or no questioning]
10. Comments: Comments on the session. [Open-ended]

Responses:
--------------------

Respondent 1:
  Date: 2025-05-02
  SessionName: V (Hypoglycemia)
  Identification: -1
  Situation: 2
  Background (history): 2
  Background (examination): 2
  Assessment: 3
  Recommendation (clear recommendation): 2
  Recommendation (global rating scale): 2
  Comments: Satisfactory

Respondent 17:
  Date: 2025-05-04
  SessionName: V (Hypoglycemia)
  Identification: 3
  Situation: 3
  Background (history): 3
  Background (examination): 3
  Assessment: 3
  Recommendation (clear recommendation): 3
  Recommendation (global rating scale): 2
  Comments: Concise - clear
Satisfactory

Respondent 14:
  Date: 2025-03-14
  SessionName: IV-Hypoglycemia
  Identification: 3
  Situation: 3
  Background (history): 2
  Background (examination): 2
  Assessment: 3
  Recommendation (clear recommendation): 1
  Recommendation (global rating scale): 2
  Comments: Time: (2:36-2:53)
Late response for considering consultation

Respondent 6:
  Date: 2025-04-04
  SessionName: II (Anaphylactic Shock)
  Identification: 3
  Situation: 2
  Background (history): 3
  Background (examination): 3
  Assessment: 2
  Recommendation (clear recommendation): 2
  Recommendation (global rating scale): 3
  Comments: 

Respondent 4:
  Date: 2025-05-16
  SessionName: III (Sepsis)
  Identification: 3
  Situation: 3
  Background (history): 3
  Background (examination): 2
  Assessment: 2
  Recommendation (clear recommendation): 2
  Recommendation (global rating scale): 2
  Comments: Clinical handover and communication skills, satisfactory
No panic, no arrest team
Satisfactory

Respondent 19:
  Date: 2025-05-16
  SessionName: I - MI
  Identification: 3
  Situation: 3
  Background (history): 3
  Background (examination): 3
  Assessment: 2
  Recommendation (clear recommendation): 3
  Recommendation (global rating scale): 3
  Comments: Wrong CPR position
Clarity is a bit low over whole case scenario
Satisfactory

Respondent 22:
  Date: 2025-05-16
  SessionName: IV (VT)
  Identification: 3
  Situation: 3
  Background (history): 3
  Background (examination): 3
  Assessment: 2
  Recommendation (clear recommendation): 2
  Recommendation (global rating scale): 3
  Comments: Clear communication skills
Good

Respondent 5:
  Date: 2025-05-04
  SessionName: II - Anaphylaxsis
  Identification: 3
  Situation: 3
  Background (history): 3
  Background (examination): 3
  Assessment: 3
  Recommendation (clear recommendation): 2
  Recommendation (global rating scale): 3
  Comments: Good clear and precise clinical handover
Good

Respondent 18:
  Date: 2025-05-04
  SessionName: IV - VT
  Identification: 3
  Situation: 3
  Background (history): 2
  Background (examination): 2
  Assessment: 3
  Recommendation (clear recommendation): 2
  Recommendation (global rating scale): 2
  Comments: Not very concise or clear communication
Satisfactory


</questionnaire>

You are a meticulous data analyst AI. Your primary function is to accurately analyze structured data and provide precise, verifiable answers.

You will be given a dataset with two key parts:

A 'questions' section: This is your data dictionary or schema. It is the single source of truth for understanding what each field and score means. Refer to it carefully.

A 'responses' section: This contains the raw data from each individual respondent.

To answer the question correctly, you must first use the 'questions' schema to fully understand the context and meaning of the data points within the 'responses'. Do not rely on any prior knowledge outside of this provided data. Base your entire analysis on the information given.

Provide your final answer directly and concisely. Output must be the human-readable value, not an option code.

Rules:
- For MCQ fields, map any letter codes in the Responses (case-insensitive) to the corresponding option text from the Questions schema, and output only that text. Do NOT include the letter or both.
  Example: If the schema is """"[MCQ: A. Abnormal B. Inconclusive C. Normal]"""" and the response is """"a"""", output """"Abnormal"""".
- For open-ended fields, output the exact text value.
- If the question asks for a count, provide only the number (e.g., """"42"""").
- If the question asks for a list of names or IDs, provide a simple comma-separated list (e.g., """"17, 21, 23"""").
- Preserve capitalization exactly as in the schema (e.g., output """"Abnormal"""", not """"abnormal"""" or """"A"""").

<task>
List all respondents from the 'II (Anaphylactic Shock)' session whose 'Background (history)' is exactly 3.
</task>""",6,False
case_14,rule_based_querying,Find all respondents whose 'Assessment' score is between 0 and 1.,"""Survey Data
==================================================

Questions:
1. Date: What is the date of the session? [Open-ended]
2. SessionName: What is the name of the session? [Open-ended]
3. Identification: Identification of self, role, and patient. [Rubric: 0 = Requires direct prompting, 1 = Introduces themselves but only after a hint, 2 = Introduces themselves but information is incomplete, 3 = Introduces themselves and information is complete]
4. Situation: Identifies the main problem(s). [Rubric: 0 = Unable to identify the main problem(s), 1 = Identifies the main problem(s) after extended prompting, 2 = Identifies the main problem(s) with fewer prompts needed, 3 = Identifies and prioritizes the main problem(s) unprompted]
5. Background (history): Gives appropriate history. [Rubric: 0 = History is unstructured or non-relevant, 1 = Relevant history but frequent clarification needed, 2 = Relevant history with few further questions needed, 3 = Comprehensive focused history]
6. Background (examination): Gives appropriate examination/observations. [Rubric: 0 = Observations are omitted or irrelevant, 1 = Observations reported but frequent clarification needed, 2 = Observations reported with few further questions needed, 3 = Comprehensive focused examination/observations]
7. Assessment: Makes logical assessment (correlates problem, history, exam, context). [Rubric: 0 = No logical assessment, 1 = Assessment only after extended questioning, 2 = Assessment after minimal questioning, 3 = Comprehensive logical assessment without questioning]
8. Recommendation (clear recommendation): Makes a clear recommendation. [Rubric: 0 = No recommendation, 1 = Clear recommendation only after extended questioning, 2 = Clear recommendation after minimal questioning, 3 = Clear comprehensive recommendation without questioning]
9. Recommendation (global rating scale): Global Rating Scale (GRS) - How confident am I that I received an accurate picture of the patient? [Rubric: 0 = Not at all confident, 1 = Confident but required extended questioning, 2 = Confident but required some further questioning, 3 = Confident and required little or no questioning]
10. Comments: Comments on the session. [Open-ended]

Responses:
--------------------

Respondent 20:
  Date: 2025-05-02
  SessionName: IV (VT)
  Identification: 3
  Situation: 3
  Background (history): 2
  Background (examination): -1
  Assessment: 3
  Recommendation (clear recommendation): 2
  Recommendation (global rating scale): 3
  Comments: Good

Respondent 17:
  Date: 2025-05-04
  SessionName: V (Hypoglycemia)
  Identification: 3
  Situation: 3
  Background (history): 3
  Background (examination): 3
  Assessment: 3
  Recommendation (clear recommendation): 3
  Recommendation (global rating scale): 2
  Comments: Concise - clear
Satisfactory

Respondent 9:
  Date: 2025-05-04
  SessionName: II (Anaphylaxsis)
  Identification: 3
  Situation: 3
  Background (history): 2
  Background (examination): 2
  Assessment: 2
  Recommendation (clear recommendation): 3
  Recommendation (global rating scale): 2
  Comments: Overall a bit unclear communication reflected

Respondent 12:
  Date: 2025-05-02
  SessionName: II (Anaphylaxis)
  Identification: 3
  Situation: 3
  Background (history): 3
  Background (examination): 3
  Assessment: 2
  Recommendation (clear recommendation): 3
  Recommendation (global rating scale): 3
  Comments: Good

Respondent 21:
  Date: 2025-05-16
  SessionName: I (Myocardial infarction)
  Identification: 3
  Situation: 2
  Background (history): 3
  Background (examination): 1
  Assessment: 2
  Recommendation (clear recommendation): 3
  Recommendation (global rating scale): 3
  Comments: Diagnostic clarity is present
Good and early assessment of condition is done

Respondent 13:
  Date: 2025-03-14
  SessionName: I-VF
  Identification: 3
  Situation: 3
  Background (history): 2
  Background (examination): 1
  Assessment: 2
  Recommendation (clear recommendation): 2
  Recommendation (global rating scale): 2
  Comments: Time: (10:29-10:54)
Ventricular fibrillation (CVS)
Lack of communication btween 2 main interns
Further brief to patient, ask patent concerns

Respondent 3:
  Date: 2025-04-04
  SessionName: III-Sepsis
  Identification: 0
  Situation: 2
  Background (history): 3
  Background (examination): 3
  Assessment: 3
  Recommendation (clear recommendation): 3
  Recommendation (global rating scale): 3
  Comments: The patient/simulation is not oriented in TPP.
Clear communication between Reg and colleague during handover

Respondent 23:
  Date: 2025-03-14
  SessionName: II-Anaphylaxsis
  Identification: 3
  Situation: 3
  Background (history): 2
  Background (examination): 2
  Assessment: 3
  Recommendation (clear recommendation): 3
  Recommendation (global rating scale): 3
  Comments: Time: (11:43-11:58)
Talking to registrav could not summarize the condition of patient very clearly
DID: Sepsis I Anaphylaxsis given by team

""",[],"""<example>
List all respondents from the '(MI)-VT' session whose 'Recommendation (global rating scale)' is exactly 0.

DATA:

Survey Data
==================================================

Questions:
1. Date: What is the date of the session? [Open-ended]
2. SessionName: What is the name of the session? [Open-ended]
3. Identification: Identification of self, role, and patient. [Rubric: 0 = Requires direct prompting, 1 = Introduces themselves but only after a hint, 2 = Introduces themselves but information is incomplete, 3 = Introduces themselves and information is complete]
4. Situation: Identifies the main problem(s). [Rubric: 0 = Unable to identify the main problem(s), 1 = Identifies the main problem(s) after extended prompting, 2 = Identifies the main problem(s) with fewer prompts needed, 3 = Identifies and prioritizes the main problem(s) unprompted]
5. Background (history): Gives appropriate history. [Rubric: 0 = History is unstructured or non-relevant, 1 = Relevant history but frequent clarification needed, 2 = Relevant history with few further questions needed, 3 = Comprehensive focused history]
6. Background (examination): Gives appropriate examination/observations. [Rubric: 0 = Observations are omitted or irrelevant, 1 = Observations reported but frequent clarification needed, 2 = Observations reported with few further questions needed, 3 = Comprehensive focused examination/observations]
7. Assessment: Makes logical assessment (correlates problem, history, exam, context). [Rubric: 0 = No logical assessment, 1 = Assessment only after extended questioning, 2 = Assessment after minimal questioning, 3 = Comprehensive logical assessment without questioning]
8. Recommendation (clear recommendation): Makes a clear recommendation. [Rubric: 0 = No recommendation, 1 = Clear recommendation only after extended questioning, 2 = Clear recommendation after minimal questioning, 3 = Clear comprehensive recommendation without questioning]
9. Recommendation (global rating scale): Global Rating Scale (GRS) - How confident am I that I received an accurate picture of the patient? [Rubric: 0 = Not at all confident, 1 = Confident but required extended questioning, 2 = Confident but required some further questioning, 3 = Confident and required little or no questioning]
10. Comments: Comments on the session. [Open-ended]

Responses:
--------------------

Respondent 20:
  Date: 2025-05-02
  SessionName: IV (VT)
  Identification: 3
  Situation: 3
  Background (history): 2
  Background (examination): -1
  Assessment: 3
  Recommendation (clear recommendation): 2
  Recommendation (global rating scale): 3
  Comments: Good

Respondent 17:
  Date: 2025-05-04
  SessionName: V (Hypoglycemia)
  Identification: 3
  Situation: 3
  Background (history): 3
  Background (examination): 3
  Assessment: 3
  Recommendation (clear recommendation): 3
  Recommendation (global rating scale): 2
  Comments: Concise - clear
Satisfactory

Respondent 9:
  Date: 2025-05-04
  SessionName: II (Anaphylaxsis)
  Identification: 3
  Situation: 3
  Background (history): 2
  Background (examination): 2
  Assessment: 2
  Recommendation (clear recommendation): 3
  Recommendation (global rating scale): 2
  Comments: Overall a bit unclear communication reflected

Respondent 12:
  Date: 2025-05-02
  SessionName: II (Anaphylaxis)
  Identification: 3
  Situation: 3
  Background (history): 3
  Background (examination): 3
  Assessment: 2
  Recommendation (clear recommendation): 3
  Recommendation (global rating scale): 3
  Comments: Good

Respondent 21:
  Date: 2025-05-16
  SessionName: I (Myocardial infarction)
  Identification: 3
  Situation: 2
  Background (history): 3
  Background (examination): 1
  Assessment: 2
  Recommendation (clear recommendation): 3
  Recommendation (global rating scale): 3
  Comments: Diagnostic clarity is present
Good and early assessment of condition is done

Respondent 13:
  Date: 2025-03-14
  SessionName: I-VF
  Identification: 3
  Situation: 3
  Background (history): 2
  Background (examination): 1
  Assessment: 2
  Recommendation (clear recommendation): 2
  Recommendation (global rating scale): 2
  Comments: Time: (10:29-10:54)
Ventricular fibrillation (CVS)
Lack of communication btween 2 main interns
Further brief to patient, ask patent concerns

Respondent 3:
  Date: 2025-04-04
  SessionName: III-Sepsis
  Identification: 0
  Situation: 2
  Background (history): 3
  Background (examination): 3
  Assessment: 3
  Recommendation (clear recommendation): 3
  Recommendation (global rating scale): 3
  Comments: The patient/simulation is not oriented in TPP.
Clear communication between Reg and colleague during handover

Respondent 23:
  Date: 2025-03-14
  SessionName: II-Anaphylaxsis
  Identification: 3
  Situation: 3
  Background (history): 2
  Background (examination): 2
  Assessment: 3
  Recommendation (clear recommendation): 3
  Recommendation (global rating scale): 3
  Comments: Time: (11:43-11:58)
Talking to registrav could not summarize the condition of patient very clearly
DID: Sepsis I Anaphylaxsis given by team



Answer: []
</example>

<questionnaire>
Survey Data
==================================================

Questions:
1. Date: What is the date of the session? [Open-ended]
2. SessionName: What is the name of the session? [Open-ended]
3. Identification: Identification of self, role, and patient. [Rubric: 0 = Requires direct prompting, 1 = Introduces themselves but only after a hint, 2 = Introduces themselves but information is incomplete, 3 = Introduces themselves and information is complete]
4. Situation: Identifies the main problem(s). [Rubric: 0 = Unable to identify the main problem(s), 1 = Identifies the main problem(s) after extended prompting, 2 = Identifies the main problem(s) with fewer prompts needed, 3 = Identifies and prioritizes the main problem(s) unprompted]
5. Background (history): Gives appropriate history. [Rubric: 0 = History is unstructured or non-relevant, 1 = Relevant history but frequent clarification needed, 2 = Relevant history with few further questions needed, 3 = Comprehensive focused history]
6. Background (examination): Gives appropriate examination/observations. [Rubric: 0 = Observations are omitted or irrelevant, 1 = Observations reported but frequent clarification needed, 2 = Observations reported with few further questions needed, 3 = Comprehensive focused examination/observations]
7. Assessment: Makes logical assessment (correlates problem, history, exam, context). [Rubric: 0 = No logical assessment, 1 = Assessment only after extended questioning, 2 = Assessment after minimal questioning, 3 = Comprehensive logical assessment without questioning]
8. Recommendation (clear recommendation): Makes a clear recommendation. [Rubric: 0 = No recommendation, 1 = Clear recommendation only after extended questioning, 2 = Clear recommendation after minimal questioning, 3 = Clear comprehensive recommendation without questioning]
9. Recommendation (global rating scale): Global Rating Scale (GRS) - How confident am I that I received an accurate picture of the patient? [Rubric: 0 = Not at all confident, 1 = Confident but required extended questioning, 2 = Confident but required some further questioning, 3 = Confident and required little or no questioning]
10. Comments: Comments on the session. [Open-ended]

Responses:
--------------------

Respondent 20:
  Date: 2025-05-02
  SessionName: IV (VT)
  Identification: 3
  Situation: 3
  Background (history): 2
  Background (examination): -1
  Assessment: 3
  Recommendation (clear recommendation): 2
  Recommendation (global rating scale): 3
  Comments: Good

Respondent 17:
  Date: 2025-05-04
  SessionName: V (Hypoglycemia)
  Identification: 3
  Situation: 3
  Background (history): 3
  Background (examination): 3
  Assessment: 3
  Recommendation (clear recommendation): 3
  Recommendation (global rating scale): 2
  Comments: Concise - clear
Satisfactory

Respondent 9:
  Date: 2025-05-04
  SessionName: II (Anaphylaxsis)
  Identification: 3
  Situation: 3
  Background (history): 2
  Background (examination): 2
  Assessment: 2
  Recommendation (clear recommendation): 3
  Recommendation (global rating scale): 2
  Comments: Overall a bit unclear communication reflected

Respondent 12:
  Date: 2025-05-02
  SessionName: II (Anaphylaxis)
  Identification: 3
  Situation: 3
  Background (history): 3
  Background (examination): 3
  Assessment: 2
  Recommendation (clear recommendation): 3
  Recommendation (global rating scale): 3
  Comments: Good

Respondent 21:
  Date: 2025-05-16
  SessionName: I (Myocardial infarction)
  Identification: 3
  Situation: 2
  Background (history): 3
  Background (examination): 1
  Assessment: 2
  Recommendation (clear recommendation): 3
  Recommendation (global rating scale): 3
  Comments: Diagnostic clarity is present
Good and early assessment of condition is done

Respondent 13:
  Date: 2025-03-14
  SessionName: I-VF
  Identification: 3
  Situation: 3
  Background (history): 2
  Background (examination): 1
  Assessment: 2
  Recommendation (clear recommendation): 2
  Recommendation (global rating scale): 2
  Comments: Time: (10:29-10:54)
Ventricular fibrillation (CVS)
Lack of communication btween 2 main interns
Further brief to patient, ask patent concerns

Respondent 3:
  Date: 2025-04-04
  SessionName: III-Sepsis
  Identification: 0
  Situation: 2
  Background (history): 3
  Background (examination): 3
  Assessment: 3
  Recommendation (clear recommendation): 3
  Recommendation (global rating scale): 3
  Comments: The patient/simulation is not oriented in TPP.
Clear communication between Reg and colleague during handover

Respondent 23:
  Date: 2025-03-14
  SessionName: II-Anaphylaxsis
  Identification: 3
  Situation: 3
  Background (history): 2
  Background (examination): 2
  Assessment: 3
  Recommendation (clear recommendation): 3
  Recommendation (global rating scale): 3
  Comments: Time: (11:43-11:58)
Talking to registrav could not summarize the condition of patient very clearly
DID: Sepsis I Anaphylaxsis given by team


</questionnaire>

You are a meticulous data analyst AI. Your primary function is to accurately analyze structured data and provide precise, verifiable answers.

You will be given a dataset with two key parts:

A 'questions' section: This is your data dictionary or schema. It is the single source of truth for understanding what each field and score means. Refer to it carefully.

A 'responses' section: This contains the raw data from each individual respondent.

To answer the question correctly, you must first use the 'questions' schema to fully understand the context and meaning of the data points within the 'responses'. Do not rely on any prior knowledge outside of this provided data. Base your entire analysis on the information given.

Provide your final answer directly and concisely. Output must be the human-readable value, not an option code.

Rules:
- For MCQ fields, map any letter codes in the Responses (case-insensitive) to the corresponding option text from the Questions schema, and output only that text. Do NOT include the letter or both.
  Example: If the schema is """"[MCQ: A. Abnormal B. Inconclusive C. Normal]"""" and the response is """"a"""", output """"Abnormal"""".
- For open-ended fields, output the exact text value.
- If the question asks for a count, provide only the number (e.g., """"42"""").
- If the question asks for a list of names or IDs, provide a simple comma-separated list (e.g., """"17, 21, 23"""").
- Preserve capitalization exactly as in the schema (e.g., output """"Abnormal"""", not """"abnormal"""" or """"A"""").

<task>
Find all respondents whose 'Assessment' score is between 0 and 1.
</task>""",No respondents,False
case_15,rule_based_querying,List all respondents from the 'MI' session whose 'Recommendation (global rating scale)' is exactly 0.,"""Survey Data
==================================================

Questions:
1. Date: What is the date of the session? [Open-ended]
2. SessionName: What is the name of the session? [Open-ended]
3. Identification: Identification of self, role, and patient. [Rubric: 0 = Requires direct prompting, 1 = Introduces themselves but only after a hint, 2 = Introduces themselves but information is incomplete, 3 = Introduces themselves and information is complete]
4. Situation: Identifies the main problem(s). [Rubric: 0 = Unable to identify the main problem(s), 1 = Identifies the main problem(s) after extended prompting, 2 = Identifies the main problem(s) with fewer prompts needed, 3 = Identifies and prioritizes the main problem(s) unprompted]
5. Background (history): Gives appropriate history. [Rubric: 0 = History is unstructured or non-relevant, 1 = Relevant history but frequent clarification needed, 2 = Relevant history with few further questions needed, 3 = Comprehensive focused history]
6. Background (examination): Gives appropriate examination/observations. [Rubric: 0 = Observations are omitted or irrelevant, 1 = Observations reported but frequent clarification needed, 2 = Observations reported with few further questions needed, 3 = Comprehensive focused examination/observations]
7. Assessment: Makes logical assessment (correlates problem, history, exam, context). [Rubric: 0 = No logical assessment, 1 = Assessment only after extended questioning, 2 = Assessment after minimal questioning, 3 = Comprehensive logical assessment without questioning]
8. Recommendation (clear recommendation): Makes a clear recommendation. [Rubric: 0 = No recommendation, 1 = Clear recommendation only after extended questioning, 2 = Clear recommendation after minimal questioning, 3 = Clear comprehensive recommendation without questioning]
9. Recommendation (global rating scale): Global Rating Scale (GRS) - How confident am I that I received an accurate picture of the patient? [Rubric: 0 = Not at all confident, 1 = Confident but required extended questioning, 2 = Confident but required some further questioning, 3 = Confident and required little or no questioning]
10. Comments: Comments on the session. [Open-ended]

Responses:
--------------------

Respondent 15:
  Date: 2025-05-04
  SessionName: III - Sepsis
  Identification: 3
  Situation: 3
  Background (history): 2
  Background (examination): 3
  Assessment: 2
  Recommendation (clear recommendation): 2
  Recommendation (global rating scale): 2
  Comments: Detailed Response - clear communication

Respondent 19:
  Date: 2025-05-16
  SessionName: I - MI
  Identification: 3
  Situation: 3
  Background (history): 3
  Background (examination): 3
  Assessment: 2
  Recommendation (clear recommendation): 3
  Recommendation (global rating scale): 3
  Comments: Wrong CPR position
Clarity is a bit low over whole case scenario
Satisfactory

Respondent 8:
  Date: 2025-05-02
  SessionName: III (Sepsis)
  Identification: 3
  Situation: 3
  Background (history): 3
  Background (examination): 2
  Assessment: 2
  Recommendation (clear recommendation): 2
  Recommendation (global rating scale): 3
  Comments: Clear communication during handover
Good

Respondent 21:
  Date: 2025-05-16
  SessionName: I (Myocardial infarction)
  Identification: 3
  Situation: 2
  Background (history): 3
  Background (examination): 1
  Assessment: 2
  Recommendation (clear recommendation): 3
  Recommendation (global rating scale): 3
  Comments: Diagnostic clarity is present
Good and early assessment of condition is done

Respondent 10:
  Date: 2025-03-14
  SessionName: (MI)-VT
  Identification: 2
  Situation: 2
  Background (history): 2
  Background (examination): 2
  Assessment: 2
  Recommendation (clear recommendation): 2
  Recommendation (global rating scale): 2
  Comments: Time: (15:53-16:14)

Respondent 3:
  Date: 2025-04-04
  SessionName: III-Sepsis
  Identification: 0
  Situation: 2
  Background (history): 3
  Background (examination): 3
  Assessment: 3
  Recommendation (clear recommendation): 3
  Recommendation (global rating scale): 3
  Comments: The patient/simulation is not oriented in TPP.
Clear communication between Reg and colleague during handover

Respondent 2:
  Date: 2025-04-04
  SessionName: MI
  Identification: 3
  Situation: 3
  Background (history): 2
  Background (examination): 3
  Assessment: 3
  Recommendation (clear recommendation): 2
  Recommendation (global rating scale): 1
  Comments: 

Respondent 18:
  Date: 2025-05-04
  SessionName: IV - VT
  Identification: 3
  Situation: 3
  Background (history): 2
  Background (examination): 2
  Assessment: 3
  Recommendation (clear recommendation): 2
  Recommendation (global rating scale): 2
  Comments: Not very concise or clear communication
Satisfactory

Respondent 7:
  Date: 2025-03-14
  SessionName: III-Sepsis
  Identification: 3
  Situation: 3
  Background (history): 2
  Background (examination): 3
  Assessment: 2
  Recommendation (clear recommendation): 2
  Recommendation (global rating scale): 2
  Comments: Time: (1:00-1:17)

Respondent 23:
  Date: 2025-03-14
  SessionName: II-Anaphylaxsis
  Identification: 3
  Situation: 3
  Background (history): 2
  Background (examination): 2
  Assessment: 3
  Recommendation (clear recommendation): 3
  Recommendation (global rating scale): 3
  Comments: Time: (11:43-11:58)
Talking to registrav could not summarize the condition of patient very clearly
DID: Sepsis I Anaphylaxsis given by team

Respondent 14:
  Date: 2025-03-14
  SessionName: IV-Hypoglycemia
  Identification: 3
  Situation: 3
  Background (history): 2
  Background (examination): 2
  Assessment: 3
  Recommendation (clear recommendation): 1
  Recommendation (global rating scale): 2
  Comments: Time: (2:36-2:53)
Late response for considering consultation

""",[],"""<example>
List all respondents from the '(MI)-VT' session whose 'Recommendation (global rating scale)' is exactly 0.

DATA:

Survey Data
==================================================

Questions:
1. Date: What is the date of the session? [Open-ended]
2. SessionName: What is the name of the session? [Open-ended]
3. Identification: Identification of self, role, and patient. [Rubric: 0 = Requires direct prompting, 1 = Introduces themselves but only after a hint, 2 = Introduces themselves but information is incomplete, 3 = Introduces themselves and information is complete]
4. Situation: Identifies the main problem(s). [Rubric: 0 = Unable to identify the main problem(s), 1 = Identifies the main problem(s) after extended prompting, 2 = Identifies the main problem(s) with fewer prompts needed, 3 = Identifies and prioritizes the main problem(s) unprompted]
5. Background (history): Gives appropriate history. [Rubric: 0 = History is unstructured or non-relevant, 1 = Relevant history but frequent clarification needed, 2 = Relevant history with few further questions needed, 3 = Comprehensive focused history]
6. Background (examination): Gives appropriate examination/observations. [Rubric: 0 = Observations are omitted or irrelevant, 1 = Observations reported but frequent clarification needed, 2 = Observations reported with few further questions needed, 3 = Comprehensive focused examination/observations]
7. Assessment: Makes logical assessment (correlates problem, history, exam, context). [Rubric: 0 = No logical assessment, 1 = Assessment only after extended questioning, 2 = Assessment after minimal questioning, 3 = Comprehensive logical assessment without questioning]
8. Recommendation (clear recommendation): Makes a clear recommendation. [Rubric: 0 = No recommendation, 1 = Clear recommendation only after extended questioning, 2 = Clear recommendation after minimal questioning, 3 = Clear comprehensive recommendation without questioning]
9. Recommendation (global rating scale): Global Rating Scale (GRS) - How confident am I that I received an accurate picture of the patient? [Rubric: 0 = Not at all confident, 1 = Confident but required extended questioning, 2 = Confident but required some further questioning, 3 = Confident and required little or no questioning]
10. Comments: Comments on the session. [Open-ended]

Responses:
--------------------

Respondent 15:
  Date: 2025-05-04
  SessionName: III - Sepsis
  Identification: 3
  Situation: 3
  Background (history): 2
  Background (examination): 3
  Assessment: 2
  Recommendation (clear recommendation): 2
  Recommendation (global rating scale): 2
  Comments: Detailed Response - clear communication

Respondent 19:
  Date: 2025-05-16
  SessionName: I - MI
  Identification: 3
  Situation: 3
  Background (history): 3
  Background (examination): 3
  Assessment: 2
  Recommendation (clear recommendation): 3
  Recommendation (global rating scale): 3
  Comments: Wrong CPR position
Clarity is a bit low over whole case scenario
Satisfactory

Respondent 8:
  Date: 2025-05-02
  SessionName: III (Sepsis)
  Identification: 3
  Situation: 3
  Background (history): 3
  Background (examination): 2
  Assessment: 2
  Recommendation (clear recommendation): 2
  Recommendation (global rating scale): 3
  Comments: Clear communication during handover
Good

Respondent 21:
  Date: 2025-05-16
  SessionName: I (Myocardial infarction)
  Identification: 3
  Situation: 2
  Background (history): 3
  Background (examination): 1
  Assessment: 2
  Recommendation (clear recommendation): 3
  Recommendation (global rating scale): 3
  Comments: Diagnostic clarity is present
Good and early assessment of condition is done

Respondent 10:
  Date: 2025-03-14
  SessionName: (MI)-VT
  Identification: 2
  Situation: 2
  Background (history): 2
  Background (examination): 2
  Assessment: 2
  Recommendation (clear recommendation): 2
  Recommendation (global rating scale): 2
  Comments: Time: (15:53-16:14)

Respondent 3:
  Date: 2025-04-04
  SessionName: III-Sepsis
  Identification: 0
  Situation: 2
  Background (history): 3
  Background (examination): 3
  Assessment: 3
  Recommendation (clear recommendation): 3
  Recommendation (global rating scale): 3
  Comments: The patient/simulation is not oriented in TPP.
Clear communication between Reg and colleague during handover

Respondent 2:
  Date: 2025-04-04
  SessionName: MI
  Identification: 3
  Situation: 3
  Background (history): 2
  Background (examination): 3
  Assessment: 3
  Recommendation (clear recommendation): 2
  Recommendation (global rating scale): 1
  Comments: 

Respondent 18:
  Date: 2025-05-04
  SessionName: IV - VT
  Identification: 3
  Situation: 3
  Background (history): 2
  Background (examination): 2
  Assessment: 3
  Recommendation (clear recommendation): 2
  Recommendation (global rating scale): 2
  Comments: Not very concise or clear communication
Satisfactory

Respondent 7:
  Date: 2025-03-14
  SessionName: III-Sepsis
  Identification: 3
  Situation: 3
  Background (history): 2
  Background (examination): 3
  Assessment: 2
  Recommendation (clear recommendation): 2
  Recommendation (global rating scale): 2
  Comments: Time: (1:00-1:17)

Respondent 23:
  Date: 2025-03-14
  SessionName: II-Anaphylaxsis
  Identification: 3
  Situation: 3
  Background (history): 2
  Background (examination): 2
  Assessment: 3
  Recommendation (clear recommendation): 3
  Recommendation (global rating scale): 3
  Comments: Time: (11:43-11:58)
Talking to registrav could not summarize the condition of patient very clearly
DID: Sepsis I Anaphylaxsis given by team

Respondent 14:
  Date: 2025-03-14
  SessionName: IV-Hypoglycemia
  Identification: 3
  Situation: 3
  Background (history): 2
  Background (examination): 2
  Assessment: 3
  Recommendation (clear recommendation): 1
  Recommendation (global rating scale): 2
  Comments: Time: (2:36-2:53)
Late response for considering consultation



Answer: []
</example>

<questionnaire>
Survey Data
==================================================

Questions:
1. Date: What is the date of the session? [Open-ended]
2. SessionName: What is the name of the session? [Open-ended]
3. Identification: Identification of self, role, and patient. [Rubric: 0 = Requires direct prompting, 1 = Introduces themselves but only after a hint, 2 = Introduces themselves but information is incomplete, 3 = Introduces themselves and information is complete]
4. Situation: Identifies the main problem(s). [Rubric: 0 = Unable to identify the main problem(s), 1 = Identifies the main problem(s) after extended prompting, 2 = Identifies the main problem(s) with fewer prompts needed, 3 = Identifies and prioritizes the main problem(s) unprompted]
5. Background (history): Gives appropriate history. [Rubric: 0 = History is unstructured or non-relevant, 1 = Relevant history but frequent clarification needed, 2 = Relevant history with few further questions needed, 3 = Comprehensive focused history]
6. Background (examination): Gives appropriate examination/observations. [Rubric: 0 = Observations are omitted or irrelevant, 1 = Observations reported but frequent clarification needed, 2 = Observations reported with few further questions needed, 3 = Comprehensive focused examination/observations]
7. Assessment: Makes logical assessment (correlates problem, history, exam, context). [Rubric: 0 = No logical assessment, 1 = Assessment only after extended questioning, 2 = Assessment after minimal questioning, 3 = Comprehensive logical assessment without questioning]
8. Recommendation (clear recommendation): Makes a clear recommendation. [Rubric: 0 = No recommendation, 1 = Clear recommendation only after extended questioning, 2 = Clear recommendation after minimal questioning, 3 = Clear comprehensive recommendation without questioning]
9. Recommendation (global rating scale): Global Rating Scale (GRS) - How confident am I that I received an accurate picture of the patient? [Rubric: 0 = Not at all confident, 1 = Confident but required extended questioning, 2 = Confident but required some further questioning, 3 = Confident and required little or no questioning]
10. Comments: Comments on the session. [Open-ended]

Responses:
--------------------

Respondent 15:
  Date: 2025-05-04
  SessionName: III - Sepsis
  Identification: 3
  Situation: 3
  Background (history): 2
  Background (examination): 3
  Assessment: 2
  Recommendation (clear recommendation): 2
  Recommendation (global rating scale): 2
  Comments: Detailed Response - clear communication

Respondent 19:
  Date: 2025-05-16
  SessionName: I - MI
  Identification: 3
  Situation: 3
  Background (history): 3
  Background (examination): 3
  Assessment: 2
  Recommendation (clear recommendation): 3
  Recommendation (global rating scale): 3
  Comments: Wrong CPR position
Clarity is a bit low over whole case scenario
Satisfactory

Respondent 8:
  Date: 2025-05-02
  SessionName: III (Sepsis)
  Identification: 3
  Situation: 3
  Background (history): 3
  Background (examination): 2
  Assessment: 2
  Recommendation (clear recommendation): 2
  Recommendation (global rating scale): 3
  Comments: Clear communication during handover
Good

Respondent 21:
  Date: 2025-05-16
  SessionName: I (Myocardial infarction)
  Identification: 3
  Situation: 2
  Background (history): 3
  Background (examination): 1
  Assessment: 2
  Recommendation (clear recommendation): 3
  Recommendation (global rating scale): 3
  Comments: Diagnostic clarity is present
Good and early assessment of condition is done

Respondent 10:
  Date: 2025-03-14
  SessionName: (MI)-VT
  Identification: 2
  Situation: 2
  Background (history): 2
  Background (examination): 2
  Assessment: 2
  Recommendation (clear recommendation): 2
  Recommendation (global rating scale): 2
  Comments: Time: (15:53-16:14)

Respondent 3:
  Date: 2025-04-04
  SessionName: III-Sepsis
  Identification: 0
  Situation: 2
  Background (history): 3
  Background (examination): 3
  Assessment: 3
  Recommendation (clear recommendation): 3
  Recommendation (global rating scale): 3
  Comments: The patient/simulation is not oriented in TPP.
Clear communication between Reg and colleague during handover

Respondent 2:
  Date: 2025-04-04
  SessionName: MI
  Identification: 3
  Situation: 3
  Background (history): 2
  Background (examination): 3
  Assessment: 3
  Recommendation (clear recommendation): 2
  Recommendation (global rating scale): 1
  Comments: 

Respondent 18:
  Date: 2025-05-04
  SessionName: IV - VT
  Identification: 3
  Situation: 3
  Background (history): 2
  Background (examination): 2
  Assessment: 3
  Recommendation (clear recommendation): 2
  Recommendation (global rating scale): 2
  Comments: Not very concise or clear communication
Satisfactory

Respondent 7:
  Date: 2025-03-14
  SessionName: III-Sepsis
  Identification: 3
  Situation: 3
  Background (history): 2
  Background (examination): 3
  Assessment: 2
  Recommendation (clear recommendation): 2
  Recommendation (global rating scale): 2
  Comments: Time: (1:00-1:17)

Respondent 23:
  Date: 2025-03-14
  SessionName: II-Anaphylaxsis
  Identification: 3
  Situation: 3
  Background (history): 2
  Background (examination): 2
  Assessment: 3
  Recommendation (clear recommendation): 3
  Recommendation (global rating scale): 3
  Comments: Time: (11:43-11:58)
Talking to registrav could not summarize the condition of patient very clearly
DID: Sepsis I Anaphylaxsis given by team

Respondent 14:
  Date: 2025-03-14
  SessionName: IV-Hypoglycemia
  Identification: 3
  Situation: 3
  Background (history): 2
  Background (examination): 2
  Assessment: 3
  Recommendation (clear recommendation): 1
  Recommendation (global rating scale): 2
  Comments: Time: (2:36-2:53)
Late response for considering consultation


</questionnaire>

You are a meticulous data analyst AI. Your primary function is to accurately analyze structured data and provide precise, verifiable answers.

You will be given a dataset with two key parts:

A 'questions' section: This is your data dictionary or schema. It is the single source of truth for understanding what each field and score means. Refer to it carefully.

A 'responses' section: This contains the raw data from each individual respondent.

To answer the question correctly, you must first use the 'questions' schema to fully understand the context and meaning of the data points within the 'responses'. Do not rely on any prior knowledge outside of this provided data. Base your entire analysis on the information given.

Provide your final answer directly and concisely. Output must be the human-readable value, not an option code.

Rules:
- For MCQ fields, map any letter codes in the Responses (case-insensitive) to the corresponding option text from the Questions schema, and output only that text. Do NOT include the letter or both.
  Example: If the schema is """"[MCQ: A. Abnormal B. Inconclusive C. Normal]"""" and the response is """"a"""", output """"Abnormal"""".
- For open-ended fields, output the exact text value.
- If the question asks for a count, provide only the number (e.g., """"42"""").
- If the question asks for a list of names or IDs, provide a simple comma-separated list (e.g., """"17, 21, 23"""").
- Preserve capitalization exactly as in the schema (e.g., output """"Abnormal"""", not """"abnormal"""" or """"A"""").

<task>
List all respondents from the 'MI' session whose 'Recommendation (global rating scale)' is exactly 0.
</task>""",[],True
case_16,rule_based_querying,Which respondents scored higher than 1 on 'Situation'?,"""Survey Data
==================================================

Questions:
1. Date: What is the date of the session? [Open-ended]
2. SessionName: What is the name of the session? [Open-ended]
3. Identification: Identification of self, role, and patient. [Rubric: 0 = Requires direct prompting, 1 = Introduces themselves but only after a hint, 2 = Introduces themselves but information is incomplete, 3 = Introduces themselves and information is complete]
4. Situation: Identifies the main problem(s). [Rubric: 0 = Unable to identify the main problem(s), 1 = Identifies the main problem(s) after extended prompting, 2 = Identifies the main problem(s) with fewer prompts needed, 3 = Identifies and prioritizes the main problem(s) unprompted]
5. Background (history): Gives appropriate history. [Rubric: 0 = History is unstructured or non-relevant, 1 = Relevant history but frequent clarification needed, 2 = Relevant history with few further questions needed, 3 = Comprehensive focused history]
6. Background (examination): Gives appropriate examination/observations. [Rubric: 0 = Observations are omitted or irrelevant, 1 = Observations reported but frequent clarification needed, 2 = Observations reported with few further questions needed, 3 = Comprehensive focused examination/observations]
7. Assessment: Makes logical assessment (correlates problem, history, exam, context). [Rubric: 0 = No logical assessment, 1 = Assessment only after extended questioning, 2 = Assessment after minimal questioning, 3 = Comprehensive logical assessment without questioning]
8. Recommendation (clear recommendation): Makes a clear recommendation. [Rubric: 0 = No recommendation, 1 = Clear recommendation only after extended questioning, 2 = Clear recommendation after minimal questioning, 3 = Clear comprehensive recommendation without questioning]
9. Recommendation (global rating scale): Global Rating Scale (GRS) - How confident am I that I received an accurate picture of the patient? [Rubric: 0 = Not at all confident, 1 = Confident but required extended questioning, 2 = Confident but required some further questioning, 3 = Confident and required little or no questioning]
10. Comments: Comments on the session. [Open-ended]

Responses:
--------------------

Respondent 2:
  Date: 2025-04-04
  SessionName: MI
  Identification: 3
  Situation: 3
  Background (history): 2
  Background (examination): 3
  Assessment: 3
  Recommendation (clear recommendation): 2
  Recommendation (global rating scale): 1
  Comments: 

Respondent 21:
  Date: 2025-05-16
  SessionName: I (Myocardial infarction)
  Identification: 3
  Situation: 2
  Background (history): 3
  Background (examination): 1
  Assessment: 2
  Recommendation (clear recommendation): 3
  Recommendation (global rating scale): 3
  Comments: Diagnostic clarity is present
Good and early assessment of condition is done

Respondent 1:
  Date: 2025-05-02
  SessionName: V (Hypoglycemia)
  Identification: -1
  Situation: 2
  Background (history): 2
  Background (examination): 2
  Assessment: 3
  Recommendation (clear recommendation): 2
  Recommendation (global rating scale): 2
  Comments: Satisfactory

Respondent 6:
  Date: 2025-04-04
  SessionName: II (Anaphylactic Shock)
  Identification: 3
  Situation: 2
  Background (history): 3
  Background (examination): 3
  Assessment: 2
  Recommendation (clear recommendation): 2
  Recommendation (global rating scale): 3
  Comments: 

Respondent 3:
  Date: 2025-04-04
  SessionName: III-Sepsis
  Identification: 0
  Situation: 2
  Background (history): 3
  Background (examination): 3
  Assessment: 3
  Recommendation (clear recommendation): 3
  Recommendation (global rating scale): 3
  Comments: The patient/simulation is not oriented in TPP.
Clear communication between Reg and colleague during handover

Respondent 16:
  Date: 2025-05-02
  SessionName: I - MI
  Identification: 3
  Situation: 3
  Background (history): 3
  Background (examination): 3
  Assessment: 3
  Recommendation (clear recommendation): 2
  Recommendation (global rating scale): 3
  Comments: Consent denied for video recordings
Satisfactory

Respondent 14:
  Date: 2025-03-14
  SessionName: IV-Hypoglycemia
  Identification: 3
  Situation: 3
  Background (history): 2
  Background (examination): 2
  Assessment: 3
  Recommendation (clear recommendation): 1
  Recommendation (global rating scale): 2
  Comments: Time: (2:36-2:53)
Late response for considering consultation

Respondent 11:
  Date: 2025-04-04
  SessionName: IV (AF)
  Identification: 3
  Situation: 3
  Background (history): 3
  Background (examination): 3
  Assessment: 3
  Recommendation (clear recommendation): 3
  Recommendation (global rating scale): 3
  Comments: Clear communication and handover

Respondent 10:
  Date: 2025-03-14
  SessionName: (MI)-VT
  Identification: 2
  Situation: 2
  Background (history): 2
  Background (examination): 2
  Assessment: 2
  Recommendation (clear recommendation): 2
  Recommendation (global rating scale): 2
  Comments: Time: (15:53-16:14)

Respondent 17:
  Date: 2025-05-04
  SessionName: V (Hypoglycemia)
  Identification: 3
  Situation: 3
  Background (history): 3
  Background (examination): 3
  Assessment: 3
  Recommendation (clear recommendation): 3
  Recommendation (global rating scale): 2
  Comments: Concise - clear
Satisfactory

Respondent 23:
  Date: 2025-03-14
  SessionName: II-Anaphylaxsis
  Identification: 3
  Situation: 3
  Background (history): 2
  Background (examination): 2
  Assessment: 3
  Recommendation (clear recommendation): 3
  Recommendation (global rating scale): 3
  Comments: Time: (11:43-11:58)
Talking to registrav could not summarize the condition of patient very clearly
DID: Sepsis I Anaphylaxsis given by team

Respondent 9:
  Date: 2025-05-04
  SessionName: II (Anaphylaxsis)
  Identification: 3
  Situation: 3
  Background (history): 2
  Background (examination): 2
  Assessment: 2
  Recommendation (clear recommendation): 3
  Recommendation (global rating scale): 2
  Comments: Overall a bit unclear communication reflected

""","""['2', '21', '1', '6', '3', '16', '14', '11', '10', '17', '23', '9']""","""<example>
List all respondents from the '(MI)-VT' session whose 'Recommendation (global rating scale)' is exactly 0.

DATA:

Survey Data
==================================================

Questions:
1. Date: What is the date of the session? [Open-ended]
2. SessionName: What is the name of the session? [Open-ended]
3. Identification: Identification of self, role, and patient. [Rubric: 0 = Requires direct prompting, 1 = Introduces themselves but only after a hint, 2 = Introduces themselves but information is incomplete, 3 = Introduces themselves and information is complete]
4. Situation: Identifies the main problem(s). [Rubric: 0 = Unable to identify the main problem(s), 1 = Identifies the main problem(s) after extended prompting, 2 = Identifies the main problem(s) with fewer prompts needed, 3 = Identifies and prioritizes the main problem(s) unprompted]
5. Background (history): Gives appropriate history. [Rubric: 0 = History is unstructured or non-relevant, 1 = Relevant history but frequent clarification needed, 2 = Relevant history with few further questions needed, 3 = Comprehensive focused history]
6. Background (examination): Gives appropriate examination/observations. [Rubric: 0 = Observations are omitted or irrelevant, 1 = Observations reported but frequent clarification needed, 2 = Observations reported with few further questions needed, 3 = Comprehensive focused examination/observations]
7. Assessment: Makes logical assessment (correlates problem, history, exam, context). [Rubric: 0 = No logical assessment, 1 = Assessment only after extended questioning, 2 = Assessment after minimal questioning, 3 = Comprehensive logical assessment without questioning]
8. Recommendation (clear recommendation): Makes a clear recommendation. [Rubric: 0 = No recommendation, 1 = Clear recommendation only after extended questioning, 2 = Clear recommendation after minimal questioning, 3 = Clear comprehensive recommendation without questioning]
9. Recommendation (global rating scale): Global Rating Scale (GRS) - How confident am I that I received an accurate picture of the patient? [Rubric: 0 = Not at all confident, 1 = Confident but required extended questioning, 2 = Confident but required some further questioning, 3 = Confident and required little or no questioning]
10. Comments: Comments on the session. [Open-ended]

Responses:
--------------------

Respondent 2:
  Date: 2025-04-04
  SessionName: MI
  Identification: 3
  Situation: 3
  Background (history): 2
  Background (examination): 3
  Assessment: 3
  Recommendation (clear recommendation): 2
  Recommendation (global rating scale): 1
  Comments: 

Respondent 21:
  Date: 2025-05-16
  SessionName: I (Myocardial infarction)
  Identification: 3
  Situation: 2
  Background (history): 3
  Background (examination): 1
  Assessment: 2
  Recommendation (clear recommendation): 3
  Recommendation (global rating scale): 3
  Comments: Diagnostic clarity is present
Good and early assessment of condition is done

Respondent 1:
  Date: 2025-05-02
  SessionName: V (Hypoglycemia)
  Identification: -1
  Situation: 2
  Background (history): 2
  Background (examination): 2
  Assessment: 3
  Recommendation (clear recommendation): 2
  Recommendation (global rating scale): 2
  Comments: Satisfactory

Respondent 6:
  Date: 2025-04-04
  SessionName: II (Anaphylactic Shock)
  Identification: 3
  Situation: 2
  Background (history): 3
  Background (examination): 3
  Assessment: 2
  Recommendation (clear recommendation): 2
  Recommendation (global rating scale): 3
  Comments: 

Respondent 3:
  Date: 2025-04-04
  SessionName: III-Sepsis
  Identification: 0
  Situation: 2
  Background (history): 3
  Background (examination): 3
  Assessment: 3
  Recommendation (clear recommendation): 3
  Recommendation (global rating scale): 3
  Comments: The patient/simulation is not oriented in TPP.
Clear communication between Reg and colleague during handover

Respondent 16:
  Date: 2025-05-02
  SessionName: I - MI
  Identification: 3
  Situation: 3
  Background (history): 3
  Background (examination): 3
  Assessment: 3
  Recommendation (clear recommendation): 2
  Recommendation (global rating scale): 3
  Comments: Consent denied for video recordings
Satisfactory

Respondent 14:
  Date: 2025-03-14
  SessionName: IV-Hypoglycemia
  Identification: 3
  Situation: 3
  Background (history): 2
  Background (examination): 2
  Assessment: 3
  Recommendation (clear recommendation): 1
  Recommendation (global rating scale): 2
  Comments: Time: (2:36-2:53)
Late response for considering consultation

Respondent 11:
  Date: 2025-04-04
  SessionName: IV (AF)
  Identification: 3
  Situation: 3
  Background (history): 3
  Background (examination): 3
  Assessment: 3
  Recommendation (clear recommendation): 3
  Recommendation (global rating scale): 3
  Comments: Clear communication and handover

Respondent 10:
  Date: 2025-03-14
  SessionName: (MI)-VT
  Identification: 2
  Situation: 2
  Background (history): 2
  Background (examination): 2
  Assessment: 2
  Recommendation (clear recommendation): 2
  Recommendation (global rating scale): 2
  Comments: Time: (15:53-16:14)

Respondent 17:
  Date: 2025-05-04
  SessionName: V (Hypoglycemia)
  Identification: 3
  Situation: 3
  Background (history): 3
  Background (examination): 3
  Assessment: 3
  Recommendation (clear recommendation): 3
  Recommendation (global rating scale): 2
  Comments: Concise - clear
Satisfactory

Respondent 23:
  Date: 2025-03-14
  SessionName: II-Anaphylaxsis
  Identification: 3
  Situation: 3
  Background (history): 2
  Background (examination): 2
  Assessment: 3
  Recommendation (clear recommendation): 3
  Recommendation (global rating scale): 3
  Comments: Time: (11:43-11:58)
Talking to registrav could not summarize the condition of patient very clearly
DID: Sepsis I Anaphylaxsis given by team

Respondent 9:
  Date: 2025-05-04
  SessionName: II (Anaphylaxsis)
  Identification: 3
  Situation: 3
  Background (history): 2
  Background (examination): 2
  Assessment: 2
  Recommendation (clear recommendation): 3
  Recommendation (global rating scale): 2
  Comments: Overall a bit unclear communication reflected



Answer: []
</example>

<questionnaire>
Survey Data
==================================================

Questions:
1. Date: What is the date of the session? [Open-ended]
2. SessionName: What is the name of the session? [Open-ended]
3. Identification: Identification of self, role, and patient. [Rubric: 0 = Requires direct prompting, 1 = Introduces themselves but only after a hint, 2 = Introduces themselves but information is incomplete, 3 = Introduces themselves and information is complete]
4. Situation: Identifies the main problem(s). [Rubric: 0 = Unable to identify the main problem(s), 1 = Identifies the main problem(s) after extended prompting, 2 = Identifies the main problem(s) with fewer prompts needed, 3 = Identifies and prioritizes the main problem(s) unprompted]
5. Background (history): Gives appropriate history. [Rubric: 0 = History is unstructured or non-relevant, 1 = Relevant history but frequent clarification needed, 2 = Relevant history with few further questions needed, 3 = Comprehensive focused history]
6. Background (examination): Gives appropriate examination/observations. [Rubric: 0 = Observations are omitted or irrelevant, 1 = Observations reported but frequent clarification needed, 2 = Observations reported with few further questions needed, 3 = Comprehensive focused examination/observations]
7. Assessment: Makes logical assessment (correlates problem, history, exam, context). [Rubric: 0 = No logical assessment, 1 = Assessment only after extended questioning, 2 = Assessment after minimal questioning, 3 = Comprehensive logical assessment without questioning]
8. Recommendation (clear recommendation): Makes a clear recommendation. [Rubric: 0 = No recommendation, 1 = Clear recommendation only after extended questioning, 2 = Clear recommendation after minimal questioning, 3 = Clear comprehensive recommendation without questioning]
9. Recommendation (global rating scale): Global Rating Scale (GRS) - How confident am I that I received an accurate picture of the patient? [Rubric: 0 = Not at all confident, 1 = Confident but required extended questioning, 2 = Confident but required some further questioning, 3 = Confident and required little or no questioning]
10. Comments: Comments on the session. [Open-ended]

Responses:
--------------------

Respondent 2:
  Date: 2025-04-04
  SessionName: MI
  Identification: 3
  Situation: 3
  Background (history): 2
  Background (examination): 3
  Assessment: 3
  Recommendation (clear recommendation): 2
  Recommendation (global rating scale): 1
  Comments: 

Respondent 21:
  Date: 2025-05-16
  SessionName: I (Myocardial infarction)
  Identification: 3
  Situation: 2
  Background (history): 3
  Background (examination): 1
  Assessment: 2
  Recommendation (clear recommendation): 3
  Recommendation (global rating scale): 3
  Comments: Diagnostic clarity is present
Good and early assessment of condition is done

Respondent 1:
  Date: 2025-05-02
  SessionName: V (Hypoglycemia)
  Identification: -1
  Situation: 2
  Background (history): 2
  Background (examination): 2
  Assessment: 3
  Recommendation (clear recommendation): 2
  Recommendation (global rating scale): 2
  Comments: Satisfactory

Respondent 6:
  Date: 2025-04-04
  SessionName: II (Anaphylactic Shock)
  Identification: 3
  Situation: 2
  Background (history): 3
  Background (examination): 3
  Assessment: 2
  Recommendation (clear recommendation): 2
  Recommendation (global rating scale): 3
  Comments: 

Respondent 3:
  Date: 2025-04-04
  SessionName: III-Sepsis
  Identification: 0
  Situation: 2
  Background (history): 3
  Background (examination): 3
  Assessment: 3
  Recommendation (clear recommendation): 3
  Recommendation (global rating scale): 3
  Comments: The patient/simulation is not oriented in TPP.
Clear communication between Reg and colleague during handover

Respondent 16:
  Date: 2025-05-02
  SessionName: I - MI
  Identification: 3
  Situation: 3
  Background (history): 3
  Background (examination): 3
  Assessment: 3
  Recommendation (clear recommendation): 2
  Recommendation (global rating scale): 3
  Comments: Consent denied for video recordings
Satisfactory

Respondent 14:
  Date: 2025-03-14
  SessionName: IV-Hypoglycemia
  Identification: 3
  Situation: 3
  Background (history): 2
  Background (examination): 2
  Assessment: 3
  Recommendation (clear recommendation): 1
  Recommendation (global rating scale): 2
  Comments: Time: (2:36-2:53)
Late response for considering consultation

Respondent 11:
  Date: 2025-04-04
  SessionName: IV (AF)
  Identification: 3
  Situation: 3
  Background (history): 3
  Background (examination): 3
  Assessment: 3
  Recommendation (clear recommendation): 3
  Recommendation (global rating scale): 3
  Comments: Clear communication and handover

Respondent 10:
  Date: 2025-03-14
  SessionName: (MI)-VT
  Identification: 2
  Situation: 2
  Background (history): 2
  Background (examination): 2
  Assessment: 2
  Recommendation (clear recommendation): 2
  Recommendation (global rating scale): 2
  Comments: Time: (15:53-16:14)

Respondent 17:
  Date: 2025-05-04
  SessionName: V (Hypoglycemia)
  Identification: 3
  Situation: 3
  Background (history): 3
  Background (examination): 3
  Assessment: 3
  Recommendation (clear recommendation): 3
  Recommendation (global rating scale): 2
  Comments: Concise - clear
Satisfactory

Respondent 23:
  Date: 2025-03-14
  SessionName: II-Anaphylaxsis
  Identification: 3
  Situation: 3
  Background (history): 2
  Background (examination): 2
  Assessment: 3
  Recommendation (clear recommendation): 3
  Recommendation (global rating scale): 3
  Comments: Time: (11:43-11:58)
Talking to registrav could not summarize the condition of patient very clearly
DID: Sepsis I Anaphylaxsis given by team

Respondent 9:
  Date: 2025-05-04
  SessionName: II (Anaphylaxsis)
  Identification: 3
  Situation: 3
  Background (history): 2
  Background (examination): 2
  Assessment: 2
  Recommendation (clear recommendation): 3
  Recommendation (global rating scale): 2
  Comments: Overall a bit unclear communication reflected


</questionnaire>

You are a meticulous data analyst AI. Your primary function is to accurately analyze structured data and provide precise, verifiable answers.

You will be given a dataset with two key parts:

A 'questions' section: This is your data dictionary or schema. It is the single source of truth for understanding what each field and score means. Refer to it carefully.

A 'responses' section: This contains the raw data from each individual respondent.

To answer the question correctly, you must first use the 'questions' schema to fully understand the context and meaning of the data points within the 'responses'. Do not rely on any prior knowledge outside of this provided data. Base your entire analysis on the information given.

Provide your final answer directly and concisely. Output must be the human-readable value, not an option code.

Rules:
- For MCQ fields, map any letter codes in the Responses (case-insensitive) to the corresponding option text from the Questions schema, and output only that text. Do NOT include the letter or both.
  Example: If the schema is """"[MCQ: A. Abnormal B. Inconclusive C. Normal]"""" and the response is """"a"""", output """"Abnormal"""".
- For open-ended fields, output the exact text value.
- If the question asks for a count, provide only the number (e.g., """"42"""").
- If the question asks for a list of names or IDs, provide a simple comma-separated list (e.g., """"17, 21, 23"""").
- Preserve capitalization exactly as in the schema (e.g., output """"Abnormal"""", not """"abnormal"""" or """"A"""").

<task>
Which respondents scored higher than 1 on 'Situation'?
</task>""","1, 2, 3, 6, 9, 10, 11, 14, 16, 17, 21, 23",False
case_17,rule_based_querying,Which respondents scored higher than 2 on 'Assessment'?,"""Survey Data
==================================================

Questions:
1. Date: What is the date of the session? [Open-ended]
2. SessionName: What is the name of the session? [Open-ended]
3. Identification: Identification of self, role, and patient. [Rubric: 0 = Requires direct prompting, 1 = Introduces themselves but only after a hint, 2 = Introduces themselves but information is incomplete, 3 = Introduces themselves and information is complete]
4. Situation: Identifies the main problem(s). [Rubric: 0 = Unable to identify the main problem(s), 1 = Identifies the main problem(s) after extended prompting, 2 = Identifies the main problem(s) with fewer prompts needed, 3 = Identifies and prioritizes the main problem(s) unprompted]
5. Background (history): Gives appropriate history. [Rubric: 0 = History is unstructured or non-relevant, 1 = Relevant history but frequent clarification needed, 2 = Relevant history with few further questions needed, 3 = Comprehensive focused history]
6. Background (examination): Gives appropriate examination/observations. [Rubric: 0 = Observations are omitted or irrelevant, 1 = Observations reported but frequent clarification needed, 2 = Observations reported with few further questions needed, 3 = Comprehensive focused examination/observations]
7. Assessment: Makes logical assessment (correlates problem, history, exam, context). [Rubric: 0 = No logical assessment, 1 = Assessment only after extended questioning, 2 = Assessment after minimal questioning, 3 = Comprehensive logical assessment without questioning]
8. Recommendation (clear recommendation): Makes a clear recommendation. [Rubric: 0 = No recommendation, 1 = Clear recommendation only after extended questioning, 2 = Clear recommendation after minimal questioning, 3 = Clear comprehensive recommendation without questioning]
9. Recommendation (global rating scale): Global Rating Scale (GRS) - How confident am I that I received an accurate picture of the patient? [Rubric: 0 = Not at all confident, 1 = Confident but required extended questioning, 2 = Confident but required some further questioning, 3 = Confident and required little or no questioning]
10. Comments: Comments on the session. [Open-ended]

Responses:
--------------------

Respondent 8:
  Date: 2025-05-02
  SessionName: III (Sepsis)
  Identification: 3
  Situation: 3
  Background (history): 3
  Background (examination): 2
  Assessment: 2
  Recommendation (clear recommendation): 2
  Recommendation (global rating scale): 3
  Comments: Clear communication during handover
Good

Respondent 7:
  Date: 2025-03-14
  SessionName: III-Sepsis
  Identification: 3
  Situation: 3
  Background (history): 2
  Background (examination): 3
  Assessment: 2
  Recommendation (clear recommendation): 2
  Recommendation (global rating scale): 2
  Comments: Time: (1:00-1:17)

Respondent 23:
  Date: 2025-03-14
  SessionName: II-Anaphylaxsis
  Identification: 3
  Situation: 3
  Background (history): 2
  Background (examination): 2
  Assessment: 3
  Recommendation (clear recommendation): 3
  Recommendation (global rating scale): 3
  Comments: Time: (11:43-11:58)
Talking to registrav could not summarize the condition of patient very clearly
DID: Sepsis I Anaphylaxsis given by team

Respondent 19:
  Date: 2025-05-16
  SessionName: I - MI
  Identification: 3
  Situation: 3
  Background (history): 3
  Background (examination): 3
  Assessment: 2
  Recommendation (clear recommendation): 3
  Recommendation (global rating scale): 3
  Comments: Wrong CPR position
Clarity is a bit low over whole case scenario
Satisfactory

Respondent 16:
  Date: 2025-05-02
  SessionName: I - MI
  Identification: 3
  Situation: 3
  Background (history): 3
  Background (examination): 3
  Assessment: 3
  Recommendation (clear recommendation): 2
  Recommendation (global rating scale): 3
  Comments: Consent denied for video recordings
Satisfactory

""","""['23', '16']""","""<example>
List all respondents from the '(MI)-VT' session whose 'Recommendation (global rating scale)' is exactly 0.

DATA:

Survey Data
==================================================

Questions:
1. Date: What is the date of the session? [Open-ended]
2. SessionName: What is the name of the session? [Open-ended]
3. Identification: Identification of self, role, and patient. [Rubric: 0 = Requires direct prompting, 1 = Introduces themselves but only after a hint, 2 = Introduces themselves but information is incomplete, 3 = Introduces themselves and information is complete]
4. Situation: Identifies the main problem(s). [Rubric: 0 = Unable to identify the main problem(s), 1 = Identifies the main problem(s) after extended prompting, 2 = Identifies the main problem(s) with fewer prompts needed, 3 = Identifies and prioritizes the main problem(s) unprompted]
5. Background (history): Gives appropriate history. [Rubric: 0 = History is unstructured or non-relevant, 1 = Relevant history but frequent clarification needed, 2 = Relevant history with few further questions needed, 3 = Comprehensive focused history]
6. Background (examination): Gives appropriate examination/observations. [Rubric: 0 = Observations are omitted or irrelevant, 1 = Observations reported but frequent clarification needed, 2 = Observations reported with few further questions needed, 3 = Comprehensive focused examination/observations]
7. Assessment: Makes logical assessment (correlates problem, history, exam, context). [Rubric: 0 = No logical assessment, 1 = Assessment only after extended questioning, 2 = Assessment after minimal questioning, 3 = Comprehensive logical assessment without questioning]
8. Recommendation (clear recommendation): Makes a clear recommendation. [Rubric: 0 = No recommendation, 1 = Clear recommendation only after extended questioning, 2 = Clear recommendation after minimal questioning, 3 = Clear comprehensive recommendation without questioning]
9. Recommendation (global rating scale): Global Rating Scale (GRS) - How confident am I that I received an accurate picture of the patient? [Rubric: 0 = Not at all confident, 1 = Confident but required extended questioning, 2 = Confident but required some further questioning, 3 = Confident and required little or no questioning]
10. Comments: Comments on the session. [Open-ended]

Responses:
--------------------

Respondent 8:
  Date: 2025-05-02
  SessionName: III (Sepsis)
  Identification: 3
  Situation: 3
  Background (history): 3
  Background (examination): 2
  Assessment: 2
  Recommendation (clear recommendation): 2
  Recommendation (global rating scale): 3
  Comments: Clear communication during handover
Good

Respondent 7:
  Date: 2025-03-14
  SessionName: III-Sepsis
  Identification: 3
  Situation: 3
  Background (history): 2
  Background (examination): 3
  Assessment: 2
  Recommendation (clear recommendation): 2
  Recommendation (global rating scale): 2
  Comments: Time: (1:00-1:17)

Respondent 23:
  Date: 2025-03-14
  SessionName: II-Anaphylaxsis
  Identification: 3
  Situation: 3
  Background (history): 2
  Background (examination): 2
  Assessment: 3
  Recommendation (clear recommendation): 3
  Recommendation (global rating scale): 3
  Comments: Time: (11:43-11:58)
Talking to registrav could not summarize the condition of patient very clearly
DID: Sepsis I Anaphylaxsis given by team

Respondent 19:
  Date: 2025-05-16
  SessionName: I - MI
  Identification: 3
  Situation: 3
  Background (history): 3
  Background (examination): 3
  Assessment: 2
  Recommendation (clear recommendation): 3
  Recommendation (global rating scale): 3
  Comments: Wrong CPR position
Clarity is a bit low over whole case scenario
Satisfactory

Respondent 16:
  Date: 2025-05-02
  SessionName: I - MI
  Identification: 3
  Situation: 3
  Background (history): 3
  Background (examination): 3
  Assessment: 3
  Recommendation (clear recommendation): 2
  Recommendation (global rating scale): 3
  Comments: Consent denied for video recordings
Satisfactory



Answer: []
</example>

<questionnaire>
Survey Data
==================================================

Questions:
1. Date: What is the date of the session? [Open-ended]
2. SessionName: What is the name of the session? [Open-ended]
3. Identification: Identification of self, role, and patient. [Rubric: 0 = Requires direct prompting, 1 = Introduces themselves but only after a hint, 2 = Introduces themselves but information is incomplete, 3 = Introduces themselves and information is complete]
4. Situation: Identifies the main problem(s). [Rubric: 0 = Unable to identify the main problem(s), 1 = Identifies the main problem(s) after extended prompting, 2 = Identifies the main problem(s) with fewer prompts needed, 3 = Identifies and prioritizes the main problem(s) unprompted]
5. Background (history): Gives appropriate history. [Rubric: 0 = History is unstructured or non-relevant, 1 = Relevant history but frequent clarification needed, 2 = Relevant history with few further questions needed, 3 = Comprehensive focused history]
6. Background (examination): Gives appropriate examination/observations. [Rubric: 0 = Observations are omitted or irrelevant, 1 = Observations reported but frequent clarification needed, 2 = Observations reported with few further questions needed, 3 = Comprehensive focused examination/observations]
7. Assessment: Makes logical assessment (correlates problem, history, exam, context). [Rubric: 0 = No logical assessment, 1 = Assessment only after extended questioning, 2 = Assessment after minimal questioning, 3 = Comprehensive logical assessment without questioning]
8. Recommendation (clear recommendation): Makes a clear recommendation. [Rubric: 0 = No recommendation, 1 = Clear recommendation only after extended questioning, 2 = Clear recommendation after minimal questioning, 3 = Clear comprehensive recommendation without questioning]
9. Recommendation (global rating scale): Global Rating Scale (GRS) - How confident am I that I received an accurate picture of the patient? [Rubric: 0 = Not at all confident, 1 = Confident but required extended questioning, 2 = Confident but required some further questioning, 3 = Confident and required little or no questioning]
10. Comments: Comments on the session. [Open-ended]

Responses:
--------------------

Respondent 8:
  Date: 2025-05-02
  SessionName: III (Sepsis)
  Identification: 3
  Situation: 3
  Background (history): 3
  Background (examination): 2
  Assessment: 2
  Recommendation (clear recommendation): 2
  Recommendation (global rating scale): 3
  Comments: Clear communication during handover
Good

Respondent 7:
  Date: 2025-03-14
  SessionName: III-Sepsis
  Identification: 3
  Situation: 3
  Background (history): 2
  Background (examination): 3
  Assessment: 2
  Recommendation (clear recommendation): 2
  Recommendation (global rating scale): 2
  Comments: Time: (1:00-1:17)

Respondent 23:
  Date: 2025-03-14
  SessionName: II-Anaphylaxsis
  Identification: 3
  Situation: 3
  Background (history): 2
  Background (examination): 2
  Assessment: 3
  Recommendation (clear recommendation): 3
  Recommendation (global rating scale): 3
  Comments: Time: (11:43-11:58)
Talking to registrav could not summarize the condition of patient very clearly
DID: Sepsis I Anaphylaxsis given by team

Respondent 19:
  Date: 2025-05-16
  SessionName: I - MI
  Identification: 3
  Situation: 3
  Background (history): 3
  Background (examination): 3
  Assessment: 2
  Recommendation (clear recommendation): 3
  Recommendation (global rating scale): 3
  Comments: Wrong CPR position
Clarity is a bit low over whole case scenario
Satisfactory

Respondent 16:
  Date: 2025-05-02
  SessionName: I - MI
  Identification: 3
  Situation: 3
  Background (history): 3
  Background (examination): 3
  Assessment: 3
  Recommendation (clear recommendation): 2
  Recommendation (global rating scale): 3
  Comments: Consent denied for video recordings
Satisfactory


</questionnaire>

You are a meticulous data analyst AI. Your primary function is to accurately analyze structured data and provide precise, verifiable answers.

You will be given a dataset with two key parts:

A 'questions' section: This is your data dictionary or schema. It is the single source of truth for understanding what each field and score means. Refer to it carefully.

A 'responses' section: This contains the raw data from each individual respondent.

To answer the question correctly, you must first use the 'questions' schema to fully understand the context and meaning of the data points within the 'responses'. Do not rely on any prior knowledge outside of this provided data. Base your entire analysis on the information given.

Provide your final answer directly and concisely. Output must be the human-readable value, not an option code.

Rules:
- For MCQ fields, map any letter codes in the Responses (case-insensitive) to the corresponding option text from the Questions schema, and output only that text. Do NOT include the letter or both.
  Example: If the schema is """"[MCQ: A. Abnormal B. Inconclusive C. Normal]"""" and the response is """"a"""", output """"Abnormal"""".
- For open-ended fields, output the exact text value.
- If the question asks for a count, provide only the number (e.g., """"42"""").
- If the question asks for a list of names or IDs, provide a simple comma-separated list (e.g., """"17, 21, 23"""").
- Preserve capitalization exactly as in the schema (e.g., output """"Abnormal"""", not """"abnormal"""" or """"A"""").

<task>
Which respondents scored higher than 2 on 'Assessment'?
</task>""","23, 16",False
case_18,rule_based_querying,List all respondents from the 'V (Hypoglycemia)' session whose 'Background (examination)' is exactly 1.,"""Survey Data
==================================================

Questions:
1. Date: What is the date of the session? [Open-ended]
2. SessionName: What is the name of the session? [Open-ended]
3. Identification: Identification of self, role, and patient. [Rubric: 0 = Requires direct prompting, 1 = Introduces themselves but only after a hint, 2 = Introduces themselves but information is incomplete, 3 = Introduces themselves and information is complete]
4. Situation: Identifies the main problem(s). [Rubric: 0 = Unable to identify the main problem(s), 1 = Identifies the main problem(s) after extended prompting, 2 = Identifies the main problem(s) with fewer prompts needed, 3 = Identifies and prioritizes the main problem(s) unprompted]
5. Background (history): Gives appropriate history. [Rubric: 0 = History is unstructured or non-relevant, 1 = Relevant history but frequent clarification needed, 2 = Relevant history with few further questions needed, 3 = Comprehensive focused history]
6. Background (examination): Gives appropriate examination/observations. [Rubric: 0 = Observations are omitted or irrelevant, 1 = Observations reported but frequent clarification needed, 2 = Observations reported with few further questions needed, 3 = Comprehensive focused examination/observations]
7. Assessment: Makes logical assessment (correlates problem, history, exam, context). [Rubric: 0 = No logical assessment, 1 = Assessment only after extended questioning, 2 = Assessment after minimal questioning, 3 = Comprehensive logical assessment without questioning]
8. Recommendation (clear recommendation): Makes a clear recommendation. [Rubric: 0 = No recommendation, 1 = Clear recommendation only after extended questioning, 2 = Clear recommendation after minimal questioning, 3 = Clear comprehensive recommendation without questioning]
9. Recommendation (global rating scale): Global Rating Scale (GRS) - How confident am I that I received an accurate picture of the patient? [Rubric: 0 = Not at all confident, 1 = Confident but required extended questioning, 2 = Confident but required some further questioning, 3 = Confident and required little or no questioning]
10. Comments: Comments on the session. [Open-ended]

Responses:
--------------------

Respondent 2:
  Date: 2025-04-04
  SessionName: MI
  Identification: 3
  Situation: 3
  Background (history): 2
  Background (examination): 3
  Assessment: 3
  Recommendation (clear recommendation): 2
  Recommendation (global rating scale): 1
  Comments: 

Respondent 3:
  Date: 2025-04-04
  SessionName: III-Sepsis
  Identification: 0
  Situation: 2
  Background (history): 3
  Background (examination): 3
  Assessment: 3
  Recommendation (clear recommendation): 3
  Recommendation (global rating scale): 3
  Comments: The patient/simulation is not oriented in TPP.
Clear communication between Reg and colleague during handover

Respondent 9:
  Date: 2025-05-04
  SessionName: II (Anaphylaxsis)
  Identification: 3
  Situation: 3
  Background (history): 2
  Background (examination): 2
  Assessment: 2
  Recommendation (clear recommendation): 3
  Recommendation (global rating scale): 2
  Comments: Overall a bit unclear communication reflected

Respondent 18:
  Date: 2025-05-04
  SessionName: IV - VT
  Identification: 3
  Situation: 3
  Background (history): 2
  Background (examination): 2
  Assessment: 3
  Recommendation (clear recommendation): 2
  Recommendation (global rating scale): 2
  Comments: Not very concise or clear communication
Satisfactory

Respondent 19:
  Date: 2025-05-16
  SessionName: I - MI
  Identification: 3
  Situation: 3
  Background (history): 3
  Background (examination): 3
  Assessment: 2
  Recommendation (clear recommendation): 3
  Recommendation (global rating scale): 3
  Comments: Wrong CPR position
Clarity is a bit low over whole case scenario
Satisfactory

Respondent 23:
  Date: 2025-03-14
  SessionName: II-Anaphylaxsis
  Identification: 3
  Situation: 3
  Background (history): 2
  Background (examination): 2
  Assessment: 3
  Recommendation (clear recommendation): 3
  Recommendation (global rating scale): 3
  Comments: Time: (11:43-11:58)
Talking to registrav could not summarize the condition of patient very clearly
DID: Sepsis I Anaphylaxsis given by team

Respondent 6:
  Date: 2025-04-04
  SessionName: II (Anaphylactic Shock)
  Identification: 3
  Situation: 2
  Background (history): 3
  Background (examination): 3
  Assessment: 2
  Recommendation (clear recommendation): 2
  Recommendation (global rating scale): 3
  Comments: 

Respondent 11:
  Date: 2025-04-04
  SessionName: IV (AF)
  Identification: 3
  Situation: 3
  Background (history): 3
  Background (examination): 3
  Assessment: 3
  Recommendation (clear recommendation): 3
  Recommendation (global rating scale): 3
  Comments: Clear communication and handover

Respondent 1:
  Date: 2025-05-02
  SessionName: V (Hypoglycemia)
  Identification: -1
  Situation: 2
  Background (history): 2
  Background (examination): 2
  Assessment: 3
  Recommendation (clear recommendation): 2
  Recommendation (global rating scale): 2
  Comments: Satisfactory

""",[],"""<example>
List all respondents from the '(MI)-VT' session whose 'Recommendation (global rating scale)' is exactly 0.

DATA:

Survey Data
==================================================

Questions:
1. Date: What is the date of the session? [Open-ended]
2. SessionName: What is the name of the session? [Open-ended]
3. Identification: Identification of self, role, and patient. [Rubric: 0 = Requires direct prompting, 1 = Introduces themselves but only after a hint, 2 = Introduces themselves but information is incomplete, 3 = Introduces themselves and information is complete]
4. Situation: Identifies the main problem(s). [Rubric: 0 = Unable to identify the main problem(s), 1 = Identifies the main problem(s) after extended prompting, 2 = Identifies the main problem(s) with fewer prompts needed, 3 = Identifies and prioritizes the main problem(s) unprompted]
5. Background (history): Gives appropriate history. [Rubric: 0 = History is unstructured or non-relevant, 1 = Relevant history but frequent clarification needed, 2 = Relevant history with few further questions needed, 3 = Comprehensive focused history]
6. Background (examination): Gives appropriate examination/observations. [Rubric: 0 = Observations are omitted or irrelevant, 1 = Observations reported but frequent clarification needed, 2 = Observations reported with few further questions needed, 3 = Comprehensive focused examination/observations]
7. Assessment: Makes logical assessment (correlates problem, history, exam, context). [Rubric: 0 = No logical assessment, 1 = Assessment only after extended questioning, 2 = Assessment after minimal questioning, 3 = Comprehensive logical assessment without questioning]
8. Recommendation (clear recommendation): Makes a clear recommendation. [Rubric: 0 = No recommendation, 1 = Clear recommendation only after extended questioning, 2 = Clear recommendation after minimal questioning, 3 = Clear comprehensive recommendation without questioning]
9. Recommendation (global rating scale): Global Rating Scale (GRS) - How confident am I that I received an accurate picture of the patient? [Rubric: 0 = Not at all confident, 1 = Confident but required extended questioning, 2 = Confident but required some further questioning, 3 = Confident and required little or no questioning]
10. Comments: Comments on the session. [Open-ended]

Responses:
--------------------

Respondent 2:
  Date: 2025-04-04
  SessionName: MI
  Identification: 3
  Situation: 3
  Background (history): 2
  Background (examination): 3
  Assessment: 3
  Recommendation (clear recommendation): 2
  Recommendation (global rating scale): 1
  Comments: 

Respondent 3:
  Date: 2025-04-04
  SessionName: III-Sepsis
  Identification: 0
  Situation: 2
  Background (history): 3
  Background (examination): 3
  Assessment: 3
  Recommendation (clear recommendation): 3
  Recommendation (global rating scale): 3
  Comments: The patient/simulation is not oriented in TPP.
Clear communication between Reg and colleague during handover

Respondent 9:
  Date: 2025-05-04
  SessionName: II (Anaphylaxsis)
  Identification: 3
  Situation: 3
  Background (history): 2
  Background (examination): 2
  Assessment: 2
  Recommendation (clear recommendation): 3
  Recommendation (global rating scale): 2
  Comments: Overall a bit unclear communication reflected

Respondent 18:
  Date: 2025-05-04
  SessionName: IV - VT
  Identification: 3
  Situation: 3
  Background (history): 2
  Background (examination): 2
  Assessment: 3
  Recommendation (clear recommendation): 2
  Recommendation (global rating scale): 2
  Comments: Not very concise or clear communication
Satisfactory

Respondent 19:
  Date: 2025-05-16
  SessionName: I - MI
  Identification: 3
  Situation: 3
  Background (history): 3
  Background (examination): 3
  Assessment: 2
  Recommendation (clear recommendation): 3
  Recommendation (global rating scale): 3
  Comments: Wrong CPR position
Clarity is a bit low over whole case scenario
Satisfactory

Respondent 23:
  Date: 2025-03-14
  SessionName: II-Anaphylaxsis
  Identification: 3
  Situation: 3
  Background (history): 2
  Background (examination): 2
  Assessment: 3
  Recommendation (clear recommendation): 3
  Recommendation (global rating scale): 3
  Comments: Time: (11:43-11:58)
Talking to registrav could not summarize the condition of patient very clearly
DID: Sepsis I Anaphylaxsis given by team

Respondent 6:
  Date: 2025-04-04
  SessionName: II (Anaphylactic Shock)
  Identification: 3
  Situation: 2
  Background (history): 3
  Background (examination): 3
  Assessment: 2
  Recommendation (clear recommendation): 2
  Recommendation (global rating scale): 3
  Comments: 

Respondent 11:
  Date: 2025-04-04
  SessionName: IV (AF)
  Identification: 3
  Situation: 3
  Background (history): 3
  Background (examination): 3
  Assessment: 3
  Recommendation (clear recommendation): 3
  Recommendation (global rating scale): 3
  Comments: Clear communication and handover

Respondent 1:
  Date: 2025-05-02
  SessionName: V (Hypoglycemia)
  Identification: -1
  Situation: 2
  Background (history): 2
  Background (examination): 2
  Assessment: 3
  Recommendation (clear recommendation): 2
  Recommendation (global rating scale): 2
  Comments: Satisfactory



Answer: []
</example>

<questionnaire>
Survey Data
==================================================

Questions:
1. Date: What is the date of the session? [Open-ended]
2. SessionName: What is the name of the session? [Open-ended]
3. Identification: Identification of self, role, and patient. [Rubric: 0 = Requires direct prompting, 1 = Introduces themselves but only after a hint, 2 = Introduces themselves but information is incomplete, 3 = Introduces themselves and information is complete]
4. Situation: Identifies the main problem(s). [Rubric: 0 = Unable to identify the main problem(s), 1 = Identifies the main problem(s) after extended prompting, 2 = Identifies the main problem(s) with fewer prompts needed, 3 = Identifies and prioritizes the main problem(s) unprompted]
5. Background (history): Gives appropriate history. [Rubric: 0 = History is unstructured or non-relevant, 1 = Relevant history but frequent clarification needed, 2 = Relevant history with few further questions needed, 3 = Comprehensive focused history]
6. Background (examination): Gives appropriate examination/observations. [Rubric: 0 = Observations are omitted or irrelevant, 1 = Observations reported but frequent clarification needed, 2 = Observations reported with few further questions needed, 3 = Comprehensive focused examination/observations]
7. Assessment: Makes logical assessment (correlates problem, history, exam, context). [Rubric: 0 = No logical assessment, 1 = Assessment only after extended questioning, 2 = Assessment after minimal questioning, 3 = Comprehensive logical assessment without questioning]
8. Recommendation (clear recommendation): Makes a clear recommendation. [Rubric: 0 = No recommendation, 1 = Clear recommendation only after extended questioning, 2 = Clear recommendation after minimal questioning, 3 = Clear comprehensive recommendation without questioning]
9. Recommendation (global rating scale): Global Rating Scale (GRS) - How confident am I that I received an accurate picture of the patient? [Rubric: 0 = Not at all confident, 1 = Confident but required extended questioning, 2 = Confident but required some further questioning, 3 = Confident and required little or no questioning]
10. Comments: Comments on the session. [Open-ended]

Responses:
--------------------

Respondent 2:
  Date: 2025-04-04
  SessionName: MI
  Identification: 3
  Situation: 3
  Background (history): 2
  Background (examination): 3
  Assessment: 3
  Recommendation (clear recommendation): 2
  Recommendation (global rating scale): 1
  Comments: 

Respondent 3:
  Date: 2025-04-04
  SessionName: III-Sepsis
  Identification: 0
  Situation: 2
  Background (history): 3
  Background (examination): 3
  Assessment: 3
  Recommendation (clear recommendation): 3
  Recommendation (global rating scale): 3
  Comments: The patient/simulation is not oriented in TPP.
Clear communication between Reg and colleague during handover

Respondent 9:
  Date: 2025-05-04
  SessionName: II (Anaphylaxsis)
  Identification: 3
  Situation: 3
  Background (history): 2
  Background (examination): 2
  Assessment: 2
  Recommendation (clear recommendation): 3
  Recommendation (global rating scale): 2
  Comments: Overall a bit unclear communication reflected

Respondent 18:
  Date: 2025-05-04
  SessionName: IV - VT
  Identification: 3
  Situation: 3
  Background (history): 2
  Background (examination): 2
  Assessment: 3
  Recommendation (clear recommendation): 2
  Recommendation (global rating scale): 2
  Comments: Not very concise or clear communication
Satisfactory

Respondent 19:
  Date: 2025-05-16
  SessionName: I - MI
  Identification: 3
  Situation: 3
  Background (history): 3
  Background (examination): 3
  Assessment: 2
  Recommendation (clear recommendation): 3
  Recommendation (global rating scale): 3
  Comments: Wrong CPR position
Clarity is a bit low over whole case scenario
Satisfactory

Respondent 23:
  Date: 2025-03-14
  SessionName: II-Anaphylaxsis
  Identification: 3
  Situation: 3
  Background (history): 2
  Background (examination): 2
  Assessment: 3
  Recommendation (clear recommendation): 3
  Recommendation (global rating scale): 3
  Comments: Time: (11:43-11:58)
Talking to registrav could not summarize the condition of patient very clearly
DID: Sepsis I Anaphylaxsis given by team

Respondent 6:
  Date: 2025-04-04
  SessionName: II (Anaphylactic Shock)
  Identification: 3
  Situation: 2
  Background (history): 3
  Background (examination): 3
  Assessment: 2
  Recommendation (clear recommendation): 2
  Recommendation (global rating scale): 3
  Comments: 

Respondent 11:
  Date: 2025-04-04
  SessionName: IV (AF)
  Identification: 3
  Situation: 3
  Background (history): 3
  Background (examination): 3
  Assessment: 3
  Recommendation (clear recommendation): 3
  Recommendation (global rating scale): 3
  Comments: Clear communication and handover

Respondent 1:
  Date: 2025-05-02
  SessionName: V (Hypoglycemia)
  Identification: -1
  Situation: 2
  Background (history): 2
  Background (examination): 2
  Assessment: 3
  Recommendation (clear recommendation): 2
  Recommendation (global rating scale): 2
  Comments: Satisfactory


</questionnaire>

You are a meticulous data analyst AI. Your primary function is to accurately analyze structured data and provide precise, verifiable answers.

You will be given a dataset with two key parts:

A 'questions' section: This is your data dictionary or schema. It is the single source of truth for understanding what each field and score means. Refer to it carefully.

A 'responses' section: This contains the raw data from each individual respondent.

To answer the question correctly, you must first use the 'questions' schema to fully understand the context and meaning of the data points within the 'responses'. Do not rely on any prior knowledge outside of this provided data. Base your entire analysis on the information given.

Provide your final answer directly and concisely. Output must be the human-readable value, not an option code.

Rules:
- For MCQ fields, map any letter codes in the Responses (case-insensitive) to the corresponding option text from the Questions schema, and output only that text. Do NOT include the letter or both.
  Example: If the schema is """"[MCQ: A. Abnormal B. Inconclusive C. Normal]"""" and the response is """"a"""", output """"Abnormal"""".
- For open-ended fields, output the exact text value.
- If the question asks for a count, provide only the number (e.g., """"42"""").
- If the question asks for a list of names or IDs, provide a simple comma-separated list (e.g., """"17, 21, 23"""").
- Preserve capitalization exactly as in the schema (e.g., output """"Abnormal"""", not """"abnormal"""" or """"A"""").

<task>
List all respondents from the 'V (Hypoglycemia)' session whose 'Background (examination)' is exactly 1.
</task>""",[],True
case_19,rule_based_querying,Find all respondents whose 'Background (examination)' score is between 0 and 1.,"""Survey Data
==================================================

Questions:
1. Date: What is the date of the session? [Open-ended]
2. SessionName: What is the name of the session? [Open-ended]
3. Identification: Identification of self, role, and patient. [Rubric: 0 = Requires direct prompting, 1 = Introduces themselves but only after a hint, 2 = Introduces themselves but information is incomplete, 3 = Introduces themselves and information is complete]
4. Situation: Identifies the main problem(s). [Rubric: 0 = Unable to identify the main problem(s), 1 = Identifies the main problem(s) after extended prompting, 2 = Identifies the main problem(s) with fewer prompts needed, 3 = Identifies and prioritizes the main problem(s) unprompted]
5. Background (history): Gives appropriate history. [Rubric: 0 = History is unstructured or non-relevant, 1 = Relevant history but frequent clarification needed, 2 = Relevant history with few further questions needed, 3 = Comprehensive focused history]
6. Background (examination): Gives appropriate examination/observations. [Rubric: 0 = Observations are omitted or irrelevant, 1 = Observations reported but frequent clarification needed, 2 = Observations reported with few further questions needed, 3 = Comprehensive focused examination/observations]
7. Assessment: Makes logical assessment (correlates problem, history, exam, context). [Rubric: 0 = No logical assessment, 1 = Assessment only after extended questioning, 2 = Assessment after minimal questioning, 3 = Comprehensive logical assessment without questioning]
8. Recommendation (clear recommendation): Makes a clear recommendation. [Rubric: 0 = No recommendation, 1 = Clear recommendation only after extended questioning, 2 = Clear recommendation after minimal questioning, 3 = Clear comprehensive recommendation without questioning]
9. Recommendation (global rating scale): Global Rating Scale (GRS) - How confident am I that I received an accurate picture of the patient? [Rubric: 0 = Not at all confident, 1 = Confident but required extended questioning, 2 = Confident but required some further questioning, 3 = Confident and required little or no questioning]
10. Comments: Comments on the session. [Open-ended]

Responses:
--------------------

Respondent 19:
  Date: 2025-05-16
  SessionName: I - MI
  Identification: 3
  Situation: 3
  Background (history): 3
  Background (examination): 3
  Assessment: 2
  Recommendation (clear recommendation): 3
  Recommendation (global rating scale): 3
  Comments: Wrong CPR position
Clarity is a bit low over whole case scenario
Satisfactory

Respondent 5:
  Date: 2025-05-04
  SessionName: II - Anaphylaxsis
  Identification: 3
  Situation: 3
  Background (history): 3
  Background (examination): 3
  Assessment: 3
  Recommendation (clear recommendation): 2
  Recommendation (global rating scale): 3
  Comments: Good clear and precise clinical handover
Good

Respondent 13:
  Date: 2025-03-14
  SessionName: I-VF
  Identification: 3
  Situation: 3
  Background (history): 2
  Background (examination): 1
  Assessment: 2
  Recommendation (clear recommendation): 2
  Recommendation (global rating scale): 2
  Comments: Time: (10:29-10:54)
Ventricular fibrillation (CVS)
Lack of communication btween 2 main interns
Further brief to patient, ask patent concerns

Respondent 3:
  Date: 2025-04-04
  SessionName: III-Sepsis
  Identification: 0
  Situation: 2
  Background (history): 3
  Background (examination): 3
  Assessment: 3
  Recommendation (clear recommendation): 3
  Recommendation (global rating scale): 3
  Comments: The patient/simulation is not oriented in TPP.
Clear communication between Reg and colleague during handover

Respondent 10:
  Date: 2025-03-14
  SessionName: (MI)-VT
  Identification: 2
  Situation: 2
  Background (history): 2
  Background (examination): 2
  Assessment: 2
  Recommendation (clear recommendation): 2
  Recommendation (global rating scale): 2
  Comments: Time: (15:53-16:14)

Respondent 6:
  Date: 2025-04-04
  SessionName: II (Anaphylactic Shock)
  Identification: 3
  Situation: 2
  Background (history): 3
  Background (examination): 3
  Assessment: 2
  Recommendation (clear recommendation): 2
  Recommendation (global rating scale): 3
  Comments: 

Respondent 8:
  Date: 2025-05-02
  SessionName: III (Sepsis)
  Identification: 3
  Situation: 3
  Background (history): 3
  Background (examination): 2
  Assessment: 2
  Recommendation (clear recommendation): 2
  Recommendation (global rating scale): 3
  Comments: Clear communication during handover
Good

Respondent 21:
  Date: 2025-05-16
  SessionName: I (Myocardial infarction)
  Identification: 3
  Situation: 2
  Background (history): 3
  Background (examination): 1
  Assessment: 2
  Recommendation (clear recommendation): 3
  Recommendation (global rating scale): 3
  Comments: Diagnostic clarity is present
Good and early assessment of condition is done

""","""['13', '21']""","""<example>
List all respondents from the '(MI)-VT' session whose 'Recommendation (global rating scale)' is exactly 0.

DATA:

Survey Data
==================================================

Questions:
1. Date: What is the date of the session? [Open-ended]
2. SessionName: What is the name of the session? [Open-ended]
3. Identification: Identification of self, role, and patient. [Rubric: 0 = Requires direct prompting, 1 = Introduces themselves but only after a hint, 2 = Introduces themselves but information is incomplete, 3 = Introduces themselves and information is complete]
4. Situation: Identifies the main problem(s). [Rubric: 0 = Unable to identify the main problem(s), 1 = Identifies the main problem(s) after extended prompting, 2 = Identifies the main problem(s) with fewer prompts needed, 3 = Identifies and prioritizes the main problem(s) unprompted]
5. Background (history): Gives appropriate history. [Rubric: 0 = History is unstructured or non-relevant, 1 = Relevant history but frequent clarification needed, 2 = Relevant history with few further questions needed, 3 = Comprehensive focused history]
6. Background (examination): Gives appropriate examination/observations. [Rubric: 0 = Observations are omitted or irrelevant, 1 = Observations reported but frequent clarification needed, 2 = Observations reported with few further questions needed, 3 = Comprehensive focused examination/observations]
7. Assessment: Makes logical assessment (correlates problem, history, exam, context). [Rubric: 0 = No logical assessment, 1 = Assessment only after extended questioning, 2 = Assessment after minimal questioning, 3 = Comprehensive logical assessment without questioning]
8. Recommendation (clear recommendation): Makes a clear recommendation. [Rubric: 0 = No recommendation, 1 = Clear recommendation only after extended questioning, 2 = Clear recommendation after minimal questioning, 3 = Clear comprehensive recommendation without questioning]
9. Recommendation (global rating scale): Global Rating Scale (GRS) - How confident am I that I received an accurate picture of the patient? [Rubric: 0 = Not at all confident, 1 = Confident but required extended questioning, 2 = Confident but required some further questioning, 3 = Confident and required little or no questioning]
10. Comments: Comments on the session. [Open-ended]

Responses:
--------------------

Respondent 19:
  Date: 2025-05-16
  SessionName: I - MI
  Identification: 3
  Situation: 3
  Background (history): 3
  Background (examination): 3
  Assessment: 2
  Recommendation (clear recommendation): 3
  Recommendation (global rating scale): 3
  Comments: Wrong CPR position
Clarity is a bit low over whole case scenario
Satisfactory

Respondent 5:
  Date: 2025-05-04
  SessionName: II - Anaphylaxsis
  Identification: 3
  Situation: 3
  Background (history): 3
  Background (examination): 3
  Assessment: 3
  Recommendation (clear recommendation): 2
  Recommendation (global rating scale): 3
  Comments: Good clear and precise clinical handover
Good

Respondent 13:
  Date: 2025-03-14
  SessionName: I-VF
  Identification: 3
  Situation: 3
  Background (history): 2
  Background (examination): 1
  Assessment: 2
  Recommendation (clear recommendation): 2
  Recommendation (global rating scale): 2
  Comments: Time: (10:29-10:54)
Ventricular fibrillation (CVS)
Lack of communication btween 2 main interns
Further brief to patient, ask patent concerns

Respondent 3:
  Date: 2025-04-04
  SessionName: III-Sepsis
  Identification: 0
  Situation: 2
  Background (history): 3
  Background (examination): 3
  Assessment: 3
  Recommendation (clear recommendation): 3
  Recommendation (global rating scale): 3
  Comments: The patient/simulation is not oriented in TPP.
Clear communication between Reg and colleague during handover

Respondent 10:
  Date: 2025-03-14
  SessionName: (MI)-VT
  Identification: 2
  Situation: 2
  Background (history): 2
  Background (examination): 2
  Assessment: 2
  Recommendation (clear recommendation): 2
  Recommendation (global rating scale): 2
  Comments: Time: (15:53-16:14)

Respondent 6:
  Date: 2025-04-04
  SessionName: II (Anaphylactic Shock)
  Identification: 3
  Situation: 2
  Background (history): 3
  Background (examination): 3
  Assessment: 2
  Recommendation (clear recommendation): 2
  Recommendation (global rating scale): 3
  Comments: 

Respondent 8:
  Date: 2025-05-02
  SessionName: III (Sepsis)
  Identification: 3
  Situation: 3
  Background (history): 3
  Background (examination): 2
  Assessment: 2
  Recommendation (clear recommendation): 2
  Recommendation (global rating scale): 3
  Comments: Clear communication during handover
Good

Respondent 21:
  Date: 2025-05-16
  SessionName: I (Myocardial infarction)
  Identification: 3
  Situation: 2
  Background (history): 3
  Background (examination): 1
  Assessment: 2
  Recommendation (clear recommendation): 3
  Recommendation (global rating scale): 3
  Comments: Diagnostic clarity is present
Good and early assessment of condition is done



Answer: []
</example>

<questionnaire>
Survey Data
==================================================

Questions:
1. Date: What is the date of the session? [Open-ended]
2. SessionName: What is the name of the session? [Open-ended]
3. Identification: Identification of self, role, and patient. [Rubric: 0 = Requires direct prompting, 1 = Introduces themselves but only after a hint, 2 = Introduces themselves but information is incomplete, 3 = Introduces themselves and information is complete]
4. Situation: Identifies the main problem(s). [Rubric: 0 = Unable to identify the main problem(s), 1 = Identifies the main problem(s) after extended prompting, 2 = Identifies the main problem(s) with fewer prompts needed, 3 = Identifies and prioritizes the main problem(s) unprompted]
5. Background (history): Gives appropriate history. [Rubric: 0 = History is unstructured or non-relevant, 1 = Relevant history but frequent clarification needed, 2 = Relevant history with few further questions needed, 3 = Comprehensive focused history]
6. Background (examination): Gives appropriate examination/observations. [Rubric: 0 = Observations are omitted or irrelevant, 1 = Observations reported but frequent clarification needed, 2 = Observations reported with few further questions needed, 3 = Comprehensive focused examination/observations]
7. Assessment: Makes logical assessment (correlates problem, history, exam, context). [Rubric: 0 = No logical assessment, 1 = Assessment only after extended questioning, 2 = Assessment after minimal questioning, 3 = Comprehensive logical assessment without questioning]
8. Recommendation (clear recommendation): Makes a clear recommendation. [Rubric: 0 = No recommendation, 1 = Clear recommendation only after extended questioning, 2 = Clear recommendation after minimal questioning, 3 = Clear comprehensive recommendation without questioning]
9. Recommendation (global rating scale): Global Rating Scale (GRS) - How confident am I that I received an accurate picture of the patient? [Rubric: 0 = Not at all confident, 1 = Confident but required extended questioning, 2 = Confident but required some further questioning, 3 = Confident and required little or no questioning]
10. Comments: Comments on the session. [Open-ended]

Responses:
--------------------

Respondent 19:
  Date: 2025-05-16
  SessionName: I - MI
  Identification: 3
  Situation: 3
  Background (history): 3
  Background (examination): 3
  Assessment: 2
  Recommendation (clear recommendation): 3
  Recommendation (global rating scale): 3
  Comments: Wrong CPR position
Clarity is a bit low over whole case scenario
Satisfactory

Respondent 5:
  Date: 2025-05-04
  SessionName: II - Anaphylaxsis
  Identification: 3
  Situation: 3
  Background (history): 3
  Background (examination): 3
  Assessment: 3
  Recommendation (clear recommendation): 2
  Recommendation (global rating scale): 3
  Comments: Good clear and precise clinical handover
Good

Respondent 13:
  Date: 2025-03-14
  SessionName: I-VF
  Identification: 3
  Situation: 3
  Background (history): 2
  Background (examination): 1
  Assessment: 2
  Recommendation (clear recommendation): 2
  Recommendation (global rating scale): 2
  Comments: Time: (10:29-10:54)
Ventricular fibrillation (CVS)
Lack of communication btween 2 main interns
Further brief to patient, ask patent concerns

Respondent 3:
  Date: 2025-04-04
  SessionName: III-Sepsis
  Identification: 0
  Situation: 2
  Background (history): 3
  Background (examination): 3
  Assessment: 3
  Recommendation (clear recommendation): 3
  Recommendation (global rating scale): 3
  Comments: The patient/simulation is not oriented in TPP.
Clear communication between Reg and colleague during handover

Respondent 10:
  Date: 2025-03-14
  SessionName: (MI)-VT
  Identification: 2
  Situation: 2
  Background (history): 2
  Background (examination): 2
  Assessment: 2
  Recommendation (clear recommendation): 2
  Recommendation (global rating scale): 2
  Comments: Time: (15:53-16:14)

Respondent 6:
  Date: 2025-04-04
  SessionName: II (Anaphylactic Shock)
  Identification: 3
  Situation: 2
  Background (history): 3
  Background (examination): 3
  Assessment: 2
  Recommendation (clear recommendation): 2
  Recommendation (global rating scale): 3
  Comments: 

Respondent 8:
  Date: 2025-05-02
  SessionName: III (Sepsis)
  Identification: 3
  Situation: 3
  Background (history): 3
  Background (examination): 2
  Assessment: 2
  Recommendation (clear recommendation): 2
  Recommendation (global rating scale): 3
  Comments: Clear communication during handover
Good

Respondent 21:
  Date: 2025-05-16
  SessionName: I (Myocardial infarction)
  Identification: 3
  Situation: 2
  Background (history): 3
  Background (examination): 1
  Assessment: 2
  Recommendation (clear recommendation): 3
  Recommendation (global rating scale): 3
  Comments: Diagnostic clarity is present
Good and early assessment of condition is done


</questionnaire>

You are a meticulous data analyst AI. Your primary function is to accurately analyze structured data and provide precise, verifiable answers.

You will be given a dataset with two key parts:

A 'questions' section: This is your data dictionary or schema. It is the single source of truth for understanding what each field and score means. Refer to it carefully.

A 'responses' section: This contains the raw data from each individual respondent.

To answer the question correctly, you must first use the 'questions' schema to fully understand the context and meaning of the data points within the 'responses'. Do not rely on any prior knowledge outside of this provided data. Base your entire analysis on the information given.

Provide your final answer directly and concisely. Output must be the human-readable value, not an option code.

Rules:
- For MCQ fields, map any letter codes in the Responses (case-insensitive) to the corresponding option text from the Questions schema, and output only that text. Do NOT include the letter or both.
  Example: If the schema is """"[MCQ: A. Abnormal B. Inconclusive C. Normal]"""" and the response is """"a"""", output """"Abnormal"""".
- For open-ended fields, output the exact text value.
- If the question asks for a count, provide only the number (e.g., """"42"""").
- If the question asks for a list of names or IDs, provide a simple comma-separated list (e.g., """"17, 21, 23"""").
- Preserve capitalization exactly as in the schema (e.g., output """"Abnormal"""", not """"abnormal"""" or """"A"""").

<task>
Find all respondents whose 'Background (examination)' score is between 0 and 1.
</task>""","13, 21",False
case_20,rule_based_querying,Find all respondents whose 'Recommendation (global rating scale)' score is between 1 and 2.,"""Survey Data
==================================================

Questions:
1. Date: What is the date of the session? [Open-ended]
2. SessionName: What is the name of the session? [Open-ended]
3. Identification: Identification of self, role, and patient. [Rubric: 0 = Requires direct prompting, 1 = Introduces themselves but only after a hint, 2 = Introduces themselves but information is incomplete, 3 = Introduces themselves and information is complete]
4. Situation: Identifies the main problem(s). [Rubric: 0 = Unable to identify the main problem(s), 1 = Identifies the main problem(s) after extended prompting, 2 = Identifies the main problem(s) with fewer prompts needed, 3 = Identifies and prioritizes the main problem(s) unprompted]
5. Background (history): Gives appropriate history. [Rubric: 0 = History is unstructured or non-relevant, 1 = Relevant history but frequent clarification needed, 2 = Relevant history with few further questions needed, 3 = Comprehensive focused history]
6. Background (examination): Gives appropriate examination/observations. [Rubric: 0 = Observations are omitted or irrelevant, 1 = Observations reported but frequent clarification needed, 2 = Observations reported with few further questions needed, 3 = Comprehensive focused examination/observations]
7. Assessment: Makes logical assessment (correlates problem, history, exam, context). [Rubric: 0 = No logical assessment, 1 = Assessment only after extended questioning, 2 = Assessment after minimal questioning, 3 = Comprehensive logical assessment without questioning]
8. Recommendation (clear recommendation): Makes a clear recommendation. [Rubric: 0 = No recommendation, 1 = Clear recommendation only after extended questioning, 2 = Clear recommendation after minimal questioning, 3 = Clear comprehensive recommendation without questioning]
9. Recommendation (global rating scale): Global Rating Scale (GRS) - How confident am I that I received an accurate picture of the patient? [Rubric: 0 = Not at all confident, 1 = Confident but required extended questioning, 2 = Confident but required some further questioning, 3 = Confident and required little or no questioning]
10. Comments: Comments on the session. [Open-ended]

Responses:
--------------------

Respondent 13:
  Date: 2025-03-14
  SessionName: I-VF
  Identification: 3
  Situation: 3
  Background (history): 2
  Background (examination): 1
  Assessment: 2
  Recommendation (clear recommendation): 2
  Recommendation (global rating scale): 2
  Comments: Time: (10:29-10:54)
Ventricular fibrillation (CVS)
Lack of communication btween 2 main interns
Further brief to patient, ask patent concerns

Respondent 5:
  Date: 2025-05-04
  SessionName: II - Anaphylaxsis
  Identification: 3
  Situation: 3
  Background (history): 3
  Background (examination): 3
  Assessment: 3
  Recommendation (clear recommendation): 2
  Recommendation (global rating scale): 3
  Comments: Good clear and precise clinical handover
Good

Respondent 3:
  Date: 2025-04-04
  SessionName: III-Sepsis
  Identification: 0
  Situation: 2
  Background (history): 3
  Background (examination): 3
  Assessment: 3
  Recommendation (clear recommendation): 3
  Recommendation (global rating scale): 3
  Comments: The patient/simulation is not oriented in TPP.
Clear communication between Reg and colleague during handover

Respondent 17:
  Date: 2025-05-04
  SessionName: V (Hypoglycemia)
  Identification: 3
  Situation: 3
  Background (history): 3
  Background (examination): 3
  Assessment: 3
  Recommendation (clear recommendation): 3
  Recommendation (global rating scale): 2
  Comments: Concise - clear
Satisfactory

Respondent 12:
  Date: 2025-05-02
  SessionName: II (Anaphylaxis)
  Identification: 3
  Situation: 3
  Background (history): 3
  Background (examination): 3
  Assessment: 2
  Recommendation (clear recommendation): 3
  Recommendation (global rating scale): 3
  Comments: Good

Respondent 2:
  Date: 2025-04-04
  SessionName: MI
  Identification: 3
  Situation: 3
  Background (history): 2
  Background (examination): 3
  Assessment: 3
  Recommendation (clear recommendation): 2
  Recommendation (global rating scale): 1
  Comments: 

Respondent 4:
  Date: 2025-05-16
  SessionName: III (Sepsis)
  Identification: 3
  Situation: 3
  Background (history): 3
  Background (examination): 2
  Assessment: 2
  Recommendation (clear recommendation): 2
  Recommendation (global rating scale): 2
  Comments: Clinical handover and communication skills, satisfactory
No panic, no arrest team
Satisfactory

Respondent 14:
  Date: 2025-03-14
  SessionName: IV-Hypoglycemia
  Identification: 3
  Situation: 3
  Background (history): 2
  Background (examination): 2
  Assessment: 3
  Recommendation (clear recommendation): 1
  Recommendation (global rating scale): 2
  Comments: Time: (2:36-2:53)
Late response for considering consultation

Respondent 20:
  Date: 2025-05-02
  SessionName: IV (VT)
  Identification: 3
  Situation: 3
  Background (history): 2
  Background (examination): -1
  Assessment: 3
  Recommendation (clear recommendation): 2
  Recommendation (global rating scale): 3
  Comments: Good

Respondent 16:
  Date: 2025-05-02
  SessionName: I - MI
  Identification: 3
  Situation: 3
  Background (history): 3
  Background (examination): 3
  Assessment: 3
  Recommendation (clear recommendation): 2
  Recommendation (global rating scale): 3
  Comments: Consent denied for video recordings
Satisfactory

""","""['13', '17', '2', '4', '14']""","""<example>
List all respondents from the '(MI)-VT' session whose 'Recommendation (global rating scale)' is exactly 0.

DATA:

Survey Data
==================================================

Questions:
1. Date: What is the date of the session? [Open-ended]
2. SessionName: What is the name of the session? [Open-ended]
3. Identification: Identification of self, role, and patient. [Rubric: 0 = Requires direct prompting, 1 = Introduces themselves but only after a hint, 2 = Introduces themselves but information is incomplete, 3 = Introduces themselves and information is complete]
4. Situation: Identifies the main problem(s). [Rubric: 0 = Unable to identify the main problem(s), 1 = Identifies the main problem(s) after extended prompting, 2 = Identifies the main problem(s) with fewer prompts needed, 3 = Identifies and prioritizes the main problem(s) unprompted]
5. Background (history): Gives appropriate history. [Rubric: 0 = History is unstructured or non-relevant, 1 = Relevant history but frequent clarification needed, 2 = Relevant history with few further questions needed, 3 = Comprehensive focused history]
6. Background (examination): Gives appropriate examination/observations. [Rubric: 0 = Observations are omitted or irrelevant, 1 = Observations reported but frequent clarification needed, 2 = Observations reported with few further questions needed, 3 = Comprehensive focused examination/observations]
7. Assessment: Makes logical assessment (correlates problem, history, exam, context). [Rubric: 0 = No logical assessment, 1 = Assessment only after extended questioning, 2 = Assessment after minimal questioning, 3 = Comprehensive logical assessment without questioning]
8. Recommendation (clear recommendation): Makes a clear recommendation. [Rubric: 0 = No recommendation, 1 = Clear recommendation only after extended questioning, 2 = Clear recommendation after minimal questioning, 3 = Clear comprehensive recommendation without questioning]
9. Recommendation (global rating scale): Global Rating Scale (GRS) - How confident am I that I received an accurate picture of the patient? [Rubric: 0 = Not at all confident, 1 = Confident but required extended questioning, 2 = Confident but required some further questioning, 3 = Confident and required little or no questioning]
10. Comments: Comments on the session. [Open-ended]

Responses:
--------------------

Respondent 13:
  Date: 2025-03-14
  SessionName: I-VF
  Identification: 3
  Situation: 3
  Background (history): 2
  Background (examination): 1
  Assessment: 2
  Recommendation (clear recommendation): 2
  Recommendation (global rating scale): 2
  Comments: Time: (10:29-10:54)
Ventricular fibrillation (CVS)
Lack of communication btween 2 main interns
Further brief to patient, ask patent concerns

Respondent 5:
  Date: 2025-05-04
  SessionName: II - Anaphylaxsis
  Identification: 3
  Situation: 3
  Background (history): 3
  Background (examination): 3
  Assessment: 3
  Recommendation (clear recommendation): 2
  Recommendation (global rating scale): 3
  Comments: Good clear and precise clinical handover
Good

Respondent 3:
  Date: 2025-04-04
  SessionName: III-Sepsis
  Identification: 0
  Situation: 2
  Background (history): 3
  Background (examination): 3
  Assessment: 3
  Recommendation (clear recommendation): 3
  Recommendation (global rating scale): 3
  Comments: The patient/simulation is not oriented in TPP.
Clear communication between Reg and colleague during handover

Respondent 17:
  Date: 2025-05-04
  SessionName: V (Hypoglycemia)
  Identification: 3
  Situation: 3
  Background (history): 3
  Background (examination): 3
  Assessment: 3
  Recommendation (clear recommendation): 3
  Recommendation (global rating scale): 2
  Comments: Concise - clear
Satisfactory

Respondent 12:
  Date: 2025-05-02
  SessionName: II (Anaphylaxis)
  Identification: 3
  Situation: 3
  Background (history): 3
  Background (examination): 3
  Assessment: 2
  Recommendation (clear recommendation): 3
  Recommendation (global rating scale): 3
  Comments: Good

Respondent 2:
  Date: 2025-04-04
  SessionName: MI
  Identification: 3
  Situation: 3
  Background (history): 2
  Background (examination): 3
  Assessment: 3
  Recommendation (clear recommendation): 2
  Recommendation (global rating scale): 1
  Comments: 

Respondent 4:
  Date: 2025-05-16
  SessionName: III (Sepsis)
  Identification: 3
  Situation: 3
  Background (history): 3
  Background (examination): 2
  Assessment: 2
  Recommendation (clear recommendation): 2
  Recommendation (global rating scale): 2
  Comments: Clinical handover and communication skills, satisfactory
No panic, no arrest team
Satisfactory

Respondent 14:
  Date: 2025-03-14
  SessionName: IV-Hypoglycemia
  Identification: 3
  Situation: 3
  Background (history): 2
  Background (examination): 2
  Assessment: 3
  Recommendation (clear recommendation): 1
  Recommendation (global rating scale): 2
  Comments: Time: (2:36-2:53)
Late response for considering consultation

Respondent 20:
  Date: 2025-05-02
  SessionName: IV (VT)
  Identification: 3
  Situation: 3
  Background (history): 2
  Background (examination): -1
  Assessment: 3
  Recommendation (clear recommendation): 2
  Recommendation (global rating scale): 3
  Comments: Good

Respondent 16:
  Date: 2025-05-02
  SessionName: I - MI
  Identification: 3
  Situation: 3
  Background (history): 3
  Background (examination): 3
  Assessment: 3
  Recommendation (clear recommendation): 2
  Recommendation (global rating scale): 3
  Comments: Consent denied for video recordings
Satisfactory



Answer: []
</example>

<questionnaire>
Survey Data
==================================================

Questions:
1. Date: What is the date of the session? [Open-ended]
2. SessionName: What is the name of the session? [Open-ended]
3. Identification: Identification of self, role, and patient. [Rubric: 0 = Requires direct prompting, 1 = Introduces themselves but only after a hint, 2 = Introduces themselves but information is incomplete, 3 = Introduces themselves and information is complete]
4. Situation: Identifies the main problem(s). [Rubric: 0 = Unable to identify the main problem(s), 1 = Identifies the main problem(s) after extended prompting, 2 = Identifies the main problem(s) with fewer prompts needed, 3 = Identifies and prioritizes the main problem(s) unprompted]
5. Background (history): Gives appropriate history. [Rubric: 0 = History is unstructured or non-relevant, 1 = Relevant history but frequent clarification needed, 2 = Relevant history with few further questions needed, 3 = Comprehensive focused history]
6. Background (examination): Gives appropriate examination/observations. [Rubric: 0 = Observations are omitted or irrelevant, 1 = Observations reported but frequent clarification needed, 2 = Observations reported with few further questions needed, 3 = Comprehensive focused examination/observations]
7. Assessment: Makes logical assessment (correlates problem, history, exam, context). [Rubric: 0 = No logical assessment, 1 = Assessment only after extended questioning, 2 = Assessment after minimal questioning, 3 = Comprehensive logical assessment without questioning]
8. Recommendation (clear recommendation): Makes a clear recommendation. [Rubric: 0 = No recommendation, 1 = Clear recommendation only after extended questioning, 2 = Clear recommendation after minimal questioning, 3 = Clear comprehensive recommendation without questioning]
9. Recommendation (global rating scale): Global Rating Scale (GRS) - How confident am I that I received an accurate picture of the patient? [Rubric: 0 = Not at all confident, 1 = Confident but required extended questioning, 2 = Confident but required some further questioning, 3 = Confident and required little or no questioning]
10. Comments: Comments on the session. [Open-ended]

Responses:
--------------------

Respondent 13:
  Date: 2025-03-14
  SessionName: I-VF
  Identification: 3
  Situation: 3
  Background (history): 2
  Background (examination): 1
  Assessment: 2
  Recommendation (clear recommendation): 2
  Recommendation (global rating scale): 2
  Comments: Time: (10:29-10:54)
Ventricular fibrillation (CVS)
Lack of communication btween 2 main interns
Further brief to patient, ask patent concerns

Respondent 5:
  Date: 2025-05-04
  SessionName: II - Anaphylaxsis
  Identification: 3
  Situation: 3
  Background (history): 3
  Background (examination): 3
  Assessment: 3
  Recommendation (clear recommendation): 2
  Recommendation (global rating scale): 3
  Comments: Good clear and precise clinical handover
Good

Respondent 3:
  Date: 2025-04-04
  SessionName: III-Sepsis
  Identification: 0
  Situation: 2
  Background (history): 3
  Background (examination): 3
  Assessment: 3
  Recommendation (clear recommendation): 3
  Recommendation (global rating scale): 3
  Comments: The patient/simulation is not oriented in TPP.
Clear communication between Reg and colleague during handover

Respondent 17:
  Date: 2025-05-04
  SessionName: V (Hypoglycemia)
  Identification: 3
  Situation: 3
  Background (history): 3
  Background (examination): 3
  Assessment: 3
  Recommendation (clear recommendation): 3
  Recommendation (global rating scale): 2
  Comments: Concise - clear
Satisfactory

Respondent 12:
  Date: 2025-05-02
  SessionName: II (Anaphylaxis)
  Identification: 3
  Situation: 3
  Background (history): 3
  Background (examination): 3
  Assessment: 2
  Recommendation (clear recommendation): 3
  Recommendation (global rating scale): 3
  Comments: Good

Respondent 2:
  Date: 2025-04-04
  SessionName: MI
  Identification: 3
  Situation: 3
  Background (history): 2
  Background (examination): 3
  Assessment: 3
  Recommendation (clear recommendation): 2
  Recommendation (global rating scale): 1
  Comments: 

Respondent 4:
  Date: 2025-05-16
  SessionName: III (Sepsis)
  Identification: 3
  Situation: 3
  Background (history): 3
  Background (examination): 2
  Assessment: 2
  Recommendation (clear recommendation): 2
  Recommendation (global rating scale): 2
  Comments: Clinical handover and communication skills, satisfactory
No panic, no arrest team
Satisfactory

Respondent 14:
  Date: 2025-03-14
  SessionName: IV-Hypoglycemia
  Identification: 3
  Situation: 3
  Background (history): 2
  Background (examination): 2
  Assessment: 3
  Recommendation (clear recommendation): 1
  Recommendation (global rating scale): 2
  Comments: Time: (2:36-2:53)
Late response for considering consultation

Respondent 20:
  Date: 2025-05-02
  SessionName: IV (VT)
  Identification: 3
  Situation: 3
  Background (history): 2
  Background (examination): -1
  Assessment: 3
  Recommendation (clear recommendation): 2
  Recommendation (global rating scale): 3
  Comments: Good

Respondent 16:
  Date: 2025-05-02
  SessionName: I - MI
  Identification: 3
  Situation: 3
  Background (history): 3
  Background (examination): 3
  Assessment: 3
  Recommendation (clear recommendation): 2
  Recommendation (global rating scale): 3
  Comments: Consent denied for video recordings
Satisfactory


</questionnaire>

You are a meticulous data analyst AI. Your primary function is to accurately analyze structured data and provide precise, verifiable answers.

You will be given a dataset with two key parts:

A 'questions' section: This is your data dictionary or schema. It is the single source of truth for understanding what each field and score means. Refer to it carefully.

A 'responses' section: This contains the raw data from each individual respondent.

To answer the question correctly, you must first use the 'questions' schema to fully understand the context and meaning of the data points within the 'responses'. Do not rely on any prior knowledge outside of this provided data. Base your entire analysis on the information given.

Provide your final answer directly and concisely. Output must be the human-readable value, not an option code.

Rules:
- For MCQ fields, map any letter codes in the Responses (case-insensitive) to the corresponding option text from the Questions schema, and output only that text. Do NOT include the letter or both.
  Example: If the schema is """"[MCQ: A. Abnormal B. Inconclusive C. Normal]"""" and the response is """"a"""", output """"Abnormal"""".
- For open-ended fields, output the exact text value.
- If the question asks for a count, provide only the number (e.g., """"42"""").
- If the question asks for a list of names or IDs, provide a simple comma-separated list (e.g., """"17, 21, 23"""").
- Preserve capitalization exactly as in the schema (e.g., output """"Abnormal"""", not """"abnormal"""" or """"A"""").

<task>
Find all respondents whose 'Recommendation (global rating scale)' score is between 1 and 2.
</task>""","2, 4, 13, 14, 17",False
case_21,rule_based_querying,Find all respondents whose 'Background (history)' score is between 0 and 2.,"""Survey Data
==================================================

Questions:
1. Date: What is the date of the session? [Open-ended]
2. SessionName: What is the name of the session? [Open-ended]
3. Identification: Identification of self, role, and patient. [Rubric: 0 = Requires direct prompting, 1 = Introduces themselves but only after a hint, 2 = Introduces themselves but information is incomplete, 3 = Introduces themselves and information is complete]
4. Situation: Identifies the main problem(s). [Rubric: 0 = Unable to identify the main problem(s), 1 = Identifies the main problem(s) after extended prompting, 2 = Identifies the main problem(s) with fewer prompts needed, 3 = Identifies and prioritizes the main problem(s) unprompted]
5. Background (history): Gives appropriate history. [Rubric: 0 = History is unstructured or non-relevant, 1 = Relevant history but frequent clarification needed, 2 = Relevant history with few further questions needed, 3 = Comprehensive focused history]
6. Background (examination): Gives appropriate examination/observations. [Rubric: 0 = Observations are omitted or irrelevant, 1 = Observations reported but frequent clarification needed, 2 = Observations reported with few further questions needed, 3 = Comprehensive focused examination/observations]
7. Assessment: Makes logical assessment (correlates problem, history, exam, context). [Rubric: 0 = No logical assessment, 1 = Assessment only after extended questioning, 2 = Assessment after minimal questioning, 3 = Comprehensive logical assessment without questioning]
8. Recommendation (clear recommendation): Makes a clear recommendation. [Rubric: 0 = No recommendation, 1 = Clear recommendation only after extended questioning, 2 = Clear recommendation after minimal questioning, 3 = Clear comprehensive recommendation without questioning]
9. Recommendation (global rating scale): Global Rating Scale (GRS) - How confident am I that I received an accurate picture of the patient? [Rubric: 0 = Not at all confident, 1 = Confident but required extended questioning, 2 = Confident but required some further questioning, 3 = Confident and required little or no questioning]
10. Comments: Comments on the session. [Open-ended]

Responses:
--------------------

Respondent 11:
  Date: 2025-04-04
  SessionName: IV (AF)
  Identification: 3
  Situation: 3
  Background (history): 3
  Background (examination): 3
  Assessment: 3
  Recommendation (clear recommendation): 3
  Recommendation (global rating scale): 3
  Comments: Clear communication and handover

Respondent 20:
  Date: 2025-05-02
  SessionName: IV (VT)
  Identification: 3
  Situation: 3
  Background (history): 2
  Background (examination): -1
  Assessment: 3
  Recommendation (clear recommendation): 2
  Recommendation (global rating scale): 3
  Comments: Good

Respondent 22:
  Date: 2025-05-16
  SessionName: IV (VT)
  Identification: 3
  Situation: 3
  Background (history): 3
  Background (examination): 3
  Assessment: 2
  Recommendation (clear recommendation): 2
  Recommendation (global rating scale): 3
  Comments: Clear communication skills
Good

Respondent 21:
  Date: 2025-05-16
  SessionName: I (Myocardial infarction)
  Identification: 3
  Situation: 2
  Background (history): 3
  Background (examination): 1
  Assessment: 2
  Recommendation (clear recommendation): 3
  Recommendation (global rating scale): 3
  Comments: Diagnostic clarity is present
Good and early assessment of condition is done

Respondent 13:
  Date: 2025-03-14
  SessionName: I-VF
  Identification: 3
  Situation: 3
  Background (history): 2
  Background (examination): 1
  Assessment: 2
  Recommendation (clear recommendation): 2
  Recommendation (global rating scale): 2
  Comments: Time: (10:29-10:54)
Ventricular fibrillation (CVS)
Lack of communication btween 2 main interns
Further brief to patient, ask patent concerns

Respondent 23:
  Date: 2025-03-14
  SessionName: II-Anaphylaxsis
  Identification: 3
  Situation: 3
  Background (history): 2
  Background (examination): 2
  Assessment: 3
  Recommendation (clear recommendation): 3
  Recommendation (global rating scale): 3
  Comments: Time: (11:43-11:58)
Talking to registrav could not summarize the condition of patient very clearly
DID: Sepsis I Anaphylaxsis given by team

""","""['20', '13', '23']""","""<example>
List all respondents from the '(MI)-VT' session whose 'Recommendation (global rating scale)' is exactly 0.

DATA:

Survey Data
==================================================

Questions:
1. Date: What is the date of the session? [Open-ended]
2. SessionName: What is the name of the session? [Open-ended]
3. Identification: Identification of self, role, and patient. [Rubric: 0 = Requires direct prompting, 1 = Introduces themselves but only after a hint, 2 = Introduces themselves but information is incomplete, 3 = Introduces themselves and information is complete]
4. Situation: Identifies the main problem(s). [Rubric: 0 = Unable to identify the main problem(s), 1 = Identifies the main problem(s) after extended prompting, 2 = Identifies the main problem(s) with fewer prompts needed, 3 = Identifies and prioritizes the main problem(s) unprompted]
5. Background (history): Gives appropriate history. [Rubric: 0 = History is unstructured or non-relevant, 1 = Relevant history but frequent clarification needed, 2 = Relevant history with few further questions needed, 3 = Comprehensive focused history]
6. Background (examination): Gives appropriate examination/observations. [Rubric: 0 = Observations are omitted or irrelevant, 1 = Observations reported but frequent clarification needed, 2 = Observations reported with few further questions needed, 3 = Comprehensive focused examination/observations]
7. Assessment: Makes logical assessment (correlates problem, history, exam, context). [Rubric: 0 = No logical assessment, 1 = Assessment only after extended questioning, 2 = Assessment after minimal questioning, 3 = Comprehensive logical assessment without questioning]
8. Recommendation (clear recommendation): Makes a clear recommendation. [Rubric: 0 = No recommendation, 1 = Clear recommendation only after extended questioning, 2 = Clear recommendation after minimal questioning, 3 = Clear comprehensive recommendation without questioning]
9. Recommendation (global rating scale): Global Rating Scale (GRS) - How confident am I that I received an accurate picture of the patient? [Rubric: 0 = Not at all confident, 1 = Confident but required extended questioning, 2 = Confident but required some further questioning, 3 = Confident and required little or no questioning]
10. Comments: Comments on the session. [Open-ended]

Responses:
--------------------

Respondent 11:
  Date: 2025-04-04
  SessionName: IV (AF)
  Identification: 3
  Situation: 3
  Background (history): 3
  Background (examination): 3
  Assessment: 3
  Recommendation (clear recommendation): 3
  Recommendation (global rating scale): 3
  Comments: Clear communication and handover

Respondent 20:
  Date: 2025-05-02
  SessionName: IV (VT)
  Identification: 3
  Situation: 3
  Background (history): 2
  Background (examination): -1
  Assessment: 3
  Recommendation (clear recommendation): 2
  Recommendation (global rating scale): 3
  Comments: Good

Respondent 22:
  Date: 2025-05-16
  SessionName: IV (VT)
  Identification: 3
  Situation: 3
  Background (history): 3
  Background (examination): 3
  Assessment: 2
  Recommendation (clear recommendation): 2
  Recommendation (global rating scale): 3
  Comments: Clear communication skills
Good

Respondent 21:
  Date: 2025-05-16
  SessionName: I (Myocardial infarction)
  Identification: 3
  Situation: 2
  Background (history): 3
  Background (examination): 1
  Assessment: 2
  Recommendation (clear recommendation): 3
  Recommendation (global rating scale): 3
  Comments: Diagnostic clarity is present
Good and early assessment of condition is done

Respondent 13:
  Date: 2025-03-14
  SessionName: I-VF
  Identification: 3
  Situation: 3
  Background (history): 2
  Background (examination): 1
  Assessment: 2
  Recommendation (clear recommendation): 2
  Recommendation (global rating scale): 2
  Comments: Time: (10:29-10:54)
Ventricular fibrillation (CVS)
Lack of communication btween 2 main interns
Further brief to patient, ask patent concerns

Respondent 23:
  Date: 2025-03-14
  SessionName: II-Anaphylaxsis
  Identification: 3
  Situation: 3
  Background (history): 2
  Background (examination): 2
  Assessment: 3
  Recommendation (clear recommendation): 3
  Recommendation (global rating scale): 3
  Comments: Time: (11:43-11:58)
Talking to registrav could not summarize the condition of patient very clearly
DID: Sepsis I Anaphylaxsis given by team



Answer: []
</example>

<questionnaire>
Survey Data
==================================================

Questions:
1. Date: What is the date of the session? [Open-ended]
2. SessionName: What is the name of the session? [Open-ended]
3. Identification: Identification of self, role, and patient. [Rubric: 0 = Requires direct prompting, 1 = Introduces themselves but only after a hint, 2 = Introduces themselves but information is incomplete, 3 = Introduces themselves and information is complete]
4. Situation: Identifies the main problem(s). [Rubric: 0 = Unable to identify the main problem(s), 1 = Identifies the main problem(s) after extended prompting, 2 = Identifies the main problem(s) with fewer prompts needed, 3 = Identifies and prioritizes the main problem(s) unprompted]
5. Background (history): Gives appropriate history. [Rubric: 0 = History is unstructured or non-relevant, 1 = Relevant history but frequent clarification needed, 2 = Relevant history with few further questions needed, 3 = Comprehensive focused history]
6. Background (examination): Gives appropriate examination/observations. [Rubric: 0 = Observations are omitted or irrelevant, 1 = Observations reported but frequent clarification needed, 2 = Observations reported with few further questions needed, 3 = Comprehensive focused examination/observations]
7. Assessment: Makes logical assessment (correlates problem, history, exam, context). [Rubric: 0 = No logical assessment, 1 = Assessment only after extended questioning, 2 = Assessment after minimal questioning, 3 = Comprehensive logical assessment without questioning]
8. Recommendation (clear recommendation): Makes a clear recommendation. [Rubric: 0 = No recommendation, 1 = Clear recommendation only after extended questioning, 2 = Clear recommendation after minimal questioning, 3 = Clear comprehensive recommendation without questioning]
9. Recommendation (global rating scale): Global Rating Scale (GRS) - How confident am I that I received an accurate picture of the patient? [Rubric: 0 = Not at all confident, 1 = Confident but required extended questioning, 2 = Confident but required some further questioning, 3 = Confident and required little or no questioning]
10. Comments: Comments on the session. [Open-ended]

Responses:
--------------------

Respondent 11:
  Date: 2025-04-04
  SessionName: IV (AF)
  Identification: 3
  Situation: 3
  Background (history): 3
  Background (examination): 3
  Assessment: 3
  Recommendation (clear recommendation): 3
  Recommendation (global rating scale): 3
  Comments: Clear communication and handover

Respondent 20:
  Date: 2025-05-02
  SessionName: IV (VT)
  Identification: 3
  Situation: 3
  Background (history): 2
  Background (examination): -1
  Assessment: 3
  Recommendation (clear recommendation): 2
  Recommendation (global rating scale): 3
  Comments: Good

Respondent 22:
  Date: 2025-05-16
  SessionName: IV (VT)
  Identification: 3
  Situation: 3
  Background (history): 3
  Background (examination): 3
  Assessment: 2
  Recommendation (clear recommendation): 2
  Recommendation (global rating scale): 3
  Comments: Clear communication skills
Good

Respondent 21:
  Date: 2025-05-16
  SessionName: I (Myocardial infarction)
  Identification: 3
  Situation: 2
  Background (history): 3
  Background (examination): 1
  Assessment: 2
  Recommendation (clear recommendation): 3
  Recommendation (global rating scale): 3
  Comments: Diagnostic clarity is present
Good and early assessment of condition is done

Respondent 13:
  Date: 2025-03-14
  SessionName: I-VF
  Identification: 3
  Situation: 3
  Background (history): 2
  Background (examination): 1
  Assessment: 2
  Recommendation (clear recommendation): 2
  Recommendation (global rating scale): 2
  Comments: Time: (10:29-10:54)
Ventricular fibrillation (CVS)
Lack of communication btween 2 main interns
Further brief to patient, ask patent concerns

Respondent 23:
  Date: 2025-03-14
  SessionName: II-Anaphylaxsis
  Identification: 3
  Situation: 3
  Background (history): 2
  Background (examination): 2
  Assessment: 3
  Recommendation (clear recommendation): 3
  Recommendation (global rating scale): 3
  Comments: Time: (11:43-11:58)
Talking to registrav could not summarize the condition of patient very clearly
DID: Sepsis I Anaphylaxsis given by team


</questionnaire>

You are a meticulous data analyst AI. Your primary function is to accurately analyze structured data and provide precise, verifiable answers.

You will be given a dataset with two key parts:

A 'questions' section: This is your data dictionary or schema. It is the single source of truth for understanding what each field and score means. Refer to it carefully.

A 'responses' section: This contains the raw data from each individual respondent.

To answer the question correctly, you must first use the 'questions' schema to fully understand the context and meaning of the data points within the 'responses'. Do not rely on any prior knowledge outside of this provided data. Base your entire analysis on the information given.

Provide your final answer directly and concisely. Output must be the human-readable value, not an option code.

Rules:
- For MCQ fields, map any letter codes in the Responses (case-insensitive) to the corresponding option text from the Questions schema, and output only that text. Do NOT include the letter or both.
  Example: If the schema is """"[MCQ: A. Abnormal B. Inconclusive C. Normal]"""" and the response is """"a"""", output """"Abnormal"""".
- For open-ended fields, output the exact text value.
- If the question asks for a count, provide only the number (e.g., """"42"""").
- If the question asks for a list of names or IDs, provide a simple comma-separated list (e.g., """"17, 21, 23"""").
- Preserve capitalization exactly as in the schema (e.g., output """"Abnormal"""", not """"abnormal"""" or """"A"""").

<task>
Find all respondents whose 'Background (history)' score is between 0 and 2.
</task>""","20, 13, 23",False
case_22,rule_based_querying,List all respondents from the 'I (Myocardial infarction)' session whose 'Background (examination)' is exactly 3.,"""Survey Data
==================================================

Questions:
1. Date: What is the date of the session? [Open-ended]
2. SessionName: What is the name of the session? [Open-ended]
3. Identification: Identification of self, role, and patient. [Rubric: 0 = Requires direct prompting, 1 = Introduces themselves but only after a hint, 2 = Introduces themselves but information is incomplete, 3 = Introduces themselves and information is complete]
4. Situation: Identifies the main problem(s). [Rubric: 0 = Unable to identify the main problem(s), 1 = Identifies the main problem(s) after extended prompting, 2 = Identifies the main problem(s) with fewer prompts needed, 3 = Identifies and prioritizes the main problem(s) unprompted]
5. Background (history): Gives appropriate history. [Rubric: 0 = History is unstructured or non-relevant, 1 = Relevant history but frequent clarification needed, 2 = Relevant history with few further questions needed, 3 = Comprehensive focused history]
6. Background (examination): Gives appropriate examination/observations. [Rubric: 0 = Observations are omitted or irrelevant, 1 = Observations reported but frequent clarification needed, 2 = Observations reported with few further questions needed, 3 = Comprehensive focused examination/observations]
7. Assessment: Makes logical assessment (correlates problem, history, exam, context). [Rubric: 0 = No logical assessment, 1 = Assessment only after extended questioning, 2 = Assessment after minimal questioning, 3 = Comprehensive logical assessment without questioning]
8. Recommendation (clear recommendation): Makes a clear recommendation. [Rubric: 0 = No recommendation, 1 = Clear recommendation only after extended questioning, 2 = Clear recommendation after minimal questioning, 3 = Clear comprehensive recommendation without questioning]
9. Recommendation (global rating scale): Global Rating Scale (GRS) - How confident am I that I received an accurate picture of the patient? [Rubric: 0 = Not at all confident, 1 = Confident but required extended questioning, 2 = Confident but required some further questioning, 3 = Confident and required little or no questioning]
10. Comments: Comments on the session. [Open-ended]

Responses:
--------------------

Respondent 21:
  Date: 2025-05-16
  SessionName: I (Myocardial infarction)
  Identification: 3
  Situation: 2
  Background (history): 3
  Background (examination): 1
  Assessment: 2
  Recommendation (clear recommendation): 3
  Recommendation (global rating scale): 3
  Comments: Diagnostic clarity is present
Good and early assessment of condition is done

Respondent 9:
  Date: 2025-05-04
  SessionName: II (Anaphylaxsis)
  Identification: 3
  Situation: 3
  Background (history): 2
  Background (examination): 2
  Assessment: 2
  Recommendation (clear recommendation): 3
  Recommendation (global rating scale): 2
  Comments: Overall a bit unclear communication reflected

Respondent 15:
  Date: 2025-05-04
  SessionName: III - Sepsis
  Identification: 3
  Situation: 3
  Background (history): 2
  Background (examination): 3
  Assessment: 2
  Recommendation (clear recommendation): 2
  Recommendation (global rating scale): 2
  Comments: Detailed Response - clear communication

Respondent 16:
  Date: 2025-05-02
  SessionName: I - MI
  Identification: 3
  Situation: 3
  Background (history): 3
  Background (examination): 3
  Assessment: 3
  Recommendation (clear recommendation): 2
  Recommendation (global rating scale): 3
  Comments: Consent denied for video recordings
Satisfactory

Respondent 8:
  Date: 2025-05-02
  SessionName: III (Sepsis)
  Identification: 3
  Situation: 3
  Background (history): 3
  Background (examination): 2
  Assessment: 2
  Recommendation (clear recommendation): 2
  Recommendation (global rating scale): 3
  Comments: Clear communication during handover
Good

""",[],"""<example>
List all respondents from the '(MI)-VT' session whose 'Recommendation (global rating scale)' is exactly 0.

DATA:

Survey Data
==================================================

Questions:
1. Date: What is the date of the session? [Open-ended]
2. SessionName: What is the name of the session? [Open-ended]
3. Identification: Identification of self, role, and patient. [Rubric: 0 = Requires direct prompting, 1 = Introduces themselves but only after a hint, 2 = Introduces themselves but information is incomplete, 3 = Introduces themselves and information is complete]
4. Situation: Identifies the main problem(s). [Rubric: 0 = Unable to identify the main problem(s), 1 = Identifies the main problem(s) after extended prompting, 2 = Identifies the main problem(s) with fewer prompts needed, 3 = Identifies and prioritizes the main problem(s) unprompted]
5. Background (history): Gives appropriate history. [Rubric: 0 = History is unstructured or non-relevant, 1 = Relevant history but frequent clarification needed, 2 = Relevant history with few further questions needed, 3 = Comprehensive focused history]
6. Background (examination): Gives appropriate examination/observations. [Rubric: 0 = Observations are omitted or irrelevant, 1 = Observations reported but frequent clarification needed, 2 = Observations reported with few further questions needed, 3 = Comprehensive focused examination/observations]
7. Assessment: Makes logical assessment (correlates problem, history, exam, context). [Rubric: 0 = No logical assessment, 1 = Assessment only after extended questioning, 2 = Assessment after minimal questioning, 3 = Comprehensive logical assessment without questioning]
8. Recommendation (clear recommendation): Makes a clear recommendation. [Rubric: 0 = No recommendation, 1 = Clear recommendation only after extended questioning, 2 = Clear recommendation after minimal questioning, 3 = Clear comprehensive recommendation without questioning]
9. Recommendation (global rating scale): Global Rating Scale (GRS) - How confident am I that I received an accurate picture of the patient? [Rubric: 0 = Not at all confident, 1 = Confident but required extended questioning, 2 = Confident but required some further questioning, 3 = Confident and required little or no questioning]
10. Comments: Comments on the session. [Open-ended]

Responses:
--------------------

Respondent 21:
  Date: 2025-05-16
  SessionName: I (Myocardial infarction)
  Identification: 3
  Situation: 2
  Background (history): 3
  Background (examination): 1
  Assessment: 2
  Recommendation (clear recommendation): 3
  Recommendation (global rating scale): 3
  Comments: Diagnostic clarity is present
Good and early assessment of condition is done

Respondent 9:
  Date: 2025-05-04
  SessionName: II (Anaphylaxsis)
  Identification: 3
  Situation: 3
  Background (history): 2
  Background (examination): 2
  Assessment: 2
  Recommendation (clear recommendation): 3
  Recommendation (global rating scale): 2
  Comments: Overall a bit unclear communication reflected

Respondent 15:
  Date: 2025-05-04
  SessionName: III - Sepsis
  Identification: 3
  Situation: 3
  Background (history): 2
  Background (examination): 3
  Assessment: 2
  Recommendation (clear recommendation): 2
  Recommendation (global rating scale): 2
  Comments: Detailed Response - clear communication

Respondent 16:
  Date: 2025-05-02
  SessionName: I - MI
  Identification: 3
  Situation: 3
  Background (history): 3
  Background (examination): 3
  Assessment: 3
  Recommendation (clear recommendation): 2
  Recommendation (global rating scale): 3
  Comments: Consent denied for video recordings
Satisfactory

Respondent 8:
  Date: 2025-05-02
  SessionName: III (Sepsis)
  Identification: 3
  Situation: 3
  Background (history): 3
  Background (examination): 2
  Assessment: 2
  Recommendation (clear recommendation): 2
  Recommendation (global rating scale): 3
  Comments: Clear communication during handover
Good



Answer: []
</example>

<questionnaire>
Survey Data
==================================================

Questions:
1. Date: What is the date of the session? [Open-ended]
2. SessionName: What is the name of the session? [Open-ended]
3. Identification: Identification of self, role, and patient. [Rubric: 0 = Requires direct prompting, 1 = Introduces themselves but only after a hint, 2 = Introduces themselves but information is incomplete, 3 = Introduces themselves and information is complete]
4. Situation: Identifies the main problem(s). [Rubric: 0 = Unable to identify the main problem(s), 1 = Identifies the main problem(s) after extended prompting, 2 = Identifies the main problem(s) with fewer prompts needed, 3 = Identifies and prioritizes the main problem(s) unprompted]
5. Background (history): Gives appropriate history. [Rubric: 0 = History is unstructured or non-relevant, 1 = Relevant history but frequent clarification needed, 2 = Relevant history with few further questions needed, 3 = Comprehensive focused history]
6. Background (examination): Gives appropriate examination/observations. [Rubric: 0 = Observations are omitted or irrelevant, 1 = Observations reported but frequent clarification needed, 2 = Observations reported with few further questions needed, 3 = Comprehensive focused examination/observations]
7. Assessment: Makes logical assessment (correlates problem, history, exam, context). [Rubric: 0 = No logical assessment, 1 = Assessment only after extended questioning, 2 = Assessment after minimal questioning, 3 = Comprehensive logical assessment without questioning]
8. Recommendation (clear recommendation): Makes a clear recommendation. [Rubric: 0 = No recommendation, 1 = Clear recommendation only after extended questioning, 2 = Clear recommendation after minimal questioning, 3 = Clear comprehensive recommendation without questioning]
9. Recommendation (global rating scale): Global Rating Scale (GRS) - How confident am I that I received an accurate picture of the patient? [Rubric: 0 = Not at all confident, 1 = Confident but required extended questioning, 2 = Confident but required some further questioning, 3 = Confident and required little or no questioning]
10. Comments: Comments on the session. [Open-ended]

Responses:
--------------------

Respondent 21:
  Date: 2025-05-16
  SessionName: I (Myocardial infarction)
  Identification: 3
  Situation: 2
  Background (history): 3
  Background (examination): 1
  Assessment: 2
  Recommendation (clear recommendation): 3
  Recommendation (global rating scale): 3
  Comments: Diagnostic clarity is present
Good and early assessment of condition is done

Respondent 9:
  Date: 2025-05-04
  SessionName: II (Anaphylaxsis)
  Identification: 3
  Situation: 3
  Background (history): 2
  Background (examination): 2
  Assessment: 2
  Recommendation (clear recommendation): 3
  Recommendation (global rating scale): 2
  Comments: Overall a bit unclear communication reflected

Respondent 15:
  Date: 2025-05-04
  SessionName: III - Sepsis
  Identification: 3
  Situation: 3
  Background (history): 2
  Background (examination): 3
  Assessment: 2
  Recommendation (clear recommendation): 2
  Recommendation (global rating scale): 2
  Comments: Detailed Response - clear communication

Respondent 16:
  Date: 2025-05-02
  SessionName: I - MI
  Identification: 3
  Situation: 3
  Background (history): 3
  Background (examination): 3
  Assessment: 3
  Recommendation (clear recommendation): 2
  Recommendation (global rating scale): 3
  Comments: Consent denied for video recordings
Satisfactory

Respondent 8:
  Date: 2025-05-02
  SessionName: III (Sepsis)
  Identification: 3
  Situation: 3
  Background (history): 3
  Background (examination): 2
  Assessment: 2
  Recommendation (clear recommendation): 2
  Recommendation (global rating scale): 3
  Comments: Clear communication during handover
Good


</questionnaire>

You are a meticulous data analyst AI. Your primary function is to accurately analyze structured data and provide precise, verifiable answers.

You will be given a dataset with two key parts:

A 'questions' section: This is your data dictionary or schema. It is the single source of truth for understanding what each field and score means. Refer to it carefully.

A 'responses' section: This contains the raw data from each individual respondent.

To answer the question correctly, you must first use the 'questions' schema to fully understand the context and meaning of the data points within the 'responses'. Do not rely on any prior knowledge outside of this provided data. Base your entire analysis on the information given.

Provide your final answer directly and concisely. Output must be the human-readable value, not an option code.

Rules:
- For MCQ fields, map any letter codes in the Responses (case-insensitive) to the corresponding option text from the Questions schema, and output only that text. Do NOT include the letter or both.
  Example: If the schema is """"[MCQ: A. Abnormal B. Inconclusive C. Normal]"""" and the response is """"a"""", output """"Abnormal"""".
- For open-ended fields, output the exact text value.
- If the question asks for a count, provide only the number (e.g., """"42"""").
- If the question asks for a list of names or IDs, provide a simple comma-separated list (e.g., """"17, 21, 23"""").
- Preserve capitalization exactly as in the schema (e.g., output """"Abnormal"""", not """"abnormal"""" or """"A"""").

<task>
List all respondents from the 'I (Myocardial infarction)' session whose 'Background (examination)' is exactly 3.
</task>""",[],True
case_23,rule_based_querying,Find all respondents whose 'Background (examination)' score is between 0 and 1.,"""Survey Data
==================================================

Questions:
1. Date: What is the date of the session? [Open-ended]
2. SessionName: What is the name of the session? [Open-ended]
3. Identification: Identification of self, role, and patient. [Rubric: 0 = Requires direct prompting, 1 = Introduces themselves but only after a hint, 2 = Introduces themselves but information is incomplete, 3 = Introduces themselves and information is complete]
4. Situation: Identifies the main problem(s). [Rubric: 0 = Unable to identify the main problem(s), 1 = Identifies the main problem(s) after extended prompting, 2 = Identifies the main problem(s) with fewer prompts needed, 3 = Identifies and prioritizes the main problem(s) unprompted]
5. Background (history): Gives appropriate history. [Rubric: 0 = History is unstructured or non-relevant, 1 = Relevant history but frequent clarification needed, 2 = Relevant history with few further questions needed, 3 = Comprehensive focused history]
6. Background (examination): Gives appropriate examination/observations. [Rubric: 0 = Observations are omitted or irrelevant, 1 = Observations reported but frequent clarification needed, 2 = Observations reported with few further questions needed, 3 = Comprehensive focused examination/observations]
7. Assessment: Makes logical assessment (correlates problem, history, exam, context). [Rubric: 0 = No logical assessment, 1 = Assessment only after extended questioning, 2 = Assessment after minimal questioning, 3 = Comprehensive logical assessment without questioning]
8. Recommendation (clear recommendation): Makes a clear recommendation. [Rubric: 0 = No recommendation, 1 = Clear recommendation only after extended questioning, 2 = Clear recommendation after minimal questioning, 3 = Clear comprehensive recommendation without questioning]
9. Recommendation (global rating scale): Global Rating Scale (GRS) - How confident am I that I received an accurate picture of the patient? [Rubric: 0 = Not at all confident, 1 = Confident but required extended questioning, 2 = Confident but required some further questioning, 3 = Confident and required little or no questioning]
10. Comments: Comments on the session. [Open-ended]

Responses:
--------------------

Respondent 18:
  Date: 2025-05-04
  SessionName: IV - VT
  Identification: 3
  Situation: 3
  Background (history): 2
  Background (examination): 2
  Assessment: 3
  Recommendation (clear recommendation): 2
  Recommendation (global rating scale): 2
  Comments: Not very concise or clear communication
Satisfactory

Respondent 13:
  Date: 2025-03-14
  SessionName: I-VF
  Identification: 3
  Situation: 3
  Background (history): 2
  Background (examination): 1
  Assessment: 2
  Recommendation (clear recommendation): 2
  Recommendation (global rating scale): 2
  Comments: Time: (10:29-10:54)
Ventricular fibrillation (CVS)
Lack of communication btween 2 main interns
Further brief to patient, ask patent concerns

Respondent 14:
  Date: 2025-03-14
  SessionName: IV-Hypoglycemia
  Identification: 3
  Situation: 3
  Background (history): 2
  Background (examination): 2
  Assessment: 3
  Recommendation (clear recommendation): 1
  Recommendation (global rating scale): 2
  Comments: Time: (2:36-2:53)
Late response for considering consultation

Respondent 6:
  Date: 2025-04-04
  SessionName: II (Anaphylactic Shock)
  Identification: 3
  Situation: 2
  Background (history): 3
  Background (examination): 3
  Assessment: 2
  Recommendation (clear recommendation): 2
  Recommendation (global rating scale): 3
  Comments: 

Respondent 19:
  Date: 2025-05-16
  SessionName: I - MI
  Identification: 3
  Situation: 3
  Background (history): 3
  Background (examination): 3
  Assessment: 2
  Recommendation (clear recommendation): 3
  Recommendation (global rating scale): 3
  Comments: Wrong CPR position
Clarity is a bit low over whole case scenario
Satisfactory

Respondent 22:
  Date: 2025-05-16
  SessionName: IV (VT)
  Identification: 3
  Situation: 3
  Background (history): 3
  Background (examination): 3
  Assessment: 2
  Recommendation (clear recommendation): 2
  Recommendation (global rating scale): 3
  Comments: Clear communication skills
Good

Respondent 3:
  Date: 2025-04-04
  SessionName: III-Sepsis
  Identification: 0
  Situation: 2
  Background (history): 3
  Background (examination): 3
  Assessment: 3
  Recommendation (clear recommendation): 3
  Recommendation (global rating scale): 3
  Comments: The patient/simulation is not oriented in TPP.
Clear communication between Reg and colleague during handover

Respondent 10:
  Date: 2025-03-14
  SessionName: (MI)-VT
  Identification: 2
  Situation: 2
  Background (history): 2
  Background (examination): 2
  Assessment: 2
  Recommendation (clear recommendation): 2
  Recommendation (global rating scale): 2
  Comments: Time: (15:53-16:14)

Respondent 23:
  Date: 2025-03-14
  SessionName: II-Anaphylaxsis
  Identification: 3
  Situation: 3
  Background (history): 2
  Background (examination): 2
  Assessment: 3
  Recommendation (clear recommendation): 3
  Recommendation (global rating scale): 3
  Comments: Time: (11:43-11:58)
Talking to registrav could not summarize the condition of patient very clearly
DID: Sepsis I Anaphylaxsis given by team

Respondent 4:
  Date: 2025-05-16
  SessionName: III (Sepsis)
  Identification: 3
  Situation: 3
  Background (history): 3
  Background (examination): 2
  Assessment: 2
  Recommendation (clear recommendation): 2
  Recommendation (global rating scale): 2
  Comments: Clinical handover and communication skills, satisfactory
No panic, no arrest team
Satisfactory

""",['13'],"""<example>
List all respondents from the '(MI)-VT' session whose 'Recommendation (global rating scale)' is exactly 0.

DATA:

Survey Data
==================================================

Questions:
1. Date: What is the date of the session? [Open-ended]
2. SessionName: What is the name of the session? [Open-ended]
3. Identification: Identification of self, role, and patient. [Rubric: 0 = Requires direct prompting, 1 = Introduces themselves but only after a hint, 2 = Introduces themselves but information is incomplete, 3 = Introduces themselves and information is complete]
4. Situation: Identifies the main problem(s). [Rubric: 0 = Unable to identify the main problem(s), 1 = Identifies the main problem(s) after extended prompting, 2 = Identifies the main problem(s) with fewer prompts needed, 3 = Identifies and prioritizes the main problem(s) unprompted]
5. Background (history): Gives appropriate history. [Rubric: 0 = History is unstructured or non-relevant, 1 = Relevant history but frequent clarification needed, 2 = Relevant history with few further questions needed, 3 = Comprehensive focused history]
6. Background (examination): Gives appropriate examination/observations. [Rubric: 0 = Observations are omitted or irrelevant, 1 = Observations reported but frequent clarification needed, 2 = Observations reported with few further questions needed, 3 = Comprehensive focused examination/observations]
7. Assessment: Makes logical assessment (correlates problem, history, exam, context). [Rubric: 0 = No logical assessment, 1 = Assessment only after extended questioning, 2 = Assessment after minimal questioning, 3 = Comprehensive logical assessment without questioning]
8. Recommendation (clear recommendation): Makes a clear recommendation. [Rubric: 0 = No recommendation, 1 = Clear recommendation only after extended questioning, 2 = Clear recommendation after minimal questioning, 3 = Clear comprehensive recommendation without questioning]
9. Recommendation (global rating scale): Global Rating Scale (GRS) - How confident am I that I received an accurate picture of the patient? [Rubric: 0 = Not at all confident, 1 = Confident but required extended questioning, 2 = Confident but required some further questioning, 3 = Confident and required little or no questioning]
10. Comments: Comments on the session. [Open-ended]

Responses:
--------------------

Respondent 18:
  Date: 2025-05-04
  SessionName: IV - VT
  Identification: 3
  Situation: 3
  Background (history): 2
  Background (examination): 2
  Assessment: 3
  Recommendation (clear recommendation): 2
  Recommendation (global rating scale): 2
  Comments: Not very concise or clear communication
Satisfactory

Respondent 13:
  Date: 2025-03-14
  SessionName: I-VF
  Identification: 3
  Situation: 3
  Background (history): 2
  Background (examination): 1
  Assessment: 2
  Recommendation (clear recommendation): 2
  Recommendation (global rating scale): 2
  Comments: Time: (10:29-10:54)
Ventricular fibrillation (CVS)
Lack of communication btween 2 main interns
Further brief to patient, ask patent concerns

Respondent 14:
  Date: 2025-03-14
  SessionName: IV-Hypoglycemia
  Identification: 3
  Situation: 3
  Background (history): 2
  Background (examination): 2
  Assessment: 3
  Recommendation (clear recommendation): 1
  Recommendation (global rating scale): 2
  Comments: Time: (2:36-2:53)
Late response for considering consultation

Respondent 6:
  Date: 2025-04-04
  SessionName: II (Anaphylactic Shock)
  Identification: 3
  Situation: 2
  Background (history): 3
  Background (examination): 3
  Assessment: 2
  Recommendation (clear recommendation): 2
  Recommendation (global rating scale): 3
  Comments: 

Respondent 19:
  Date: 2025-05-16
  SessionName: I - MI
  Identification: 3
  Situation: 3
  Background (history): 3
  Background (examination): 3
  Assessment: 2
  Recommendation (clear recommendation): 3
  Recommendation (global rating scale): 3
  Comments: Wrong CPR position
Clarity is a bit low over whole case scenario
Satisfactory

Respondent 22:
  Date: 2025-05-16
  SessionName: IV (VT)
  Identification: 3
  Situation: 3
  Background (history): 3
  Background (examination): 3
  Assessment: 2
  Recommendation (clear recommendation): 2
  Recommendation (global rating scale): 3
  Comments: Clear communication skills
Good

Respondent 3:
  Date: 2025-04-04
  SessionName: III-Sepsis
  Identification: 0
  Situation: 2
  Background (history): 3
  Background (examination): 3
  Assessment: 3
  Recommendation (clear recommendation): 3
  Recommendation (global rating scale): 3
  Comments: The patient/simulation is not oriented in TPP.
Clear communication between Reg and colleague during handover

Respondent 10:
  Date: 2025-03-14
  SessionName: (MI)-VT
  Identification: 2
  Situation: 2
  Background (history): 2
  Background (examination): 2
  Assessment: 2
  Recommendation (clear recommendation): 2
  Recommendation (global rating scale): 2
  Comments: Time: (15:53-16:14)

Respondent 23:
  Date: 2025-03-14
  SessionName: II-Anaphylaxsis
  Identification: 3
  Situation: 3
  Background (history): 2
  Background (examination): 2
  Assessment: 3
  Recommendation (clear recommendation): 3
  Recommendation (global rating scale): 3
  Comments: Time: (11:43-11:58)
Talking to registrav could not summarize the condition of patient very clearly
DID: Sepsis I Anaphylaxsis given by team

Respondent 4:
  Date: 2025-05-16
  SessionName: III (Sepsis)
  Identification: 3
  Situation: 3
  Background (history): 3
  Background (examination): 2
  Assessment: 2
  Recommendation (clear recommendation): 2
  Recommendation (global rating scale): 2
  Comments: Clinical handover and communication skills, satisfactory
No panic, no arrest team
Satisfactory



Answer: []
</example>

<questionnaire>
Survey Data
==================================================

Questions:
1. Date: What is the date of the session? [Open-ended]
2. SessionName: What is the name of the session? [Open-ended]
3. Identification: Identification of self, role, and patient. [Rubric: 0 = Requires direct prompting, 1 = Introduces themselves but only after a hint, 2 = Introduces themselves but information is incomplete, 3 = Introduces themselves and information is complete]
4. Situation: Identifies the main problem(s). [Rubric: 0 = Unable to identify the main problem(s), 1 = Identifies the main problem(s) after extended prompting, 2 = Identifies the main problem(s) with fewer prompts needed, 3 = Identifies and prioritizes the main problem(s) unprompted]
5. Background (history): Gives appropriate history. [Rubric: 0 = History is unstructured or non-relevant, 1 = Relevant history but frequent clarification needed, 2 = Relevant history with few further questions needed, 3 = Comprehensive focused history]
6. Background (examination): Gives appropriate examination/observations. [Rubric: 0 = Observations are omitted or irrelevant, 1 = Observations reported but frequent clarification needed, 2 = Observations reported with few further questions needed, 3 = Comprehensive focused examination/observations]
7. Assessment: Makes logical assessment (correlates problem, history, exam, context). [Rubric: 0 = No logical assessment, 1 = Assessment only after extended questioning, 2 = Assessment after minimal questioning, 3 = Comprehensive logical assessment without questioning]
8. Recommendation (clear recommendation): Makes a clear recommendation. [Rubric: 0 = No recommendation, 1 = Clear recommendation only after extended questioning, 2 = Clear recommendation after minimal questioning, 3 = Clear comprehensive recommendation without questioning]
9. Recommendation (global rating scale): Global Rating Scale (GRS) - How confident am I that I received an accurate picture of the patient? [Rubric: 0 = Not at all confident, 1 = Confident but required extended questioning, 2 = Confident but required some further questioning, 3 = Confident and required little or no questioning]
10. Comments: Comments on the session. [Open-ended]

Responses:
--------------------

Respondent 18:
  Date: 2025-05-04
  SessionName: IV - VT
  Identification: 3
  Situation: 3
  Background (history): 2
  Background (examination): 2
  Assessment: 3
  Recommendation (clear recommendation): 2
  Recommendation (global rating scale): 2
  Comments: Not very concise or clear communication
Satisfactory

Respondent 13:
  Date: 2025-03-14
  SessionName: I-VF
  Identification: 3
  Situation: 3
  Background (history): 2
  Background (examination): 1
  Assessment: 2
  Recommendation (clear recommendation): 2
  Recommendation (global rating scale): 2
  Comments: Time: (10:29-10:54)
Ventricular fibrillation (CVS)
Lack of communication btween 2 main interns
Further brief to patient, ask patent concerns

Respondent 14:
  Date: 2025-03-14
  SessionName: IV-Hypoglycemia
  Identification: 3
  Situation: 3
  Background (history): 2
  Background (examination): 2
  Assessment: 3
  Recommendation (clear recommendation): 1
  Recommendation (global rating scale): 2
  Comments: Time: (2:36-2:53)
Late response for considering consultation

Respondent 6:
  Date: 2025-04-04
  SessionName: II (Anaphylactic Shock)
  Identification: 3
  Situation: 2
  Background (history): 3
  Background (examination): 3
  Assessment: 2
  Recommendation (clear recommendation): 2
  Recommendation (global rating scale): 3
  Comments: 

Respondent 19:
  Date: 2025-05-16
  SessionName: I - MI
  Identification: 3
  Situation: 3
  Background (history): 3
  Background (examination): 3
  Assessment: 2
  Recommendation (clear recommendation): 3
  Recommendation (global rating scale): 3
  Comments: Wrong CPR position
Clarity is a bit low over whole case scenario
Satisfactory

Respondent 22:
  Date: 2025-05-16
  SessionName: IV (VT)
  Identification: 3
  Situation: 3
  Background (history): 3
  Background (examination): 3
  Assessment: 2
  Recommendation (clear recommendation): 2
  Recommendation (global rating scale): 3
  Comments: Clear communication skills
Good

Respondent 3:
  Date: 2025-04-04
  SessionName: III-Sepsis
  Identification: 0
  Situation: 2
  Background (history): 3
  Background (examination): 3
  Assessment: 3
  Recommendation (clear recommendation): 3
  Recommendation (global rating scale): 3
  Comments: The patient/simulation is not oriented in TPP.
Clear communication between Reg and colleague during handover

Respondent 10:
  Date: 2025-03-14
  SessionName: (MI)-VT
  Identification: 2
  Situation: 2
  Background (history): 2
  Background (examination): 2
  Assessment: 2
  Recommendation (clear recommendation): 2
  Recommendation (global rating scale): 2
  Comments: Time: (15:53-16:14)

Respondent 23:
  Date: 2025-03-14
  SessionName: II-Anaphylaxsis
  Identification: 3
  Situation: 3
  Background (history): 2
  Background (examination): 2
  Assessment: 3
  Recommendation (clear recommendation): 3
  Recommendation (global rating scale): 3
  Comments: Time: (11:43-11:58)
Talking to registrav could not summarize the condition of patient very clearly
DID: Sepsis I Anaphylaxsis given by team

Respondent 4:
  Date: 2025-05-16
  SessionName: III (Sepsis)
  Identification: 3
  Situation: 3
  Background (history): 3
  Background (examination): 2
  Assessment: 2
  Recommendation (clear recommendation): 2
  Recommendation (global rating scale): 2
  Comments: Clinical handover and communication skills, satisfactory
No panic, no arrest team
Satisfactory


</questionnaire>

You are a meticulous data analyst AI. Your primary function is to accurately analyze structured data and provide precise, verifiable answers.

You will be given a dataset with two key parts:

A 'questions' section: This is your data dictionary or schema. It is the single source of truth for understanding what each field and score means. Refer to it carefully.

A 'responses' section: This contains the raw data from each individual respondent.

To answer the question correctly, you must first use the 'questions' schema to fully understand the context and meaning of the data points within the 'responses'. Do not rely on any prior knowledge outside of this provided data. Base your entire analysis on the information given.

Provide your final answer directly and concisely. Output must be the human-readable value, not an option code.

Rules:
- For MCQ fields, map any letter codes in the Responses (case-insensitive) to the corresponding option text from the Questions schema, and output only that text. Do NOT include the letter or both.
  Example: If the schema is """"[MCQ: A. Abnormal B. Inconclusive C. Normal]"""" and the response is """"a"""", output """"Abnormal"""".
- For open-ended fields, output the exact text value.
- If the question asks for a count, provide only the number (e.g., """"42"""").
- If the question asks for a list of names or IDs, provide a simple comma-separated list (e.g., """"17, 21, 23"""").
- Preserve capitalization exactly as in the schema (e.g., output """"Abnormal"""", not """"abnormal"""" or """"A"""").

<task>
Find all respondents whose 'Background (examination)' score is between 0 and 1.
</task>""",13,False
case_24,rule_based_querying,List all respondents from the 'II - Anaphylaxsis' session whose 'Background (examination)' is exactly 1.,"""Survey Data
==================================================

Questions:
1. Date: What is the date of the session? [Open-ended]
2. SessionName: What is the name of the session? [Open-ended]
3. Identification: Identification of self, role, and patient. [Rubric: 0 = Requires direct prompting, 1 = Introduces themselves but only after a hint, 2 = Introduces themselves but information is incomplete, 3 = Introduces themselves and information is complete]
4. Situation: Identifies the main problem(s). [Rubric: 0 = Unable to identify the main problem(s), 1 = Identifies the main problem(s) after extended prompting, 2 = Identifies the main problem(s) with fewer prompts needed, 3 = Identifies and prioritizes the main problem(s) unprompted]
5. Background (history): Gives appropriate history. [Rubric: 0 = History is unstructured or non-relevant, 1 = Relevant history but frequent clarification needed, 2 = Relevant history with few further questions needed, 3 = Comprehensive focused history]
6. Background (examination): Gives appropriate examination/observations. [Rubric: 0 = Observations are omitted or irrelevant, 1 = Observations reported but frequent clarification needed, 2 = Observations reported with few further questions needed, 3 = Comprehensive focused examination/observations]
7. Assessment: Makes logical assessment (correlates problem, history, exam, context). [Rubric: 0 = No logical assessment, 1 = Assessment only after extended questioning, 2 = Assessment after minimal questioning, 3 = Comprehensive logical assessment without questioning]
8. Recommendation (clear recommendation): Makes a clear recommendation. [Rubric: 0 = No recommendation, 1 = Clear recommendation only after extended questioning, 2 = Clear recommendation after minimal questioning, 3 = Clear comprehensive recommendation without questioning]
9. Recommendation (global rating scale): Global Rating Scale (GRS) - How confident am I that I received an accurate picture of the patient? [Rubric: 0 = Not at all confident, 1 = Confident but required extended questioning, 2 = Confident but required some further questioning, 3 = Confident and required little or no questioning]
10. Comments: Comments on the session. [Open-ended]

Responses:
--------------------

Respondent 3:
  Date: 2025-04-04
  SessionName: III-Sepsis
  Identification: 0
  Situation: 2
  Background (history): 3
  Background (examination): 3
  Assessment: 3
  Recommendation (clear recommendation): 3
  Recommendation (global rating scale): 3
  Comments: The patient/simulation is not oriented in TPP.
Clear communication between Reg and colleague during handover

Respondent 9:
  Date: 2025-05-04
  SessionName: II (Anaphylaxsis)
  Identification: 3
  Situation: 3
  Background (history): 2
  Background (examination): 2
  Assessment: 2
  Recommendation (clear recommendation): 3
  Recommendation (global rating scale): 2
  Comments: Overall a bit unclear communication reflected

Respondent 5:
  Date: 2025-05-04
  SessionName: II - Anaphylaxsis
  Identification: 3
  Situation: 3
  Background (history): 3
  Background (examination): 3
  Assessment: 3
  Recommendation (clear recommendation): 2
  Recommendation (global rating scale): 3
  Comments: Good clear and precise clinical handover
Good

Respondent 13:
  Date: 2025-03-14
  SessionName: I-VF
  Identification: 3
  Situation: 3
  Background (history): 2
  Background (examination): 1
  Assessment: 2
  Recommendation (clear recommendation): 2
  Recommendation (global rating scale): 2
  Comments: Time: (10:29-10:54)
Ventricular fibrillation (CVS)
Lack of communication btween 2 main interns
Further brief to patient, ask patent concerns

Respondent 21:
  Date: 2025-05-16
  SessionName: I (Myocardial infarction)
  Identification: 3
  Situation: 2
  Background (history): 3
  Background (examination): 1
  Assessment: 2
  Recommendation (clear recommendation): 3
  Recommendation (global rating scale): 3
  Comments: Diagnostic clarity is present
Good and early assessment of condition is done

Respondent 20:
  Date: 2025-05-02
  SessionName: IV (VT)
  Identification: 3
  Situation: 3
  Background (history): 2
  Background (examination): -1
  Assessment: 3
  Recommendation (clear recommendation): 2
  Recommendation (global rating scale): 3
  Comments: Good

""",[],"""<example>
List all respondents from the '(MI)-VT' session whose 'Recommendation (global rating scale)' is exactly 0.

DATA:

Survey Data
==================================================

Questions:
1. Date: What is the date of the session? [Open-ended]
2. SessionName: What is the name of the session? [Open-ended]
3. Identification: Identification of self, role, and patient. [Rubric: 0 = Requires direct prompting, 1 = Introduces themselves but only after a hint, 2 = Introduces themselves but information is incomplete, 3 = Introduces themselves and information is complete]
4. Situation: Identifies the main problem(s). [Rubric: 0 = Unable to identify the main problem(s), 1 = Identifies the main problem(s) after extended prompting, 2 = Identifies the main problem(s) with fewer prompts needed, 3 = Identifies and prioritizes the main problem(s) unprompted]
5. Background (history): Gives appropriate history. [Rubric: 0 = History is unstructured or non-relevant, 1 = Relevant history but frequent clarification needed, 2 = Relevant history with few further questions needed, 3 = Comprehensive focused history]
6. Background (examination): Gives appropriate examination/observations. [Rubric: 0 = Observations are omitted or irrelevant, 1 = Observations reported but frequent clarification needed, 2 = Observations reported with few further questions needed, 3 = Comprehensive focused examination/observations]
7. Assessment: Makes logical assessment (correlates problem, history, exam, context). [Rubric: 0 = No logical assessment, 1 = Assessment only after extended questioning, 2 = Assessment after minimal questioning, 3 = Comprehensive logical assessment without questioning]
8. Recommendation (clear recommendation): Makes a clear recommendation. [Rubric: 0 = No recommendation, 1 = Clear recommendation only after extended questioning, 2 = Clear recommendation after minimal questioning, 3 = Clear comprehensive recommendation without questioning]
9. Recommendation (global rating scale): Global Rating Scale (GRS) - How confident am I that I received an accurate picture of the patient? [Rubric: 0 = Not at all confident, 1 = Confident but required extended questioning, 2 = Confident but required some further questioning, 3 = Confident and required little or no questioning]
10. Comments: Comments on the session. [Open-ended]

Responses:
--------------------

Respondent 3:
  Date: 2025-04-04
  SessionName: III-Sepsis
  Identification: 0
  Situation: 2
  Background (history): 3
  Background (examination): 3
  Assessment: 3
  Recommendation (clear recommendation): 3
  Recommendation (global rating scale): 3
  Comments: The patient/simulation is not oriented in TPP.
Clear communication between Reg and colleague during handover

Respondent 9:
  Date: 2025-05-04
  SessionName: II (Anaphylaxsis)
  Identification: 3
  Situation: 3
  Background (history): 2
  Background (examination): 2
  Assessment: 2
  Recommendation (clear recommendation): 3
  Recommendation (global rating scale): 2
  Comments: Overall a bit unclear communication reflected

Respondent 5:
  Date: 2025-05-04
  SessionName: II - Anaphylaxsis
  Identification: 3
  Situation: 3
  Background (history): 3
  Background (examination): 3
  Assessment: 3
  Recommendation (clear recommendation): 2
  Recommendation (global rating scale): 3
  Comments: Good clear and precise clinical handover
Good

Respondent 13:
  Date: 2025-03-14
  SessionName: I-VF
  Identification: 3
  Situation: 3
  Background (history): 2
  Background (examination): 1
  Assessment: 2
  Recommendation (clear recommendation): 2
  Recommendation (global rating scale): 2
  Comments: Time: (10:29-10:54)
Ventricular fibrillation (CVS)
Lack of communication btween 2 main interns
Further brief to patient, ask patent concerns

Respondent 21:
  Date: 2025-05-16
  SessionName: I (Myocardial infarction)
  Identification: 3
  Situation: 2
  Background (history): 3
  Background (examination): 1
  Assessment: 2
  Recommendation (clear recommendation): 3
  Recommendation (global rating scale): 3
  Comments: Diagnostic clarity is present
Good and early assessment of condition is done

Respondent 20:
  Date: 2025-05-02
  SessionName: IV (VT)
  Identification: 3
  Situation: 3
  Background (history): 2
  Background (examination): -1
  Assessment: 3
  Recommendation (clear recommendation): 2
  Recommendation (global rating scale): 3
  Comments: Good



Answer: []
</example>

<questionnaire>
Survey Data
==================================================

Questions:
1. Date: What is the date of the session? [Open-ended]
2. SessionName: What is the name of the session? [Open-ended]
3. Identification: Identification of self, role, and patient. [Rubric: 0 = Requires direct prompting, 1 = Introduces themselves but only after a hint, 2 = Introduces themselves but information is incomplete, 3 = Introduces themselves and information is complete]
4. Situation: Identifies the main problem(s). [Rubric: 0 = Unable to identify the main problem(s), 1 = Identifies the main problem(s) after extended prompting, 2 = Identifies the main problem(s) with fewer prompts needed, 3 = Identifies and prioritizes the main problem(s) unprompted]
5. Background (history): Gives appropriate history. [Rubric: 0 = History is unstructured or non-relevant, 1 = Relevant history but frequent clarification needed, 2 = Relevant history with few further questions needed, 3 = Comprehensive focused history]
6. Background (examination): Gives appropriate examination/observations. [Rubric: 0 = Observations are omitted or irrelevant, 1 = Observations reported but frequent clarification needed, 2 = Observations reported with few further questions needed, 3 = Comprehensive focused examination/observations]
7. Assessment: Makes logical assessment (correlates problem, history, exam, context). [Rubric: 0 = No logical assessment, 1 = Assessment only after extended questioning, 2 = Assessment after minimal questioning, 3 = Comprehensive logical assessment without questioning]
8. Recommendation (clear recommendation): Makes a clear recommendation. [Rubric: 0 = No recommendation, 1 = Clear recommendation only after extended questioning, 2 = Clear recommendation after minimal questioning, 3 = Clear comprehensive recommendation without questioning]
9. Recommendation (global rating scale): Global Rating Scale (GRS) - How confident am I that I received an accurate picture of the patient? [Rubric: 0 = Not at all confident, 1 = Confident but required extended questioning, 2 = Confident but required some further questioning, 3 = Confident and required little or no questioning]
10. Comments: Comments on the session. [Open-ended]

Responses:
--------------------

Respondent 3:
  Date: 2025-04-04
  SessionName: III-Sepsis
  Identification: 0
  Situation: 2
  Background (history): 3
  Background (examination): 3
  Assessment: 3
  Recommendation (clear recommendation): 3
  Recommendation (global rating scale): 3
  Comments: The patient/simulation is not oriented in TPP.
Clear communication between Reg and colleague during handover

Respondent 9:
  Date: 2025-05-04
  SessionName: II (Anaphylaxsis)
  Identification: 3
  Situation: 3
  Background (history): 2
  Background (examination): 2
  Assessment: 2
  Recommendation (clear recommendation): 3
  Recommendation (global rating scale): 2
  Comments: Overall a bit unclear communication reflected

Respondent 5:
  Date: 2025-05-04
  SessionName: II - Anaphylaxsis
  Identification: 3
  Situation: 3
  Background (history): 3
  Background (examination): 3
  Assessment: 3
  Recommendation (clear recommendation): 2
  Recommendation (global rating scale): 3
  Comments: Good clear and precise clinical handover
Good

Respondent 13:
  Date: 2025-03-14
  SessionName: I-VF
  Identification: 3
  Situation: 3
  Background (history): 2
  Background (examination): 1
  Assessment: 2
  Recommendation (clear recommendation): 2
  Recommendation (global rating scale): 2
  Comments: Time: (10:29-10:54)
Ventricular fibrillation (CVS)
Lack of communication btween 2 main interns
Further brief to patient, ask patent concerns

Respondent 21:
  Date: 2025-05-16
  SessionName: I (Myocardial infarction)
  Identification: 3
  Situation: 2
  Background (history): 3
  Background (examination): 1
  Assessment: 2
  Recommendation (clear recommendation): 3
  Recommendation (global rating scale): 3
  Comments: Diagnostic clarity is present
Good and early assessment of condition is done

Respondent 20:
  Date: 2025-05-02
  SessionName: IV (VT)
  Identification: 3
  Situation: 3
  Background (history): 2
  Background (examination): -1
  Assessment: 3
  Recommendation (clear recommendation): 2
  Recommendation (global rating scale): 3
  Comments: Good


</questionnaire>

You are a meticulous data analyst AI. Your primary function is to accurately analyze structured data and provide precise, verifiable answers.

You will be given a dataset with two key parts:

A 'questions' section: This is your data dictionary or schema. It is the single source of truth for understanding what each field and score means. Refer to it carefully.

A 'responses' section: This contains the raw data from each individual respondent.

To answer the question correctly, you must first use the 'questions' schema to fully understand the context and meaning of the data points within the 'responses'. Do not rely on any prior knowledge outside of this provided data. Base your entire analysis on the information given.

Provide your final answer directly and concisely. Output must be the human-readable value, not an option code.

Rules:
- For MCQ fields, map any letter codes in the Responses (case-insensitive) to the corresponding option text from the Questions schema, and output only that text. Do NOT include the letter or both.
  Example: If the schema is """"[MCQ: A. Abnormal B. Inconclusive C. Normal]"""" and the response is """"a"""", output """"Abnormal"""".
- For open-ended fields, output the exact text value.
- If the question asks for a count, provide only the number (e.g., """"42"""").
- If the question asks for a list of names or IDs, provide a simple comma-separated list (e.g., """"17, 21, 23"""").
- Preserve capitalization exactly as in the schema (e.g., output """"Abnormal"""", not """"abnormal"""" or """"A"""").

<task>
List all respondents from the 'II - Anaphylaxsis' session whose 'Background (examination)' is exactly 1.
</task>""",[],True
case_25,rule_based_querying,List all respondents from the 'MI' session whose 'Background (history)' is exactly 0.,"""Survey Data
==================================================

Questions:
1. Date: What is the date of the session? [Open-ended]
2. SessionName: What is the name of the session? [Open-ended]
3. Identification: Identification of self, role, and patient. [Rubric: 0 = Requires direct prompting, 1 = Introduces themselves but only after a hint, 2 = Introduces themselves but information is incomplete, 3 = Introduces themselves and information is complete]
4. Situation: Identifies the main problem(s). [Rubric: 0 = Unable to identify the main problem(s), 1 = Identifies the main problem(s) after extended prompting, 2 = Identifies the main problem(s) with fewer prompts needed, 3 = Identifies and prioritizes the main problem(s) unprompted]
5. Background (history): Gives appropriate history. [Rubric: 0 = History is unstructured or non-relevant, 1 = Relevant history but frequent clarification needed, 2 = Relevant history with few further questions needed, 3 = Comprehensive focused history]
6. Background (examination): Gives appropriate examination/observations. [Rubric: 0 = Observations are omitted or irrelevant, 1 = Observations reported but frequent clarification needed, 2 = Observations reported with few further questions needed, 3 = Comprehensive focused examination/observations]
7. Assessment: Makes logical assessment (correlates problem, history, exam, context). [Rubric: 0 = No logical assessment, 1 = Assessment only after extended questioning, 2 = Assessment after minimal questioning, 3 = Comprehensive logical assessment without questioning]
8. Recommendation (clear recommendation): Makes a clear recommendation. [Rubric: 0 = No recommendation, 1 = Clear recommendation only after extended questioning, 2 = Clear recommendation after minimal questioning, 3 = Clear comprehensive recommendation without questioning]
9. Recommendation (global rating scale): Global Rating Scale (GRS) - How confident am I that I received an accurate picture of the patient? [Rubric: 0 = Not at all confident, 1 = Confident but required extended questioning, 2 = Confident but required some further questioning, 3 = Confident and required little or no questioning]
10. Comments: Comments on the session. [Open-ended]

Responses:
--------------------

Respondent 12:
  Date: 2025-05-02
  SessionName: II (Anaphylaxis)
  Identification: 3
  Situation: 3
  Background (history): 3
  Background (examination): 3
  Assessment: 2
  Recommendation (clear recommendation): 3
  Recommendation (global rating scale): 3
  Comments: Good

Respondent 4:
  Date: 2025-05-16
  SessionName: III (Sepsis)
  Identification: 3
  Situation: 3
  Background (history): 3
  Background (examination): 2
  Assessment: 2
  Recommendation (clear recommendation): 2
  Recommendation (global rating scale): 2
  Comments: Clinical handover and communication skills, satisfactory
No panic, no arrest team
Satisfactory

Respondent 3:
  Date: 2025-04-04
  SessionName: III-Sepsis
  Identification: 0
  Situation: 2
  Background (history): 3
  Background (examination): 3
  Assessment: 3
  Recommendation (clear recommendation): 3
  Recommendation (global rating scale): 3
  Comments: The patient/simulation is not oriented in TPP.
Clear communication between Reg and colleague during handover

Respondent 1:
  Date: 2025-05-02
  SessionName: V (Hypoglycemia)
  Identification: -1
  Situation: 2
  Background (history): 2
  Background (examination): 2
  Assessment: 3
  Recommendation (clear recommendation): 2
  Recommendation (global rating scale): 2
  Comments: Satisfactory

Respondent 10:
  Date: 2025-03-14
  SessionName: (MI)-VT
  Identification: 2
  Situation: 2
  Background (history): 2
  Background (examination): 2
  Assessment: 2
  Recommendation (clear recommendation): 2
  Recommendation (global rating scale): 2
  Comments: Time: (15:53-16:14)

Respondent 15:
  Date: 2025-05-04
  SessionName: III - Sepsis
  Identification: 3
  Situation: 3
  Background (history): 2
  Background (examination): 3
  Assessment: 2
  Recommendation (clear recommendation): 2
  Recommendation (global rating scale): 2
  Comments: Detailed Response - clear communication

Respondent 23:
  Date: 2025-03-14
  SessionName: II-Anaphylaxsis
  Identification: 3
  Situation: 3
  Background (history): 2
  Background (examination): 2
  Assessment: 3
  Recommendation (clear recommendation): 3
  Recommendation (global rating scale): 3
  Comments: Time: (11:43-11:58)
Talking to registrav could not summarize the condition of patient very clearly
DID: Sepsis I Anaphylaxsis given by team

Respondent 9:
  Date: 2025-05-04
  SessionName: II (Anaphylaxsis)
  Identification: 3
  Situation: 3
  Background (history): 2
  Background (examination): 2
  Assessment: 2
  Recommendation (clear recommendation): 3
  Recommendation (global rating scale): 2
  Comments: Overall a bit unclear communication reflected

Respondent 2:
  Date: 2025-04-04
  SessionName: MI
  Identification: 3
  Situation: 3
  Background (history): 2
  Background (examination): 3
  Assessment: 3
  Recommendation (clear recommendation): 2
  Recommendation (global rating scale): 1
  Comments: 

Respondent 21:
  Date: 2025-05-16
  SessionName: I (Myocardial infarction)
  Identification: 3
  Situation: 2
  Background (history): 3
  Background (examination): 1
  Assessment: 2
  Recommendation (clear recommendation): 3
  Recommendation (global rating scale): 3
  Comments: Diagnostic clarity is present
Good and early assessment of condition is done

""",[],"""<example>
List all respondents from the '(MI)-VT' session whose 'Recommendation (global rating scale)' is exactly 0.

DATA:

Survey Data
==================================================

Questions:
1. Date: What is the date of the session? [Open-ended]
2. SessionName: What is the name of the session? [Open-ended]
3. Identification: Identification of self, role, and patient. [Rubric: 0 = Requires direct prompting, 1 = Introduces themselves but only after a hint, 2 = Introduces themselves but information is incomplete, 3 = Introduces themselves and information is complete]
4. Situation: Identifies the main problem(s). [Rubric: 0 = Unable to identify the main problem(s), 1 = Identifies the main problem(s) after extended prompting, 2 = Identifies the main problem(s) with fewer prompts needed, 3 = Identifies and prioritizes the main problem(s) unprompted]
5. Background (history): Gives appropriate history. [Rubric: 0 = History is unstructured or non-relevant, 1 = Relevant history but frequent clarification needed, 2 = Relevant history with few further questions needed, 3 = Comprehensive focused history]
6. Background (examination): Gives appropriate examination/observations. [Rubric: 0 = Observations are omitted or irrelevant, 1 = Observations reported but frequent clarification needed, 2 = Observations reported with few further questions needed, 3 = Comprehensive focused examination/observations]
7. Assessment: Makes logical assessment (correlates problem, history, exam, context). [Rubric: 0 = No logical assessment, 1 = Assessment only after extended questioning, 2 = Assessment after minimal questioning, 3 = Comprehensive logical assessment without questioning]
8. Recommendation (clear recommendation): Makes a clear recommendation. [Rubric: 0 = No recommendation, 1 = Clear recommendation only after extended questioning, 2 = Clear recommendation after minimal questioning, 3 = Clear comprehensive recommendation without questioning]
9. Recommendation (global rating scale): Global Rating Scale (GRS) - How confident am I that I received an accurate picture of the patient? [Rubric: 0 = Not at all confident, 1 = Confident but required extended questioning, 2 = Confident but required some further questioning, 3 = Confident and required little or no questioning]
10. Comments: Comments on the session. [Open-ended]

Responses:
--------------------

Respondent 12:
  Date: 2025-05-02
  SessionName: II (Anaphylaxis)
  Identification: 3
  Situation: 3
  Background (history): 3
  Background (examination): 3
  Assessment: 2
  Recommendation (clear recommendation): 3
  Recommendation (global rating scale): 3
  Comments: Good

Respondent 4:
  Date: 2025-05-16
  SessionName: III (Sepsis)
  Identification: 3
  Situation: 3
  Background (history): 3
  Background (examination): 2
  Assessment: 2
  Recommendation (clear recommendation): 2
  Recommendation (global rating scale): 2
  Comments: Clinical handover and communication skills, satisfactory
No panic, no arrest team
Satisfactory

Respondent 3:
  Date: 2025-04-04
  SessionName: III-Sepsis
  Identification: 0
  Situation: 2
  Background (history): 3
  Background (examination): 3
  Assessment: 3
  Recommendation (clear recommendation): 3
  Recommendation (global rating scale): 3
  Comments: The patient/simulation is not oriented in TPP.
Clear communication between Reg and colleague during handover

Respondent 1:
  Date: 2025-05-02
  SessionName: V (Hypoglycemia)
  Identification: -1
  Situation: 2
  Background (history): 2
  Background (examination): 2
  Assessment: 3
  Recommendation (clear recommendation): 2
  Recommendation (global rating scale): 2
  Comments: Satisfactory

Respondent 10:
  Date: 2025-03-14
  SessionName: (MI)-VT
  Identification: 2
  Situation: 2
  Background (history): 2
  Background (examination): 2
  Assessment: 2
  Recommendation (clear recommendation): 2
  Recommendation (global rating scale): 2
  Comments: Time: (15:53-16:14)

Respondent 15:
  Date: 2025-05-04
  SessionName: III - Sepsis
  Identification: 3
  Situation: 3
  Background (history): 2
  Background (examination): 3
  Assessment: 2
  Recommendation (clear recommendation): 2
  Recommendation (global rating scale): 2
  Comments: Detailed Response - clear communication

Respondent 23:
  Date: 2025-03-14
  SessionName: II-Anaphylaxsis
  Identification: 3
  Situation: 3
  Background (history): 2
  Background (examination): 2
  Assessment: 3
  Recommendation (clear recommendation): 3
  Recommendation (global rating scale): 3
  Comments: Time: (11:43-11:58)
Talking to registrav could not summarize the condition of patient very clearly
DID: Sepsis I Anaphylaxsis given by team

Respondent 9:
  Date: 2025-05-04
  SessionName: II (Anaphylaxsis)
  Identification: 3
  Situation: 3
  Background (history): 2
  Background (examination): 2
  Assessment: 2
  Recommendation (clear recommendation): 3
  Recommendation (global rating scale): 2
  Comments: Overall a bit unclear communication reflected

Respondent 2:
  Date: 2025-04-04
  SessionName: MI
  Identification: 3
  Situation: 3
  Background (history): 2
  Background (examination): 3
  Assessment: 3
  Recommendation (clear recommendation): 2
  Recommendation (global rating scale): 1
  Comments: 

Respondent 21:
  Date: 2025-05-16
  SessionName: I (Myocardial infarction)
  Identification: 3
  Situation: 2
  Background (history): 3
  Background (examination): 1
  Assessment: 2
  Recommendation (clear recommendation): 3
  Recommendation (global rating scale): 3
  Comments: Diagnostic clarity is present
Good and early assessment of condition is done



Answer: []
</example>

<questionnaire>
Survey Data
==================================================

Questions:
1. Date: What is the date of the session? [Open-ended]
2. SessionName: What is the name of the session? [Open-ended]
3. Identification: Identification of self, role, and patient. [Rubric: 0 = Requires direct prompting, 1 = Introduces themselves but only after a hint, 2 = Introduces themselves but information is incomplete, 3 = Introduces themselves and information is complete]
4. Situation: Identifies the main problem(s). [Rubric: 0 = Unable to identify the main problem(s), 1 = Identifies the main problem(s) after extended prompting, 2 = Identifies the main problem(s) with fewer prompts needed, 3 = Identifies and prioritizes the main problem(s) unprompted]
5. Background (history): Gives appropriate history. [Rubric: 0 = History is unstructured or non-relevant, 1 = Relevant history but frequent clarification needed, 2 = Relevant history with few further questions needed, 3 = Comprehensive focused history]
6. Background (examination): Gives appropriate examination/observations. [Rubric: 0 = Observations are omitted or irrelevant, 1 = Observations reported but frequent clarification needed, 2 = Observations reported with few further questions needed, 3 = Comprehensive focused examination/observations]
7. Assessment: Makes logical assessment (correlates problem, history, exam, context). [Rubric: 0 = No logical assessment, 1 = Assessment only after extended questioning, 2 = Assessment after minimal questioning, 3 = Comprehensive logical assessment without questioning]
8. Recommendation (clear recommendation): Makes a clear recommendation. [Rubric: 0 = No recommendation, 1 = Clear recommendation only after extended questioning, 2 = Clear recommendation after minimal questioning, 3 = Clear comprehensive recommendation without questioning]
9. Recommendation (global rating scale): Global Rating Scale (GRS) - How confident am I that I received an accurate picture of the patient? [Rubric: 0 = Not at all confident, 1 = Confident but required extended questioning, 2 = Confident but required some further questioning, 3 = Confident and required little or no questioning]
10. Comments: Comments on the session. [Open-ended]

Responses:
--------------------

Respondent 12:
  Date: 2025-05-02
  SessionName: II (Anaphylaxis)
  Identification: 3
  Situation: 3
  Background (history): 3
  Background (examination): 3
  Assessment: 2
  Recommendation (clear recommendation): 3
  Recommendation (global rating scale): 3
  Comments: Good

Respondent 4:
  Date: 2025-05-16
  SessionName: III (Sepsis)
  Identification: 3
  Situation: 3
  Background (history): 3
  Background (examination): 2
  Assessment: 2
  Recommendation (clear recommendation): 2
  Recommendation (global rating scale): 2
  Comments: Clinical handover and communication skills, satisfactory
No panic, no arrest team
Satisfactory

Respondent 3:
  Date: 2025-04-04
  SessionName: III-Sepsis
  Identification: 0
  Situation: 2
  Background (history): 3
  Background (examination): 3
  Assessment: 3
  Recommendation (clear recommendation): 3
  Recommendation (global rating scale): 3
  Comments: The patient/simulation is not oriented in TPP.
Clear communication between Reg and colleague during handover

Respondent 1:
  Date: 2025-05-02
  SessionName: V (Hypoglycemia)
  Identification: -1
  Situation: 2
  Background (history): 2
  Background (examination): 2
  Assessment: 3
  Recommendation (clear recommendation): 2
  Recommendation (global rating scale): 2
  Comments: Satisfactory

Respondent 10:
  Date: 2025-03-14
  SessionName: (MI)-VT
  Identification: 2
  Situation: 2
  Background (history): 2
  Background (examination): 2
  Assessment: 2
  Recommendation (clear recommendation): 2
  Recommendation (global rating scale): 2
  Comments: Time: (15:53-16:14)

Respondent 15:
  Date: 2025-05-04
  SessionName: III - Sepsis
  Identification: 3
  Situation: 3
  Background (history): 2
  Background (examination): 3
  Assessment: 2
  Recommendation (clear recommendation): 2
  Recommendation (global rating scale): 2
  Comments: Detailed Response - clear communication

Respondent 23:
  Date: 2025-03-14
  SessionName: II-Anaphylaxsis
  Identification: 3
  Situation: 3
  Background (history): 2
  Background (examination): 2
  Assessment: 3
  Recommendation (clear recommendation): 3
  Recommendation (global rating scale): 3
  Comments: Time: (11:43-11:58)
Talking to registrav could not summarize the condition of patient very clearly
DID: Sepsis I Anaphylaxsis given by team

Respondent 9:
  Date: 2025-05-04
  SessionName: II (Anaphylaxsis)
  Identification: 3
  Situation: 3
  Background (history): 2
  Background (examination): 2
  Assessment: 2
  Recommendation (clear recommendation): 3
  Recommendation (global rating scale): 2
  Comments: Overall a bit unclear communication reflected

Respondent 2:
  Date: 2025-04-04
  SessionName: MI
  Identification: 3
  Situation: 3
  Background (history): 2
  Background (examination): 3
  Assessment: 3
  Recommendation (clear recommendation): 2
  Recommendation (global rating scale): 1
  Comments: 

Respondent 21:
  Date: 2025-05-16
  SessionName: I (Myocardial infarction)
  Identification: 3
  Situation: 2
  Background (history): 3
  Background (examination): 1
  Assessment: 2
  Recommendation (clear recommendation): 3
  Recommendation (global rating scale): 3
  Comments: Diagnostic clarity is present
Good and early assessment of condition is done


</questionnaire>

You are a meticulous data analyst AI. Your primary function is to accurately analyze structured data and provide precise, verifiable answers.

You will be given a dataset with two key parts:

A 'questions' section: This is your data dictionary or schema. It is the single source of truth for understanding what each field and score means. Refer to it carefully.

A 'responses' section: This contains the raw data from each individual respondent.

To answer the question correctly, you must first use the 'questions' schema to fully understand the context and meaning of the data points within the 'responses'. Do not rely on any prior knowledge outside of this provided data. Base your entire analysis on the information given.

Provide your final answer directly and concisely. Output must be the human-readable value, not an option code.

Rules:
- For MCQ fields, map any letter codes in the Responses (case-insensitive) to the corresponding option text from the Questions schema, and output only that text. Do NOT include the letter or both.
  Example: If the schema is """"[MCQ: A. Abnormal B. Inconclusive C. Normal]"""" and the response is """"a"""", output """"Abnormal"""".
- For open-ended fields, output the exact text value.
- If the question asks for a count, provide only the number (e.g., """"42"""").
- If the question asks for a list of names or IDs, provide a simple comma-separated list (e.g., """"17, 21, 23"""").
- Preserve capitalization exactly as in the schema (e.g., output """"Abnormal"""", not """"abnormal"""" or """"A"""").

<task>
List all respondents from the 'MI' session whose 'Background (history)' is exactly 0.
</task>""",[],True
case_26,rule_based_querying,Which respondents from sessions on '2025-05-04' have a 'Recommendation (clear recommendation)' of 1 and a 'Recommendation (global rating scale)' of less than 2?,"""Survey Data
==================================================

Questions:
1. Date: What is the date of the session? [Open-ended]
2. SessionName: What is the name of the session? [Open-ended]
3. Identification: Identification of self, role, and patient. [Rubric: 0 = Requires direct prompting, 1 = Introduces themselves but only after a hint, 2 = Introduces themselves but information is incomplete, 3 = Introduces themselves and information is complete]
4. Situation: Identifies the main problem(s). [Rubric: 0 = Unable to identify the main problem(s), 1 = Identifies the main problem(s) after extended prompting, 2 = Identifies the main problem(s) with fewer prompts needed, 3 = Identifies and prioritizes the main problem(s) unprompted]
5. Background (history): Gives appropriate history. [Rubric: 0 = History is unstructured or non-relevant, 1 = Relevant history but frequent clarification needed, 2 = Relevant history with few further questions needed, 3 = Comprehensive focused history]
6. Background (examination): Gives appropriate examination/observations. [Rubric: 0 = Observations are omitted or irrelevant, 1 = Observations reported but frequent clarification needed, 2 = Observations reported with few further questions needed, 3 = Comprehensive focused examination/observations]
7. Assessment: Makes logical assessment (correlates problem, history, exam, context). [Rubric: 0 = No logical assessment, 1 = Assessment only after extended questioning, 2 = Assessment after minimal questioning, 3 = Comprehensive logical assessment without questioning]
8. Recommendation (clear recommendation): Makes a clear recommendation. [Rubric: 0 = No recommendation, 1 = Clear recommendation only after extended questioning, 2 = Clear recommendation after minimal questioning, 3 = Clear comprehensive recommendation without questioning]
9. Recommendation (global rating scale): Global Rating Scale (GRS) - How confident am I that I received an accurate picture of the patient? [Rubric: 0 = Not at all confident, 1 = Confident but required extended questioning, 2 = Confident but required some further questioning, 3 = Confident and required little or no questioning]
10. Comments: Comments on the session. [Open-ended]

Responses:
--------------------

Respondent 6:
  Date: 2025-04-04
  SessionName: II (Anaphylactic Shock)
  Identification: 3
  Situation: 2
  Background (history): 3
  Background (examination): 3
  Assessment: 2
  Recommendation (clear recommendation): 2
  Recommendation (global rating scale): 3
  Comments: 

Respondent 14:
  Date: 2025-03-14
  SessionName: IV-Hypoglycemia
  Identification: 3
  Situation: 3
  Background (history): 2
  Background (examination): 2
  Assessment: 3
  Recommendation (clear recommendation): 1
  Recommendation (global rating scale): 2
  Comments: Time: (2:36-2:53)
Late response for considering consultation

Respondent 15:
  Date: 2025-05-04
  SessionName: III - Sepsis
  Identification: 3
  Situation: 3
  Background (history): 2
  Background (examination): 3
  Assessment: 2
  Recommendation (clear recommendation): 2
  Recommendation (global rating scale): 2
  Comments: Detailed Response - clear communication

Respondent 18:
  Date: 2025-05-04
  SessionName: IV - VT
  Identification: 3
  Situation: 3
  Background (history): 2
  Background (examination): 2
  Assessment: 3
  Recommendation (clear recommendation): 2
  Recommendation (global rating scale): 2
  Comments: Not very concise or clear communication
Satisfactory

Respondent 20:
  Date: 2025-05-02
  SessionName: IV (VT)
  Identification: 3
  Situation: 3
  Background (history): 2
  Background (examination): -1
  Assessment: 3
  Recommendation (clear recommendation): 2
  Recommendation (global rating scale): 3
  Comments: Good

Respondent 17:
  Date: 2025-05-04
  SessionName: V (Hypoglycemia)
  Identification: 3
  Situation: 3
  Background (history): 3
  Background (examination): 3
  Assessment: 3
  Recommendation (clear recommendation): 3
  Recommendation (global rating scale): 2
  Comments: Concise - clear
Satisfactory

""",[],"""<example>
List all respondents from the '(MI)-VT' session whose 'Recommendation (global rating scale)' is exactly 0.

DATA:

Survey Data
==================================================

Questions:
1. Date: What is the date of the session? [Open-ended]
2. SessionName: What is the name of the session? [Open-ended]
3. Identification: Identification of self, role, and patient. [Rubric: 0 = Requires direct prompting, 1 = Introduces themselves but only after a hint, 2 = Introduces themselves but information is incomplete, 3 = Introduces themselves and information is complete]
4. Situation: Identifies the main problem(s). [Rubric: 0 = Unable to identify the main problem(s), 1 = Identifies the main problem(s) after extended prompting, 2 = Identifies the main problem(s) with fewer prompts needed, 3 = Identifies and prioritizes the main problem(s) unprompted]
5. Background (history): Gives appropriate history. [Rubric: 0 = History is unstructured or non-relevant, 1 = Relevant history but frequent clarification needed, 2 = Relevant history with few further questions needed, 3 = Comprehensive focused history]
6. Background (examination): Gives appropriate examination/observations. [Rubric: 0 = Observations are omitted or irrelevant, 1 = Observations reported but frequent clarification needed, 2 = Observations reported with few further questions needed, 3 = Comprehensive focused examination/observations]
7. Assessment: Makes logical assessment (correlates problem, history, exam, context). [Rubric: 0 = No logical assessment, 1 = Assessment only after extended questioning, 2 = Assessment after minimal questioning, 3 = Comprehensive logical assessment without questioning]
8. Recommendation (clear recommendation): Makes a clear recommendation. [Rubric: 0 = No recommendation, 1 = Clear recommendation only after extended questioning, 2 = Clear recommendation after minimal questioning, 3 = Clear comprehensive recommendation without questioning]
9. Recommendation (global rating scale): Global Rating Scale (GRS) - How confident am I that I received an accurate picture of the patient? [Rubric: 0 = Not at all confident, 1 = Confident but required extended questioning, 2 = Confident but required some further questioning, 3 = Confident and required little or no questioning]
10. Comments: Comments on the session. [Open-ended]

Responses:
--------------------

Respondent 6:
  Date: 2025-04-04
  SessionName: II (Anaphylactic Shock)
  Identification: 3
  Situation: 2
  Background (history): 3
  Background (examination): 3
  Assessment: 2
  Recommendation (clear recommendation): 2
  Recommendation (global rating scale): 3
  Comments: 

Respondent 14:
  Date: 2025-03-14
  SessionName: IV-Hypoglycemia
  Identification: 3
  Situation: 3
  Background (history): 2
  Background (examination): 2
  Assessment: 3
  Recommendation (clear recommendation): 1
  Recommendation (global rating scale): 2
  Comments: Time: (2:36-2:53)
Late response for considering consultation

Respondent 15:
  Date: 2025-05-04
  SessionName: III - Sepsis
  Identification: 3
  Situation: 3
  Background (history): 2
  Background (examination): 3
  Assessment: 2
  Recommendation (clear recommendation): 2
  Recommendation (global rating scale): 2
  Comments: Detailed Response - clear communication

Respondent 18:
  Date: 2025-05-04
  SessionName: IV - VT
  Identification: 3
  Situation: 3
  Background (history): 2
  Background (examination): 2
  Assessment: 3
  Recommendation (clear recommendation): 2
  Recommendation (global rating scale): 2
  Comments: Not very concise or clear communication
Satisfactory

Respondent 20:
  Date: 2025-05-02
  SessionName: IV (VT)
  Identification: 3
  Situation: 3
  Background (history): 2
  Background (examination): -1
  Assessment: 3
  Recommendation (clear recommendation): 2
  Recommendation (global rating scale): 3
  Comments: Good

Respondent 17:
  Date: 2025-05-04
  SessionName: V (Hypoglycemia)
  Identification: 3
  Situation: 3
  Background (history): 3
  Background (examination): 3
  Assessment: 3
  Recommendation (clear recommendation): 3
  Recommendation (global rating scale): 2
  Comments: Concise - clear
Satisfactory



Answer: []
</example>

<questionnaire>
Survey Data
==================================================

Questions:
1. Date: What is the date of the session? [Open-ended]
2. SessionName: What is the name of the session? [Open-ended]
3. Identification: Identification of self, role, and patient. [Rubric: 0 = Requires direct prompting, 1 = Introduces themselves but only after a hint, 2 = Introduces themselves but information is incomplete, 3 = Introduces themselves and information is complete]
4. Situation: Identifies the main problem(s). [Rubric: 0 = Unable to identify the main problem(s), 1 = Identifies the main problem(s) after extended prompting, 2 = Identifies the main problem(s) with fewer prompts needed, 3 = Identifies and prioritizes the main problem(s) unprompted]
5. Background (history): Gives appropriate history. [Rubric: 0 = History is unstructured or non-relevant, 1 = Relevant history but frequent clarification needed, 2 = Relevant history with few further questions needed, 3 = Comprehensive focused history]
6. Background (examination): Gives appropriate examination/observations. [Rubric: 0 = Observations are omitted or irrelevant, 1 = Observations reported but frequent clarification needed, 2 = Observations reported with few further questions needed, 3 = Comprehensive focused examination/observations]
7. Assessment: Makes logical assessment (correlates problem, history, exam, context). [Rubric: 0 = No logical assessment, 1 = Assessment only after extended questioning, 2 = Assessment after minimal questioning, 3 = Comprehensive logical assessment without questioning]
8. Recommendation (clear recommendation): Makes a clear recommendation. [Rubric: 0 = No recommendation, 1 = Clear recommendation only after extended questioning, 2 = Clear recommendation after minimal questioning, 3 = Clear comprehensive recommendation without questioning]
9. Recommendation (global rating scale): Global Rating Scale (GRS) - How confident am I that I received an accurate picture of the patient? [Rubric: 0 = Not at all confident, 1 = Confident but required extended questioning, 2 = Confident but required some further questioning, 3 = Confident and required little or no questioning]
10. Comments: Comments on the session. [Open-ended]

Responses:
--------------------

Respondent 6:
  Date: 2025-04-04
  SessionName: II (Anaphylactic Shock)
  Identification: 3
  Situation: 2
  Background (history): 3
  Background (examination): 3
  Assessment: 2
  Recommendation (clear recommendation): 2
  Recommendation (global rating scale): 3
  Comments: 

Respondent 14:
  Date: 2025-03-14
  SessionName: IV-Hypoglycemia
  Identification: 3
  Situation: 3
  Background (history): 2
  Background (examination): 2
  Assessment: 3
  Recommendation (clear recommendation): 1
  Recommendation (global rating scale): 2
  Comments: Time: (2:36-2:53)
Late response for considering consultation

Respondent 15:
  Date: 2025-05-04
  SessionName: III - Sepsis
  Identification: 3
  Situation: 3
  Background (history): 2
  Background (examination): 3
  Assessment: 2
  Recommendation (clear recommendation): 2
  Recommendation (global rating scale): 2
  Comments: Detailed Response - clear communication

Respondent 18:
  Date: 2025-05-04
  SessionName: IV - VT
  Identification: 3
  Situation: 3
  Background (history): 2
  Background (examination): 2
  Assessment: 3
  Recommendation (clear recommendation): 2
  Recommendation (global rating scale): 2
  Comments: Not very concise or clear communication
Satisfactory

Respondent 20:
  Date: 2025-05-02
  SessionName: IV (VT)
  Identification: 3
  Situation: 3
  Background (history): 2
  Background (examination): -1
  Assessment: 3
  Recommendation (clear recommendation): 2
  Recommendation (global rating scale): 3
  Comments: Good

Respondent 17:
  Date: 2025-05-04
  SessionName: V (Hypoglycemia)
  Identification: 3
  Situation: 3
  Background (history): 3
  Background (examination): 3
  Assessment: 3
  Recommendation (clear recommendation): 3
  Recommendation (global rating scale): 2
  Comments: Concise - clear
Satisfactory


</questionnaire>

You are a meticulous data analyst AI. Your primary function is to accurately analyze structured data and provide precise, verifiable answers.

You will be given a dataset with two key parts:

A 'questions' section: This is your data dictionary or schema. It is the single source of truth for understanding what each field and score means. Refer to it carefully.

A 'responses' section: This contains the raw data from each individual respondent.

To answer the question correctly, you must first use the 'questions' schema to fully understand the context and meaning of the data points within the 'responses'. Do not rely on any prior knowledge outside of this provided data. Base your entire analysis on the information given.

Provide your final answer directly and concisely. Output must be the human-readable value, not an option code.

Rules:
- For MCQ fields, map any letter codes in the Responses (case-insensitive) to the corresponding option text from the Questions schema, and output only that text. Do NOT include the letter or both.
  Example: If the schema is """"[MCQ: A. Abnormal B. Inconclusive C. Normal]"""" and the response is """"a"""", output """"Abnormal"""".
- For open-ended fields, output the exact text value.
- If the question asks for a count, provide only the number (e.g., """"42"""").
- If the question asks for a list of names or IDs, provide a simple comma-separated list (e.g., """"17, 21, 23"""").
- Preserve capitalization exactly as in the schema (e.g., output """"Abnormal"""", not """"abnormal"""" or """"A"""").

<task>
Which respondents from sessions on '2025-05-04' have a 'Recommendation (clear recommendation)' of 1 and a 'Recommendation (global rating scale)' of less than 2?
</task>""",,False
case_27,rule_based_querying,Which respondents from sessions on '2025-03-14' have a 'Recommendation (global rating scale)' of 3 and a 'Identification' of less than 2?,"""Survey Data
==================================================

Questions:
1. Date: What is the date of the session? [Open-ended]
2. SessionName: What is the name of the session? [Open-ended]
3. Identification: Identification of self, role, and patient. [Rubric: 0 = Requires direct prompting, 1 = Introduces themselves but only after a hint, 2 = Introduces themselves but information is incomplete, 3 = Introduces themselves and information is complete]
4. Situation: Identifies the main problem(s). [Rubric: 0 = Unable to identify the main problem(s), 1 = Identifies the main problem(s) after extended prompting, 2 = Identifies the main problem(s) with fewer prompts needed, 3 = Identifies and prioritizes the main problem(s) unprompted]
5. Background (history): Gives appropriate history. [Rubric: 0 = History is unstructured or non-relevant, 1 = Relevant history but frequent clarification needed, 2 = Relevant history with few further questions needed, 3 = Comprehensive focused history]
6. Background (examination): Gives appropriate examination/observations. [Rubric: 0 = Observations are omitted or irrelevant, 1 = Observations reported but frequent clarification needed, 2 = Observations reported with few further questions needed, 3 = Comprehensive focused examination/observations]
7. Assessment: Makes logical assessment (correlates problem, history, exam, context). [Rubric: 0 = No logical assessment, 1 = Assessment only after extended questioning, 2 = Assessment after minimal questioning, 3 = Comprehensive logical assessment without questioning]
8. Recommendation (clear recommendation): Makes a clear recommendation. [Rubric: 0 = No recommendation, 1 = Clear recommendation only after extended questioning, 2 = Clear recommendation after minimal questioning, 3 = Clear comprehensive recommendation without questioning]
9. Recommendation (global rating scale): Global Rating Scale (GRS) - How confident am I that I received an accurate picture of the patient? [Rubric: 0 = Not at all confident, 1 = Confident but required extended questioning, 2 = Confident but required some further questioning, 3 = Confident and required little or no questioning]
10. Comments: Comments on the session. [Open-ended]

Responses:
--------------------

Respondent 4:
  Date: 2025-05-16
  SessionName: III (Sepsis)
  Identification: 3
  Situation: 3
  Background (history): 3
  Background (examination): 2
  Assessment: 2
  Recommendation (clear recommendation): 2
  Recommendation (global rating scale): 2
  Comments: Clinical handover and communication skills, satisfactory
No panic, no arrest team
Satisfactory

Respondent 1:
  Date: 2025-05-02
  SessionName: V (Hypoglycemia)
  Identification: -1
  Situation: 2
  Background (history): 2
  Background (examination): 2
  Assessment: 3
  Recommendation (clear recommendation): 2
  Recommendation (global rating scale): 2
  Comments: Satisfactory

Respondent 3:
  Date: 2025-04-04
  SessionName: III-Sepsis
  Identification: 0
  Situation: 2
  Background (history): 3
  Background (examination): 3
  Assessment: 3
  Recommendation (clear recommendation): 3
  Recommendation (global rating scale): 3
  Comments: The patient/simulation is not oriented in TPP.
Clear communication between Reg and colleague during handover

Respondent 12:
  Date: 2025-05-02
  SessionName: II (Anaphylaxis)
  Identification: 3
  Situation: 3
  Background (history): 3
  Background (examination): 3
  Assessment: 2
  Recommendation (clear recommendation): 3
  Recommendation (global rating scale): 3
  Comments: Good

Respondent 18:
  Date: 2025-05-04
  SessionName: IV - VT
  Identification: 3
  Situation: 3
  Background (history): 2
  Background (examination): 2
  Assessment: 3
  Recommendation (clear recommendation): 2
  Recommendation (global rating scale): 2
  Comments: Not very concise or clear communication
Satisfactory

Respondent 21:
  Date: 2025-05-16
  SessionName: I (Myocardial infarction)
  Identification: 3
  Situation: 2
  Background (history): 3
  Background (examination): 1
  Assessment: 2
  Recommendation (clear recommendation): 3
  Recommendation (global rating scale): 3
  Comments: Diagnostic clarity is present
Good and early assessment of condition is done

Respondent 11:
  Date: 2025-04-04
  SessionName: IV (AF)
  Identification: 3
  Situation: 3
  Background (history): 3
  Background (examination): 3
  Assessment: 3
  Recommendation (clear recommendation): 3
  Recommendation (global rating scale): 3
  Comments: Clear communication and handover

Respondent 13:
  Date: 2025-03-14
  SessionName: I-VF
  Identification: 3
  Situation: 3
  Background (history): 2
  Background (examination): 1
  Assessment: 2
  Recommendation (clear recommendation): 2
  Recommendation (global rating scale): 2
  Comments: Time: (10:29-10:54)
Ventricular fibrillation (CVS)
Lack of communication btween 2 main interns
Further brief to patient, ask patent concerns

Respondent 22:
  Date: 2025-05-16
  SessionName: IV (VT)
  Identification: 3
  Situation: 3
  Background (history): 3
  Background (examination): 3
  Assessment: 2
  Recommendation (clear recommendation): 2
  Recommendation (global rating scale): 3
  Comments: Clear communication skills
Good

Respondent 5:
  Date: 2025-05-04
  SessionName: II - Anaphylaxsis
  Identification: 3
  Situation: 3
  Background (history): 3
  Background (examination): 3
  Assessment: 3
  Recommendation (clear recommendation): 2
  Recommendation (global rating scale): 3
  Comments: Good clear and precise clinical handover
Good

Respondent 7:
  Date: 2025-03-14
  SessionName: III-Sepsis
  Identification: 3
  Situation: 3
  Background (history): 2
  Background (examination): 3
  Assessment: 2
  Recommendation (clear recommendation): 2
  Recommendation (global rating scale): 2
  Comments: Time: (1:00-1:17)

""",[],"""<example>
List all respondents from the '(MI)-VT' session whose 'Recommendation (global rating scale)' is exactly 0.

DATA:

Survey Data
==================================================

Questions:
1. Date: What is the date of the session? [Open-ended]
2. SessionName: What is the name of the session? [Open-ended]
3. Identification: Identification of self, role, and patient. [Rubric: 0 = Requires direct prompting, 1 = Introduces themselves but only after a hint, 2 = Introduces themselves but information is incomplete, 3 = Introduces themselves and information is complete]
4. Situation: Identifies the main problem(s). [Rubric: 0 = Unable to identify the main problem(s), 1 = Identifies the main problem(s) after extended prompting, 2 = Identifies the main problem(s) with fewer prompts needed, 3 = Identifies and prioritizes the main problem(s) unprompted]
5. Background (history): Gives appropriate history. [Rubric: 0 = History is unstructured or non-relevant, 1 = Relevant history but frequent clarification needed, 2 = Relevant history with few further questions needed, 3 = Comprehensive focused history]
6. Background (examination): Gives appropriate examination/observations. [Rubric: 0 = Observations are omitted or irrelevant, 1 = Observations reported but frequent clarification needed, 2 = Observations reported with few further questions needed, 3 = Comprehensive focused examination/observations]
7. Assessment: Makes logical assessment (correlates problem, history, exam, context). [Rubric: 0 = No logical assessment, 1 = Assessment only after extended questioning, 2 = Assessment after minimal questioning, 3 = Comprehensive logical assessment without questioning]
8. Recommendation (clear recommendation): Makes a clear recommendation. [Rubric: 0 = No recommendation, 1 = Clear recommendation only after extended questioning, 2 = Clear recommendation after minimal questioning, 3 = Clear comprehensive recommendation without questioning]
9. Recommendation (global rating scale): Global Rating Scale (GRS) - How confident am I that I received an accurate picture of the patient? [Rubric: 0 = Not at all confident, 1 = Confident but required extended questioning, 2 = Confident but required some further questioning, 3 = Confident and required little or no questioning]
10. Comments: Comments on the session. [Open-ended]

Responses:
--------------------

Respondent 4:
  Date: 2025-05-16
  SessionName: III (Sepsis)
  Identification: 3
  Situation: 3
  Background (history): 3
  Background (examination): 2
  Assessment: 2
  Recommendation (clear recommendation): 2
  Recommendation (global rating scale): 2
  Comments: Clinical handover and communication skills, satisfactory
No panic, no arrest team
Satisfactory

Respondent 1:
  Date: 2025-05-02
  SessionName: V (Hypoglycemia)
  Identification: -1
  Situation: 2
  Background (history): 2
  Background (examination): 2
  Assessment: 3
  Recommendation (clear recommendation): 2
  Recommendation (global rating scale): 2
  Comments: Satisfactory

Respondent 3:
  Date: 2025-04-04
  SessionName: III-Sepsis
  Identification: 0
  Situation: 2
  Background (history): 3
  Background (examination): 3
  Assessment: 3
  Recommendation (clear recommendation): 3
  Recommendation (global rating scale): 3
  Comments: The patient/simulation is not oriented in TPP.
Clear communication between Reg and colleague during handover

Respondent 12:
  Date: 2025-05-02
  SessionName: II (Anaphylaxis)
  Identification: 3
  Situation: 3
  Background (history): 3
  Background (examination): 3
  Assessment: 2
  Recommendation (clear recommendation): 3
  Recommendation (global rating scale): 3
  Comments: Good

Respondent 18:
  Date: 2025-05-04
  SessionName: IV - VT
  Identification: 3
  Situation: 3
  Background (history): 2
  Background (examination): 2
  Assessment: 3
  Recommendation (clear recommendation): 2
  Recommendation (global rating scale): 2
  Comments: Not very concise or clear communication
Satisfactory

Respondent 21:
  Date: 2025-05-16
  SessionName: I (Myocardial infarction)
  Identification: 3
  Situation: 2
  Background (history): 3
  Background (examination): 1
  Assessment: 2
  Recommendation (clear recommendation): 3
  Recommendation (global rating scale): 3
  Comments: Diagnostic clarity is present
Good and early assessment of condition is done

Respondent 11:
  Date: 2025-04-04
  SessionName: IV (AF)
  Identification: 3
  Situation: 3
  Background (history): 3
  Background (examination): 3
  Assessment: 3
  Recommendation (clear recommendation): 3
  Recommendation (global rating scale): 3
  Comments: Clear communication and handover

Respondent 13:
  Date: 2025-03-14
  SessionName: I-VF
  Identification: 3
  Situation: 3
  Background (history): 2
  Background (examination): 1
  Assessment: 2
  Recommendation (clear recommendation): 2
  Recommendation (global rating scale): 2
  Comments: Time: (10:29-10:54)
Ventricular fibrillation (CVS)
Lack of communication btween 2 main interns
Further brief to patient, ask patent concerns

Respondent 22:
  Date: 2025-05-16
  SessionName: IV (VT)
  Identification: 3
  Situation: 3
  Background (history): 3
  Background (examination): 3
  Assessment: 2
  Recommendation (clear recommendation): 2
  Recommendation (global rating scale): 3
  Comments: Clear communication skills
Good

Respondent 5:
  Date: 2025-05-04
  SessionName: II - Anaphylaxsis
  Identification: 3
  Situation: 3
  Background (history): 3
  Background (examination): 3
  Assessment: 3
  Recommendation (clear recommendation): 2
  Recommendation (global rating scale): 3
  Comments: Good clear and precise clinical handover
Good

Respondent 7:
  Date: 2025-03-14
  SessionName: III-Sepsis
  Identification: 3
  Situation: 3
  Background (history): 2
  Background (examination): 3
  Assessment: 2
  Recommendation (clear recommendation): 2
  Recommendation (global rating scale): 2
  Comments: Time: (1:00-1:17)



Answer: []
</example>

<questionnaire>
Survey Data
==================================================

Questions:
1. Date: What is the date of the session? [Open-ended]
2. SessionName: What is the name of the session? [Open-ended]
3. Identification: Identification of self, role, and patient. [Rubric: 0 = Requires direct prompting, 1 = Introduces themselves but only after a hint, 2 = Introduces themselves but information is incomplete, 3 = Introduces themselves and information is complete]
4. Situation: Identifies the main problem(s). [Rubric: 0 = Unable to identify the main problem(s), 1 = Identifies the main problem(s) after extended prompting, 2 = Identifies the main problem(s) with fewer prompts needed, 3 = Identifies and prioritizes the main problem(s) unprompted]
5. Background (history): Gives appropriate history. [Rubric: 0 = History is unstructured or non-relevant, 1 = Relevant history but frequent clarification needed, 2 = Relevant history with few further questions needed, 3 = Comprehensive focused history]
6. Background (examination): Gives appropriate examination/observations. [Rubric: 0 = Observations are omitted or irrelevant, 1 = Observations reported but frequent clarification needed, 2 = Observations reported with few further questions needed, 3 = Comprehensive focused examination/observations]
7. Assessment: Makes logical assessment (correlates problem, history, exam, context). [Rubric: 0 = No logical assessment, 1 = Assessment only after extended questioning, 2 = Assessment after minimal questioning, 3 = Comprehensive logical assessment without questioning]
8. Recommendation (clear recommendation): Makes a clear recommendation. [Rubric: 0 = No recommendation, 1 = Clear recommendation only after extended questioning, 2 = Clear recommendation after minimal questioning, 3 = Clear comprehensive recommendation without questioning]
9. Recommendation (global rating scale): Global Rating Scale (GRS) - How confident am I that I received an accurate picture of the patient? [Rubric: 0 = Not at all confident, 1 = Confident but required extended questioning, 2 = Confident but required some further questioning, 3 = Confident and required little or no questioning]
10. Comments: Comments on the session. [Open-ended]

Responses:
--------------------

Respondent 4:
  Date: 2025-05-16
  SessionName: III (Sepsis)
  Identification: 3
  Situation: 3
  Background (history): 3
  Background (examination): 2
  Assessment: 2
  Recommendation (clear recommendation): 2
  Recommendation (global rating scale): 2
  Comments: Clinical handover and communication skills, satisfactory
No panic, no arrest team
Satisfactory

Respondent 1:
  Date: 2025-05-02
  SessionName: V (Hypoglycemia)
  Identification: -1
  Situation: 2
  Background (history): 2
  Background (examination): 2
  Assessment: 3
  Recommendation (clear recommendation): 2
  Recommendation (global rating scale): 2
  Comments: Satisfactory

Respondent 3:
  Date: 2025-04-04
  SessionName: III-Sepsis
  Identification: 0
  Situation: 2
  Background (history): 3
  Background (examination): 3
  Assessment: 3
  Recommendation (clear recommendation): 3
  Recommendation (global rating scale): 3
  Comments: The patient/simulation is not oriented in TPP.
Clear communication between Reg and colleague during handover

Respondent 12:
  Date: 2025-05-02
  SessionName: II (Anaphylaxis)
  Identification: 3
  Situation: 3
  Background (history): 3
  Background (examination): 3
  Assessment: 2
  Recommendation (clear recommendation): 3
  Recommendation (global rating scale): 3
  Comments: Good

Respondent 18:
  Date: 2025-05-04
  SessionName: IV - VT
  Identification: 3
  Situation: 3
  Background (history): 2
  Background (examination): 2
  Assessment: 3
  Recommendation (clear recommendation): 2
  Recommendation (global rating scale): 2
  Comments: Not very concise or clear communication
Satisfactory

Respondent 21:
  Date: 2025-05-16
  SessionName: I (Myocardial infarction)
  Identification: 3
  Situation: 2
  Background (history): 3
  Background (examination): 1
  Assessment: 2
  Recommendation (clear recommendation): 3
  Recommendation (global rating scale): 3
  Comments: Diagnostic clarity is present
Good and early assessment of condition is done

Respondent 11:
  Date: 2025-04-04
  SessionName: IV (AF)
  Identification: 3
  Situation: 3
  Background (history): 3
  Background (examination): 3
  Assessment: 3
  Recommendation (clear recommendation): 3
  Recommendation (global rating scale): 3
  Comments: Clear communication and handover

Respondent 13:
  Date: 2025-03-14
  SessionName: I-VF
  Identification: 3
  Situation: 3
  Background (history): 2
  Background (examination): 1
  Assessment: 2
  Recommendation (clear recommendation): 2
  Recommendation (global rating scale): 2
  Comments: Time: (10:29-10:54)
Ventricular fibrillation (CVS)
Lack of communication btween 2 main interns
Further brief to patient, ask patent concerns

Respondent 22:
  Date: 2025-05-16
  SessionName: IV (VT)
  Identification: 3
  Situation: 3
  Background (history): 3
  Background (examination): 3
  Assessment: 2
  Recommendation (clear recommendation): 2
  Recommendation (global rating scale): 3
  Comments: Clear communication skills
Good

Respondent 5:
  Date: 2025-05-04
  SessionName: II - Anaphylaxsis
  Identification: 3
  Situation: 3
  Background (history): 3
  Background (examination): 3
  Assessment: 3
  Recommendation (clear recommendation): 2
  Recommendation (global rating scale): 3
  Comments: Good clear and precise clinical handover
Good

Respondent 7:
  Date: 2025-03-14
  SessionName: III-Sepsis
  Identification: 3
  Situation: 3
  Background (history): 2
  Background (examination): 3
  Assessment: 2
  Recommendation (clear recommendation): 2
  Recommendation (global rating scale): 2
  Comments: Time: (1:00-1:17)


</questionnaire>

You are a meticulous data analyst AI. Your primary function is to accurately analyze structured data and provide precise, verifiable answers.

You will be given a dataset with two key parts:

A 'questions' section: This is your data dictionary or schema. It is the single source of truth for understanding what each field and score means. Refer to it carefully.

A 'responses' section: This contains the raw data from each individual respondent.

To answer the question correctly, you must first use the 'questions' schema to fully understand the context and meaning of the data points within the 'responses'. Do not rely on any prior knowledge outside of this provided data. Base your entire analysis on the information given.

Provide your final answer directly and concisely. Output must be the human-readable value, not an option code.

Rules:
- For MCQ fields, map any letter codes in the Responses (case-insensitive) to the corresponding option text from the Questions schema, and output only that text. Do NOT include the letter or both.
  Example: If the schema is """"[MCQ: A. Abnormal B. Inconclusive C. Normal]"""" and the response is """"a"""", output """"Abnormal"""".
- For open-ended fields, output the exact text value.
- If the question asks for a count, provide only the number (e.g., """"42"""").
- If the question asks for a list of names or IDs, provide a simple comma-separated list (e.g., """"17, 21, 23"""").
- Preserve capitalization exactly as in the schema (e.g., output """"Abnormal"""", not """"abnormal"""" or """"A"""").

<task>
Which respondents from sessions on '2025-03-14' have a 'Recommendation (global rating scale)' of 3 and a 'Identification' of less than 2?
</task>""",,False
case_28,rule_based_querying,Find all respondents whose total score for 'Background (examination)' and 'Assessment' is greater than 3.,"""Survey Data
==================================================

Questions:
1. Date: What is the date of the session? [Open-ended]
2. SessionName: What is the name of the session? [Open-ended]
3. Identification: Identification of self, role, and patient. [Rubric: 0 = Requires direct prompting, 1 = Introduces themselves but only after a hint, 2 = Introduces themselves but information is incomplete, 3 = Introduces themselves and information is complete]
4. Situation: Identifies the main problem(s). [Rubric: 0 = Unable to identify the main problem(s), 1 = Identifies the main problem(s) after extended prompting, 2 = Identifies the main problem(s) with fewer prompts needed, 3 = Identifies and prioritizes the main problem(s) unprompted]
5. Background (history): Gives appropriate history. [Rubric: 0 = History is unstructured or non-relevant, 1 = Relevant history but frequent clarification needed, 2 = Relevant history with few further questions needed, 3 = Comprehensive focused history]
6. Background (examination): Gives appropriate examination/observations. [Rubric: 0 = Observations are omitted or irrelevant, 1 = Observations reported but frequent clarification needed, 2 = Observations reported with few further questions needed, 3 = Comprehensive focused examination/observations]
7. Assessment: Makes logical assessment (correlates problem, history, exam, context). [Rubric: 0 = No logical assessment, 1 = Assessment only after extended questioning, 2 = Assessment after minimal questioning, 3 = Comprehensive logical assessment without questioning]
8. Recommendation (clear recommendation): Makes a clear recommendation. [Rubric: 0 = No recommendation, 1 = Clear recommendation only after extended questioning, 2 = Clear recommendation after minimal questioning, 3 = Clear comprehensive recommendation without questioning]
9. Recommendation (global rating scale): Global Rating Scale (GRS) - How confident am I that I received an accurate picture of the patient? [Rubric: 0 = Not at all confident, 1 = Confident but required extended questioning, 2 = Confident but required some further questioning, 3 = Confident and required little or no questioning]
10. Comments: Comments on the session. [Open-ended]

Responses:
--------------------

Respondent 3:
  Date: 2025-04-04
  SessionName: III-Sepsis
  Identification: 0
  Situation: 2
  Background (history): 3
  Background (examination): 3
  Assessment: 3
  Recommendation (clear recommendation): 3
  Recommendation (global rating scale): 3
  Comments: The patient/simulation is not oriented in TPP.
Clear communication between Reg and colleague during handover

Respondent 18:
  Date: 2025-05-04
  SessionName: IV - VT
  Identification: 3
  Situation: 3
  Background (history): 2
  Background (examination): 2
  Assessment: 3
  Recommendation (clear recommendation): 2
  Recommendation (global rating scale): 2
  Comments: Not very concise or clear communication
Satisfactory

Respondent 8:
  Date: 2025-05-02
  SessionName: III (Sepsis)
  Identification: 3
  Situation: 3
  Background (history): 3
  Background (examination): 2
  Assessment: 2
  Recommendation (clear recommendation): 2
  Recommendation (global rating scale): 3
  Comments: Clear communication during handover
Good

Respondent 19:
  Date: 2025-05-16
  SessionName: I - MI
  Identification: 3
  Situation: 3
  Background (history): 3
  Background (examination): 3
  Assessment: 2
  Recommendation (clear recommendation): 3
  Recommendation (global rating scale): 3
  Comments: Wrong CPR position
Clarity is a bit low over whole case scenario
Satisfactory

Respondent 17:
  Date: 2025-05-04
  SessionName: V (Hypoglycemia)
  Identification: 3
  Situation: 3
  Background (history): 3
  Background (examination): 3
  Assessment: 3
  Recommendation (clear recommendation): 3
  Recommendation (global rating scale): 2
  Comments: Concise - clear
Satisfactory

Respondent 6:
  Date: 2025-04-04
  SessionName: II (Anaphylactic Shock)
  Identification: 3
  Situation: 2
  Background (history): 3
  Background (examination): 3
  Assessment: 2
  Recommendation (clear recommendation): 2
  Recommendation (global rating scale): 3
  Comments: 

Respondent 13:
  Date: 2025-03-14
  SessionName: I-VF
  Identification: 3
  Situation: 3
  Background (history): 2
  Background (examination): 1
  Assessment: 2
  Recommendation (clear recommendation): 2
  Recommendation (global rating scale): 2
  Comments: Time: (10:29-10:54)
Ventricular fibrillation (CVS)
Lack of communication btween 2 main interns
Further brief to patient, ask patent concerns

Respondent 22:
  Date: 2025-05-16
  SessionName: IV (VT)
  Identification: 3
  Situation: 3
  Background (history): 3
  Background (examination): 3
  Assessment: 2
  Recommendation (clear recommendation): 2
  Recommendation (global rating scale): 3
  Comments: Clear communication skills
Good

Respondent 23:
  Date: 2025-03-14
  SessionName: II-Anaphylaxsis
  Identification: 3
  Situation: 3
  Background (history): 2
  Background (examination): 2
  Assessment: 3
  Recommendation (clear recommendation): 3
  Recommendation (global rating scale): 3
  Comments: Time: (11:43-11:58)
Talking to registrav could not summarize the condition of patient very clearly
DID: Sepsis I Anaphylaxsis given by team

Respondent 5:
  Date: 2025-05-04
  SessionName: II - Anaphylaxsis
  Identification: 3
  Situation: 3
  Background (history): 3
  Background (examination): 3
  Assessment: 3
  Recommendation (clear recommendation): 2
  Recommendation (global rating scale): 3
  Comments: Good clear and precise clinical handover
Good

Respondent 14:
  Date: 2025-03-14
  SessionName: IV-Hypoglycemia
  Identification: 3
  Situation: 3
  Background (history): 2
  Background (examination): 2
  Assessment: 3
  Recommendation (clear recommendation): 1
  Recommendation (global rating scale): 2
  Comments: Time: (2:36-2:53)
Late response for considering consultation

""","""['3', '18', '8', '19', '17', '6', '22', '23', '5', '14']""","""<example>
List all respondents from the '(MI)-VT' session whose 'Recommendation (global rating scale)' is exactly 0.

DATA:

Survey Data
==================================================

Questions:
1. Date: What is the date of the session? [Open-ended]
2. SessionName: What is the name of the session? [Open-ended]
3. Identification: Identification of self, role, and patient. [Rubric: 0 = Requires direct prompting, 1 = Introduces themselves but only after a hint, 2 = Introduces themselves but information is incomplete, 3 = Introduces themselves and information is complete]
4. Situation: Identifies the main problem(s). [Rubric: 0 = Unable to identify the main problem(s), 1 = Identifies the main problem(s) after extended prompting, 2 = Identifies the main problem(s) with fewer prompts needed, 3 = Identifies and prioritizes the main problem(s) unprompted]
5. Background (history): Gives appropriate history. [Rubric: 0 = History is unstructured or non-relevant, 1 = Relevant history but frequent clarification needed, 2 = Relevant history with few further questions needed, 3 = Comprehensive focused history]
6. Background (examination): Gives appropriate examination/observations. [Rubric: 0 = Observations are omitted or irrelevant, 1 = Observations reported but frequent clarification needed, 2 = Observations reported with few further questions needed, 3 = Comprehensive focused examination/observations]
7. Assessment: Makes logical assessment (correlates problem, history, exam, context). [Rubric: 0 = No logical assessment, 1 = Assessment only after extended questioning, 2 = Assessment after minimal questioning, 3 = Comprehensive logical assessment without questioning]
8. Recommendation (clear recommendation): Makes a clear recommendation. [Rubric: 0 = No recommendation, 1 = Clear recommendation only after extended questioning, 2 = Clear recommendation after minimal questioning, 3 = Clear comprehensive recommendation without questioning]
9. Recommendation (global rating scale): Global Rating Scale (GRS) - How confident am I that I received an accurate picture of the patient? [Rubric: 0 = Not at all confident, 1 = Confident but required extended questioning, 2 = Confident but required some further questioning, 3 = Confident and required little or no questioning]
10. Comments: Comments on the session. [Open-ended]

Responses:
--------------------

Respondent 3:
  Date: 2025-04-04
  SessionName: III-Sepsis
  Identification: 0
  Situation: 2
  Background (history): 3
  Background (examination): 3
  Assessment: 3
  Recommendation (clear recommendation): 3
  Recommendation (global rating scale): 3
  Comments: The patient/simulation is not oriented in TPP.
Clear communication between Reg and colleague during handover

Respondent 18:
  Date: 2025-05-04
  SessionName: IV - VT
  Identification: 3
  Situation: 3
  Background (history): 2
  Background (examination): 2
  Assessment: 3
  Recommendation (clear recommendation): 2
  Recommendation (global rating scale): 2
  Comments: Not very concise or clear communication
Satisfactory

Respondent 8:
  Date: 2025-05-02
  SessionName: III (Sepsis)
  Identification: 3
  Situation: 3
  Background (history): 3
  Background (examination): 2
  Assessment: 2
  Recommendation (clear recommendation): 2
  Recommendation (global rating scale): 3
  Comments: Clear communication during handover
Good

Respondent 19:
  Date: 2025-05-16
  SessionName: I - MI
  Identification: 3
  Situation: 3
  Background (history): 3
  Background (examination): 3
  Assessment: 2
  Recommendation (clear recommendation): 3
  Recommendation (global rating scale): 3
  Comments: Wrong CPR position
Clarity is a bit low over whole case scenario
Satisfactory

Respondent 17:
  Date: 2025-05-04
  SessionName: V (Hypoglycemia)
  Identification: 3
  Situation: 3
  Background (history): 3
  Background (examination): 3
  Assessment: 3
  Recommendation (clear recommendation): 3
  Recommendation (global rating scale): 2
  Comments: Concise - clear
Satisfactory

Respondent 6:
  Date: 2025-04-04
  SessionName: II (Anaphylactic Shock)
  Identification: 3
  Situation: 2
  Background (history): 3
  Background (examination): 3
  Assessment: 2
  Recommendation (clear recommendation): 2
  Recommendation (global rating scale): 3
  Comments: 

Respondent 13:
  Date: 2025-03-14
  SessionName: I-VF
  Identification: 3
  Situation: 3
  Background (history): 2
  Background (examination): 1
  Assessment: 2
  Recommendation (clear recommendation): 2
  Recommendation (global rating scale): 2
  Comments: Time: (10:29-10:54)
Ventricular fibrillation (CVS)
Lack of communication btween 2 main interns
Further brief to patient, ask patent concerns

Respondent 22:
  Date: 2025-05-16
  SessionName: IV (VT)
  Identification: 3
  Situation: 3
  Background (history): 3
  Background (examination): 3
  Assessment: 2
  Recommendation (clear recommendation): 2
  Recommendation (global rating scale): 3
  Comments: Clear communication skills
Good

Respondent 23:
  Date: 2025-03-14
  SessionName: II-Anaphylaxsis
  Identification: 3
  Situation: 3
  Background (history): 2
  Background (examination): 2
  Assessment: 3
  Recommendation (clear recommendation): 3
  Recommendation (global rating scale): 3
  Comments: Time: (11:43-11:58)
Talking to registrav could not summarize the condition of patient very clearly
DID: Sepsis I Anaphylaxsis given by team

Respondent 5:
  Date: 2025-05-04
  SessionName: II - Anaphylaxsis
  Identification: 3
  Situation: 3
  Background (history): 3
  Background (examination): 3
  Assessment: 3
  Recommendation (clear recommendation): 2
  Recommendation (global rating scale): 3
  Comments: Good clear and precise clinical handover
Good

Respondent 14:
  Date: 2025-03-14
  SessionName: IV-Hypoglycemia
  Identification: 3
  Situation: 3
  Background (history): 2
  Background (examination): 2
  Assessment: 3
  Recommendation (clear recommendation): 1
  Recommendation (global rating scale): 2
  Comments: Time: (2:36-2:53)
Late response for considering consultation



Answer: []
</example>

<questionnaire>
Survey Data
==================================================

Questions:
1. Date: What is the date of the session? [Open-ended]
2. SessionName: What is the name of the session? [Open-ended]
3. Identification: Identification of self, role, and patient. [Rubric: 0 = Requires direct prompting, 1 = Introduces themselves but only after a hint, 2 = Introduces themselves but information is incomplete, 3 = Introduces themselves and information is complete]
4. Situation: Identifies the main problem(s). [Rubric: 0 = Unable to identify the main problem(s), 1 = Identifies the main problem(s) after extended prompting, 2 = Identifies the main problem(s) with fewer prompts needed, 3 = Identifies and prioritizes the main problem(s) unprompted]
5. Background (history): Gives appropriate history. [Rubric: 0 = History is unstructured or non-relevant, 1 = Relevant history but frequent clarification needed, 2 = Relevant history with few further questions needed, 3 = Comprehensive focused history]
6. Background (examination): Gives appropriate examination/observations. [Rubric: 0 = Observations are omitted or irrelevant, 1 = Observations reported but frequent clarification needed, 2 = Observations reported with few further questions needed, 3 = Comprehensive focused examination/observations]
7. Assessment: Makes logical assessment (correlates problem, history, exam, context). [Rubric: 0 = No logical assessment, 1 = Assessment only after extended questioning, 2 = Assessment after minimal questioning, 3 = Comprehensive logical assessment without questioning]
8. Recommendation (clear recommendation): Makes a clear recommendation. [Rubric: 0 = No recommendation, 1 = Clear recommendation only after extended questioning, 2 = Clear recommendation after minimal questioning, 3 = Clear comprehensive recommendation without questioning]
9. Recommendation (global rating scale): Global Rating Scale (GRS) - How confident am I that I received an accurate picture of the patient? [Rubric: 0 = Not at all confident, 1 = Confident but required extended questioning, 2 = Confident but required some further questioning, 3 = Confident and required little or no questioning]
10. Comments: Comments on the session. [Open-ended]

Responses:
--------------------

Respondent 3:
  Date: 2025-04-04
  SessionName: III-Sepsis
  Identification: 0
  Situation: 2
  Background (history): 3
  Background (examination): 3
  Assessment: 3
  Recommendation (clear recommendation): 3
  Recommendation (global rating scale): 3
  Comments: The patient/simulation is not oriented in TPP.
Clear communication between Reg and colleague during handover

Respondent 18:
  Date: 2025-05-04
  SessionName: IV - VT
  Identification: 3
  Situation: 3
  Background (history): 2
  Background (examination): 2
  Assessment: 3
  Recommendation (clear recommendation): 2
  Recommendation (global rating scale): 2
  Comments: Not very concise or clear communication
Satisfactory

Respondent 8:
  Date: 2025-05-02
  SessionName: III (Sepsis)
  Identification: 3
  Situation: 3
  Background (history): 3
  Background (examination): 2
  Assessment: 2
  Recommendation (clear recommendation): 2
  Recommendation (global rating scale): 3
  Comments: Clear communication during handover
Good

Respondent 19:
  Date: 2025-05-16
  SessionName: I - MI
  Identification: 3
  Situation: 3
  Background (history): 3
  Background (examination): 3
  Assessment: 2
  Recommendation (clear recommendation): 3
  Recommendation (global rating scale): 3
  Comments: Wrong CPR position
Clarity is a bit low over whole case scenario
Satisfactory

Respondent 17:
  Date: 2025-05-04
  SessionName: V (Hypoglycemia)
  Identification: 3
  Situation: 3
  Background (history): 3
  Background (examination): 3
  Assessment: 3
  Recommendation (clear recommendation): 3
  Recommendation (global rating scale): 2
  Comments: Concise - clear
Satisfactory

Respondent 6:
  Date: 2025-04-04
  SessionName: II (Anaphylactic Shock)
  Identification: 3
  Situation: 2
  Background (history): 3
  Background (examination): 3
  Assessment: 2
  Recommendation (clear recommendation): 2
  Recommendation (global rating scale): 3
  Comments: 

Respondent 13:
  Date: 2025-03-14
  SessionName: I-VF
  Identification: 3
  Situation: 3
  Background (history): 2
  Background (examination): 1
  Assessment: 2
  Recommendation (clear recommendation): 2
  Recommendation (global rating scale): 2
  Comments: Time: (10:29-10:54)
Ventricular fibrillation (CVS)
Lack of communication btween 2 main interns
Further brief to patient, ask patent concerns

Respondent 22:
  Date: 2025-05-16
  SessionName: IV (VT)
  Identification: 3
  Situation: 3
  Background (history): 3
  Background (examination): 3
  Assessment: 2
  Recommendation (clear recommendation): 2
  Recommendation (global rating scale): 3
  Comments: Clear communication skills
Good

Respondent 23:
  Date: 2025-03-14
  SessionName: II-Anaphylaxsis
  Identification: 3
  Situation: 3
  Background (history): 2
  Background (examination): 2
  Assessment: 3
  Recommendation (clear recommendation): 3
  Recommendation (global rating scale): 3
  Comments: Time: (11:43-11:58)
Talking to registrav could not summarize the condition of patient very clearly
DID: Sepsis I Anaphylaxsis given by team

Respondent 5:
  Date: 2025-05-04
  SessionName: II - Anaphylaxsis
  Identification: 3
  Situation: 3
  Background (history): 3
  Background (examination): 3
  Assessment: 3
  Recommendation (clear recommendation): 2
  Recommendation (global rating scale): 3
  Comments: Good clear and precise clinical handover
Good

Respondent 14:
  Date: 2025-03-14
  SessionName: IV-Hypoglycemia
  Identification: 3
  Situation: 3
  Background (history): 2
  Background (examination): 2
  Assessment: 3
  Recommendation (clear recommendation): 1
  Recommendation (global rating scale): 2
  Comments: Time: (2:36-2:53)
Late response for considering consultation


</questionnaire>

You are a meticulous data analyst AI. Your primary function is to accurately analyze structured data and provide precise, verifiable answers.

You will be given a dataset with two key parts:

A 'questions' section: This is your data dictionary or schema. It is the single source of truth for understanding what each field and score means. Refer to it carefully.

A 'responses' section: This contains the raw data from each individual respondent.

To answer the question correctly, you must first use the 'questions' schema to fully understand the context and meaning of the data points within the 'responses'. Do not rely on any prior knowledge outside of this provided data. Base your entire analysis on the information given.

Provide your final answer directly and concisely. Output must be the human-readable value, not an option code.

Rules:
- For MCQ fields, map any letter codes in the Responses (case-insensitive) to the corresponding option text from the Questions schema, and output only that text. Do NOT include the letter or both.
  Example: If the schema is """"[MCQ: A. Abnormal B. Inconclusive C. Normal]"""" and the response is """"a"""", output """"Abnormal"""".
- For open-ended fields, output the exact text value.
- If the question asks for a count, provide only the number (e.g., """"42"""").
- If the question asks for a list of names or IDs, provide a simple comma-separated list (e.g., """"17, 21, 23"""").
- Preserve capitalization exactly as in the schema (e.g., output """"Abnormal"""", not """"abnormal"""" or """"A"""").

<task>
Find all respondents whose total score for 'Background (examination)' and 'Assessment' is greater than 3.
</task>""","3, 18, 8, 19, 17, 6, 22, 23, 5, 14",False
case_29,rule_based_querying,List all respondents whose 'Assessment' score is equal to their 'Situation' score.,"""Survey Data
==================================================

Questions:
1. Date: What is the date of the session? [Open-ended]
2. SessionName: What is the name of the session? [Open-ended]
3. Identification: Identification of self, role, and patient. [Rubric: 0 = Requires direct prompting, 1 = Introduces themselves but only after a hint, 2 = Introduces themselves but information is incomplete, 3 = Introduces themselves and information is complete]
4. Situation: Identifies the main problem(s). [Rubric: 0 = Unable to identify the main problem(s), 1 = Identifies the main problem(s) after extended prompting, 2 = Identifies the main problem(s) with fewer prompts needed, 3 = Identifies and prioritizes the main problem(s) unprompted]
5. Background (history): Gives appropriate history. [Rubric: 0 = History is unstructured or non-relevant, 1 = Relevant history but frequent clarification needed, 2 = Relevant history with few further questions needed, 3 = Comprehensive focused history]
6. Background (examination): Gives appropriate examination/observations. [Rubric: 0 = Observations are omitted or irrelevant, 1 = Observations reported but frequent clarification needed, 2 = Observations reported with few further questions needed, 3 = Comprehensive focused examination/observations]
7. Assessment: Makes logical assessment (correlates problem, history, exam, context). [Rubric: 0 = No logical assessment, 1 = Assessment only after extended questioning, 2 = Assessment after minimal questioning, 3 = Comprehensive logical assessment without questioning]
8. Recommendation (clear recommendation): Makes a clear recommendation. [Rubric: 0 = No recommendation, 1 = Clear recommendation only after extended questioning, 2 = Clear recommendation after minimal questioning, 3 = Clear comprehensive recommendation without questioning]
9. Recommendation (global rating scale): Global Rating Scale (GRS) - How confident am I that I received an accurate picture of the patient? [Rubric: 0 = Not at all confident, 1 = Confident but required extended questioning, 2 = Confident but required some further questioning, 3 = Confident and required little or no questioning]
10. Comments: Comments on the session. [Open-ended]

Responses:
--------------------

Respondent 16:
  Date: 2025-05-02
  SessionName: I - MI
  Identification: 3
  Situation: 3
  Background (history): 3
  Background (examination): 3
  Assessment: 3
  Recommendation (clear recommendation): 2
  Recommendation (global rating scale): 3
  Comments: Consent denied for video recordings
Satisfactory

Respondent 5:
  Date: 2025-05-04
  SessionName: II - Anaphylaxsis
  Identification: 3
  Situation: 3
  Background (history): 3
  Background (examination): 3
  Assessment: 3
  Recommendation (clear recommendation): 2
  Recommendation (global rating scale): 3
  Comments: Good clear and precise clinical handover
Good

Respondent 3:
  Date: 2025-04-04
  SessionName: III-Sepsis
  Identification: 0
  Situation: 2
  Background (history): 3
  Background (examination): 3
  Assessment: 3
  Recommendation (clear recommendation): 3
  Recommendation (global rating scale): 3
  Comments: The patient/simulation is not oriented in TPP.
Clear communication between Reg and colleague during handover

Respondent 6:
  Date: 2025-04-04
  SessionName: II (Anaphylactic Shock)
  Identification: 3
  Situation: 2
  Background (history): 3
  Background (examination): 3
  Assessment: 2
  Recommendation (clear recommendation): 2
  Recommendation (global rating scale): 3
  Comments: 

Respondent 14:
  Date: 2025-03-14
  SessionName: IV-Hypoglycemia
  Identification: 3
  Situation: 3
  Background (history): 2
  Background (examination): 2
  Assessment: 3
  Recommendation (clear recommendation): 1
  Recommendation (global rating scale): 2
  Comments: Time: (2:36-2:53)
Late response for considering consultation

Respondent 9:
  Date: 2025-05-04
  SessionName: II (Anaphylaxsis)
  Identification: 3
  Situation: 3
  Background (history): 2
  Background (examination): 2
  Assessment: 2
  Recommendation (clear recommendation): 3
  Recommendation (global rating scale): 2
  Comments: Overall a bit unclear communication reflected

Respondent 19:
  Date: 2025-05-16
  SessionName: I - MI
  Identification: 3
  Situation: 3
  Background (history): 3
  Background (examination): 3
  Assessment: 2
  Recommendation (clear recommendation): 3
  Recommendation (global rating scale): 3
  Comments: Wrong CPR position
Clarity is a bit low over whole case scenario
Satisfactory

Respondent 10:
  Date: 2025-03-14
  SessionName: (MI)-VT
  Identification: 2
  Situation: 2
  Background (history): 2
  Background (examination): 2
  Assessment: 2
  Recommendation (clear recommendation): 2
  Recommendation (global rating scale): 2
  Comments: Time: (15:53-16:14)

Respondent 8:
  Date: 2025-05-02
  SessionName: III (Sepsis)
  Identification: 3
  Situation: 3
  Background (history): 3
  Background (examination): 2
  Assessment: 2
  Recommendation (clear recommendation): 2
  Recommendation (global rating scale): 3
  Comments: Clear communication during handover
Good

""","""['16', '5', '6', '14', '10']""","""<example>
List all respondents from the '(MI)-VT' session whose 'Recommendation (global rating scale)' is exactly 0.

DATA:

Survey Data
==================================================

Questions:
1. Date: What is the date of the session? [Open-ended]
2. SessionName: What is the name of the session? [Open-ended]
3. Identification: Identification of self, role, and patient. [Rubric: 0 = Requires direct prompting, 1 = Introduces themselves but only after a hint, 2 = Introduces themselves but information is incomplete, 3 = Introduces themselves and information is complete]
4. Situation: Identifies the main problem(s). [Rubric: 0 = Unable to identify the main problem(s), 1 = Identifies the main problem(s) after extended prompting, 2 = Identifies the main problem(s) with fewer prompts needed, 3 = Identifies and prioritizes the main problem(s) unprompted]
5. Background (history): Gives appropriate history. [Rubric: 0 = History is unstructured or non-relevant, 1 = Relevant history but frequent clarification needed, 2 = Relevant history with few further questions needed, 3 = Comprehensive focused history]
6. Background (examination): Gives appropriate examination/observations. [Rubric: 0 = Observations are omitted or irrelevant, 1 = Observations reported but frequent clarification needed, 2 = Observations reported with few further questions needed, 3 = Comprehensive focused examination/observations]
7. Assessment: Makes logical assessment (correlates problem, history, exam, context). [Rubric: 0 = No logical assessment, 1 = Assessment only after extended questioning, 2 = Assessment after minimal questioning, 3 = Comprehensive logical assessment without questioning]
8. Recommendation (clear recommendation): Makes a clear recommendation. [Rubric: 0 = No recommendation, 1 = Clear recommendation only after extended questioning, 2 = Clear recommendation after minimal questioning, 3 = Clear comprehensive recommendation without questioning]
9. Recommendation (global rating scale): Global Rating Scale (GRS) - How confident am I that I received an accurate picture of the patient? [Rubric: 0 = Not at all confident, 1 = Confident but required extended questioning, 2 = Confident but required some further questioning, 3 = Confident and required little or no questioning]
10. Comments: Comments on the session. [Open-ended]

Responses:
--------------------

Respondent 16:
  Date: 2025-05-02
  SessionName: I - MI
  Identification: 3
  Situation: 3
  Background (history): 3
  Background (examination): 3
  Assessment: 3
  Recommendation (clear recommendation): 2
  Recommendation (global rating scale): 3
  Comments: Consent denied for video recordings
Satisfactory

Respondent 5:
  Date: 2025-05-04
  SessionName: II - Anaphylaxsis
  Identification: 3
  Situation: 3
  Background (history): 3
  Background (examination): 3
  Assessment: 3
  Recommendation (clear recommendation): 2
  Recommendation (global rating scale): 3
  Comments: Good clear and precise clinical handover
Good

Respondent 3:
  Date: 2025-04-04
  SessionName: III-Sepsis
  Identification: 0
  Situation: 2
  Background (history): 3
  Background (examination): 3
  Assessment: 3
  Recommendation (clear recommendation): 3
  Recommendation (global rating scale): 3
  Comments: The patient/simulation is not oriented in TPP.
Clear communication between Reg and colleague during handover

Respondent 6:
  Date: 2025-04-04
  SessionName: II (Anaphylactic Shock)
  Identification: 3
  Situation: 2
  Background (history): 3
  Background (examination): 3
  Assessment: 2
  Recommendation (clear recommendation): 2
  Recommendation (global rating scale): 3
  Comments: 

Respondent 14:
  Date: 2025-03-14
  SessionName: IV-Hypoglycemia
  Identification: 3
  Situation: 3
  Background (history): 2
  Background (examination): 2
  Assessment: 3
  Recommendation (clear recommendation): 1
  Recommendation (global rating scale): 2
  Comments: Time: (2:36-2:53)
Late response for considering consultation

Respondent 9:
  Date: 2025-05-04
  SessionName: II (Anaphylaxsis)
  Identification: 3
  Situation: 3
  Background (history): 2
  Background (examination): 2
  Assessment: 2
  Recommendation (clear recommendation): 3
  Recommendation (global rating scale): 2
  Comments: Overall a bit unclear communication reflected

Respondent 19:
  Date: 2025-05-16
  SessionName: I - MI
  Identification: 3
  Situation: 3
  Background (history): 3
  Background (examination): 3
  Assessment: 2
  Recommendation (clear recommendation): 3
  Recommendation (global rating scale): 3
  Comments: Wrong CPR position
Clarity is a bit low over whole case scenario
Satisfactory

Respondent 10:
  Date: 2025-03-14
  SessionName: (MI)-VT
  Identification: 2
  Situation: 2
  Background (history): 2
  Background (examination): 2
  Assessment: 2
  Recommendation (clear recommendation): 2
  Recommendation (global rating scale): 2
  Comments: Time: (15:53-16:14)

Respondent 8:
  Date: 2025-05-02
  SessionName: III (Sepsis)
  Identification: 3
  Situation: 3
  Background (history): 3
  Background (examination): 2
  Assessment: 2
  Recommendation (clear recommendation): 2
  Recommendation (global rating scale): 3
  Comments: Clear communication during handover
Good



Answer: []
</example>

<questionnaire>
Survey Data
==================================================

Questions:
1. Date: What is the date of the session? [Open-ended]
2. SessionName: What is the name of the session? [Open-ended]
3. Identification: Identification of self, role, and patient. [Rubric: 0 = Requires direct prompting, 1 = Introduces themselves but only after a hint, 2 = Introduces themselves but information is incomplete, 3 = Introduces themselves and information is complete]
4. Situation: Identifies the main problem(s). [Rubric: 0 = Unable to identify the main problem(s), 1 = Identifies the main problem(s) after extended prompting, 2 = Identifies the main problem(s) with fewer prompts needed, 3 = Identifies and prioritizes the main problem(s) unprompted]
5. Background (history): Gives appropriate history. [Rubric: 0 = History is unstructured or non-relevant, 1 = Relevant history but frequent clarification needed, 2 = Relevant history with few further questions needed, 3 = Comprehensive focused history]
6. Background (examination): Gives appropriate examination/observations. [Rubric: 0 = Observations are omitted or irrelevant, 1 = Observations reported but frequent clarification needed, 2 = Observations reported with few further questions needed, 3 = Comprehensive focused examination/observations]
7. Assessment: Makes logical assessment (correlates problem, history, exam, context). [Rubric: 0 = No logical assessment, 1 = Assessment only after extended questioning, 2 = Assessment after minimal questioning, 3 = Comprehensive logical assessment without questioning]
8. Recommendation (clear recommendation): Makes a clear recommendation. [Rubric: 0 = No recommendation, 1 = Clear recommendation only after extended questioning, 2 = Clear recommendation after minimal questioning, 3 = Clear comprehensive recommendation without questioning]
9. Recommendation (global rating scale): Global Rating Scale (GRS) - How confident am I that I received an accurate picture of the patient? [Rubric: 0 = Not at all confident, 1 = Confident but required extended questioning, 2 = Confident but required some further questioning, 3 = Confident and required little or no questioning]
10. Comments: Comments on the session. [Open-ended]

Responses:
--------------------

Respondent 16:
  Date: 2025-05-02
  SessionName: I - MI
  Identification: 3
  Situation: 3
  Background (history): 3
  Background (examination): 3
  Assessment: 3
  Recommendation (clear recommendation): 2
  Recommendation (global rating scale): 3
  Comments: Consent denied for video recordings
Satisfactory

Respondent 5:
  Date: 2025-05-04
  SessionName: II - Anaphylaxsis
  Identification: 3
  Situation: 3
  Background (history): 3
  Background (examination): 3
  Assessment: 3
  Recommendation (clear recommendation): 2
  Recommendation (global rating scale): 3
  Comments: Good clear and precise clinical handover
Good

Respondent 3:
  Date: 2025-04-04
  SessionName: III-Sepsis
  Identification: 0
  Situation: 2
  Background (history): 3
  Background (examination): 3
  Assessment: 3
  Recommendation (clear recommendation): 3
  Recommendation (global rating scale): 3
  Comments: The patient/simulation is not oriented in TPP.
Clear communication between Reg and colleague during handover

Respondent 6:
  Date: 2025-04-04
  SessionName: II (Anaphylactic Shock)
  Identification: 3
  Situation: 2
  Background (history): 3
  Background (examination): 3
  Assessment: 2
  Recommendation (clear recommendation): 2
  Recommendation (global rating scale): 3
  Comments: 

Respondent 14:
  Date: 2025-03-14
  SessionName: IV-Hypoglycemia
  Identification: 3
  Situation: 3
  Background (history): 2
  Background (examination): 2
  Assessment: 3
  Recommendation (clear recommendation): 1
  Recommendation (global rating scale): 2
  Comments: Time: (2:36-2:53)
Late response for considering consultation

Respondent 9:
  Date: 2025-05-04
  SessionName: II (Anaphylaxsis)
  Identification: 3
  Situation: 3
  Background (history): 2
  Background (examination): 2
  Assessment: 2
  Recommendation (clear recommendation): 3
  Recommendation (global rating scale): 2
  Comments: Overall a bit unclear communication reflected

Respondent 19:
  Date: 2025-05-16
  SessionName: I - MI
  Identification: 3
  Situation: 3
  Background (history): 3
  Background (examination): 3
  Assessment: 2
  Recommendation (clear recommendation): 3
  Recommendation (global rating scale): 3
  Comments: Wrong CPR position
Clarity is a bit low over whole case scenario
Satisfactory

Respondent 10:
  Date: 2025-03-14
  SessionName: (MI)-VT
  Identification: 2
  Situation: 2
  Background (history): 2
  Background (examination): 2
  Assessment: 2
  Recommendation (clear recommendation): 2
  Recommendation (global rating scale): 2
  Comments: Time: (15:53-16:14)

Respondent 8:
  Date: 2025-05-02
  SessionName: III (Sepsis)
  Identification: 3
  Situation: 3
  Background (history): 3
  Background (examination): 2
  Assessment: 2
  Recommendation (clear recommendation): 2
  Recommendation (global rating scale): 3
  Comments: Clear communication during handover
Good


</questionnaire>

You are a meticulous data analyst AI. Your primary function is to accurately analyze structured data and provide precise, verifiable answers.

You will be given a dataset with two key parts:

A 'questions' section: This is your data dictionary or schema. It is the single source of truth for understanding what each field and score means. Refer to it carefully.

A 'responses' section: This contains the raw data from each individual respondent.

To answer the question correctly, you must first use the 'questions' schema to fully understand the context and meaning of the data points within the 'responses'. Do not rely on any prior knowledge outside of this provided data. Base your entire analysis on the information given.

Provide your final answer directly and concisely. Output must be the human-readable value, not an option code.

Rules:
- For MCQ fields, map any letter codes in the Responses (case-insensitive) to the corresponding option text from the Questions schema, and output only that text. Do NOT include the letter or both.
  Example: If the schema is """"[MCQ: A. Abnormal B. Inconclusive C. Normal]"""" and the response is """"a"""", output """"Abnormal"""".
- For open-ended fields, output the exact text value.
- If the question asks for a count, provide only the number (e.g., """"42"""").
- If the question asks for a list of names or IDs, provide a simple comma-separated list (e.g., """"17, 21, 23"""").
- Preserve capitalization exactly as in the schema (e.g., output """"Abnormal"""", not """"abnormal"""" or """"A"""").

<task>
List all respondents whose 'Assessment' score is equal to their 'Situation' score.
</task>""","16, 5, 6, 14, 10",False
case_30,rule_based_querying,Which respondents from sessions on '2025-05-04' have a 'Recommendation (clear recommendation)' of 2 and a 'Situation' of less than 2?,"""Survey Data
==================================================

Questions:
1. Date: What is the date of the session? [Open-ended]
2. SessionName: What is the name of the session? [Open-ended]
3. Identification: Identification of self, role, and patient. [Rubric: 0 = Requires direct prompting, 1 = Introduces themselves but only after a hint, 2 = Introduces themselves but information is incomplete, 3 = Introduces themselves and information is complete]
4. Situation: Identifies the main problem(s). [Rubric: 0 = Unable to identify the main problem(s), 1 = Identifies the main problem(s) after extended prompting, 2 = Identifies the main problem(s) with fewer prompts needed, 3 = Identifies and prioritizes the main problem(s) unprompted]
5. Background (history): Gives appropriate history. [Rubric: 0 = History is unstructured or non-relevant, 1 = Relevant history but frequent clarification needed, 2 = Relevant history with few further questions needed, 3 = Comprehensive focused history]
6. Background (examination): Gives appropriate examination/observations. [Rubric: 0 = Observations are omitted or irrelevant, 1 = Observations reported but frequent clarification needed, 2 = Observations reported with few further questions needed, 3 = Comprehensive focused examination/observations]
7. Assessment: Makes logical assessment (correlates problem, history, exam, context). [Rubric: 0 = No logical assessment, 1 = Assessment only after extended questioning, 2 = Assessment after minimal questioning, 3 = Comprehensive logical assessment without questioning]
8. Recommendation (clear recommendation): Makes a clear recommendation. [Rubric: 0 = No recommendation, 1 = Clear recommendation only after extended questioning, 2 = Clear recommendation after minimal questioning, 3 = Clear comprehensive recommendation without questioning]
9. Recommendation (global rating scale): Global Rating Scale (GRS) - How confident am I that I received an accurate picture of the patient? [Rubric: 0 = Not at all confident, 1 = Confident but required extended questioning, 2 = Confident but required some further questioning, 3 = Confident and required little or no questioning]
10. Comments: Comments on the session. [Open-ended]

Responses:
--------------------

Respondent 12:
  Date: 2025-05-02
  SessionName: II (Anaphylaxis)
  Identification: 3
  Situation: 3
  Background (history): 3
  Background (examination): 3
  Assessment: 2
  Recommendation (clear recommendation): 3
  Recommendation (global rating scale): 3
  Comments: Good

Respondent 9:
  Date: 2025-05-04
  SessionName: II (Anaphylaxsis)
  Identification: 3
  Situation: 3
  Background (history): 2
  Background (examination): 2
  Assessment: 2
  Recommendation (clear recommendation): 3
  Recommendation (global rating scale): 2
  Comments: Overall a bit unclear communication reflected

Respondent 8:
  Date: 2025-05-02
  SessionName: III (Sepsis)
  Identification: 3
  Situation: 3
  Background (history): 3
  Background (examination): 2
  Assessment: 2
  Recommendation (clear recommendation): 2
  Recommendation (global rating scale): 3
  Comments: Clear communication during handover
Good

Respondent 16:
  Date: 2025-05-02
  SessionName: I - MI
  Identification: 3
  Situation: 3
  Background (history): 3
  Background (examination): 3
  Assessment: 3
  Recommendation (clear recommendation): 2
  Recommendation (global rating scale): 3
  Comments: Consent denied for video recordings
Satisfactory

Respondent 7:
  Date: 2025-03-14
  SessionName: III-Sepsis
  Identification: 3
  Situation: 3
  Background (history): 2
  Background (examination): 3
  Assessment: 2
  Recommendation (clear recommendation): 2
  Recommendation (global rating scale): 2
  Comments: Time: (1:00-1:17)

Respondent 15:
  Date: 2025-05-04
  SessionName: III - Sepsis
  Identification: 3
  Situation: 3
  Background (history): 2
  Background (examination): 3
  Assessment: 2
  Recommendation (clear recommendation): 2
  Recommendation (global rating scale): 2
  Comments: Detailed Response - clear communication

""",[],"""<example>
List all respondents from the '(MI)-VT' session whose 'Recommendation (global rating scale)' is exactly 0.

DATA:

Survey Data
==================================================

Questions:
1. Date: What is the date of the session? [Open-ended]
2. SessionName: What is the name of the session? [Open-ended]
3. Identification: Identification of self, role, and patient. [Rubric: 0 = Requires direct prompting, 1 = Introduces themselves but only after a hint, 2 = Introduces themselves but information is incomplete, 3 = Introduces themselves and information is complete]
4. Situation: Identifies the main problem(s). [Rubric: 0 = Unable to identify the main problem(s), 1 = Identifies the main problem(s) after extended prompting, 2 = Identifies the main problem(s) with fewer prompts needed, 3 = Identifies and prioritizes the main problem(s) unprompted]
5. Background (history): Gives appropriate history. [Rubric: 0 = History is unstructured or non-relevant, 1 = Relevant history but frequent clarification needed, 2 = Relevant history with few further questions needed, 3 = Comprehensive focused history]
6. Background (examination): Gives appropriate examination/observations. [Rubric: 0 = Observations are omitted or irrelevant, 1 = Observations reported but frequent clarification needed, 2 = Observations reported with few further questions needed, 3 = Comprehensive focused examination/observations]
7. Assessment: Makes logical assessment (correlates problem, history, exam, context). [Rubric: 0 = No logical assessment, 1 = Assessment only after extended questioning, 2 = Assessment after minimal questioning, 3 = Comprehensive logical assessment without questioning]
8. Recommendation (clear recommendation): Makes a clear recommendation. [Rubric: 0 = No recommendation, 1 = Clear recommendation only after extended questioning, 2 = Clear recommendation after minimal questioning, 3 = Clear comprehensive recommendation without questioning]
9. Recommendation (global rating scale): Global Rating Scale (GRS) - How confident am I that I received an accurate picture of the patient? [Rubric: 0 = Not at all confident, 1 = Confident but required extended questioning, 2 = Confident but required some further questioning, 3 = Confident and required little or no questioning]
10. Comments: Comments on the session. [Open-ended]

Responses:
--------------------

Respondent 12:
  Date: 2025-05-02
  SessionName: II (Anaphylaxis)
  Identification: 3
  Situation: 3
  Background (history): 3
  Background (examination): 3
  Assessment: 2
  Recommendation (clear recommendation): 3
  Recommendation (global rating scale): 3
  Comments: Good

Respondent 9:
  Date: 2025-05-04
  SessionName: II (Anaphylaxsis)
  Identification: 3
  Situation: 3
  Background (history): 2
  Background (examination): 2
  Assessment: 2
  Recommendation (clear recommendation): 3
  Recommendation (global rating scale): 2
  Comments: Overall a bit unclear communication reflected

Respondent 8:
  Date: 2025-05-02
  SessionName: III (Sepsis)
  Identification: 3
  Situation: 3
  Background (history): 3
  Background (examination): 2
  Assessment: 2
  Recommendation (clear recommendation): 2
  Recommendation (global rating scale): 3
  Comments: Clear communication during handover
Good

Respondent 16:
  Date: 2025-05-02
  SessionName: I - MI
  Identification: 3
  Situation: 3
  Background (history): 3
  Background (examination): 3
  Assessment: 3
  Recommendation (clear recommendation): 2
  Recommendation (global rating scale): 3
  Comments: Consent denied for video recordings
Satisfactory

Respondent 7:
  Date: 2025-03-14
  SessionName: III-Sepsis
  Identification: 3
  Situation: 3
  Background (history): 2
  Background (examination): 3
  Assessment: 2
  Recommendation (clear recommendation): 2
  Recommendation (global rating scale): 2
  Comments: Time: (1:00-1:17)

Respondent 15:
  Date: 2025-05-04
  SessionName: III - Sepsis
  Identification: 3
  Situation: 3
  Background (history): 2
  Background (examination): 3
  Assessment: 2
  Recommendation (clear recommendation): 2
  Recommendation (global rating scale): 2
  Comments: Detailed Response - clear communication



Answer: []
</example>

<questionnaire>
Survey Data
==================================================

Questions:
1. Date: What is the date of the session? [Open-ended]
2. SessionName: What is the name of the session? [Open-ended]
3. Identification: Identification of self, role, and patient. [Rubric: 0 = Requires direct prompting, 1 = Introduces themselves but only after a hint, 2 = Introduces themselves but information is incomplete, 3 = Introduces themselves and information is complete]
4. Situation: Identifies the main problem(s). [Rubric: 0 = Unable to identify the main problem(s), 1 = Identifies the main problem(s) after extended prompting, 2 = Identifies the main problem(s) with fewer prompts needed, 3 = Identifies and prioritizes the main problem(s) unprompted]
5. Background (history): Gives appropriate history. [Rubric: 0 = History is unstructured or non-relevant, 1 = Relevant history but frequent clarification needed, 2 = Relevant history with few further questions needed, 3 = Comprehensive focused history]
6. Background (examination): Gives appropriate examination/observations. [Rubric: 0 = Observations are omitted or irrelevant, 1 = Observations reported but frequent clarification needed, 2 = Observations reported with few further questions needed, 3 = Comprehensive focused examination/observations]
7. Assessment: Makes logical assessment (correlates problem, history, exam, context). [Rubric: 0 = No logical assessment, 1 = Assessment only after extended questioning, 2 = Assessment after minimal questioning, 3 = Comprehensive logical assessment without questioning]
8. Recommendation (clear recommendation): Makes a clear recommendation. [Rubric: 0 = No recommendation, 1 = Clear recommendation only after extended questioning, 2 = Clear recommendation after minimal questioning, 3 = Clear comprehensive recommendation without questioning]
9. Recommendation (global rating scale): Global Rating Scale (GRS) - How confident am I that I received an accurate picture of the patient? [Rubric: 0 = Not at all confident, 1 = Confident but required extended questioning, 2 = Confident but required some further questioning, 3 = Confident and required little or no questioning]
10. Comments: Comments on the session. [Open-ended]

Responses:
--------------------

Respondent 12:
  Date: 2025-05-02
  SessionName: II (Anaphylaxis)
  Identification: 3
  Situation: 3
  Background (history): 3
  Background (examination): 3
  Assessment: 2
  Recommendation (clear recommendation): 3
  Recommendation (global rating scale): 3
  Comments: Good

Respondent 9:
  Date: 2025-05-04
  SessionName: II (Anaphylaxsis)
  Identification: 3
  Situation: 3
  Background (history): 2
  Background (examination): 2
  Assessment: 2
  Recommendation (clear recommendation): 3
  Recommendation (global rating scale): 2
  Comments: Overall a bit unclear communication reflected

Respondent 8:
  Date: 2025-05-02
  SessionName: III (Sepsis)
  Identification: 3
  Situation: 3
  Background (history): 3
  Background (examination): 2
  Assessment: 2
  Recommendation (clear recommendation): 2
  Recommendation (global rating scale): 3
  Comments: Clear communication during handover
Good

Respondent 16:
  Date: 2025-05-02
  SessionName: I - MI
  Identification: 3
  Situation: 3
  Background (history): 3
  Background (examination): 3
  Assessment: 3
  Recommendation (clear recommendation): 2
  Recommendation (global rating scale): 3
  Comments: Consent denied for video recordings
Satisfactory

Respondent 7:
  Date: 2025-03-14
  SessionName: III-Sepsis
  Identification: 3
  Situation: 3
  Background (history): 2
  Background (examination): 3
  Assessment: 2
  Recommendation (clear recommendation): 2
  Recommendation (global rating scale): 2
  Comments: Time: (1:00-1:17)

Respondent 15:
  Date: 2025-05-04
  SessionName: III - Sepsis
  Identification: 3
  Situation: 3
  Background (history): 2
  Background (examination): 3
  Assessment: 2
  Recommendation (clear recommendation): 2
  Recommendation (global rating scale): 2
  Comments: Detailed Response - clear communication


</questionnaire>

You are a meticulous data analyst AI. Your primary function is to accurately analyze structured data and provide precise, verifiable answers.

You will be given a dataset with two key parts:

A 'questions' section: This is your data dictionary or schema. It is the single source of truth for understanding what each field and score means. Refer to it carefully.

A 'responses' section: This contains the raw data from each individual respondent.

To answer the question correctly, you must first use the 'questions' schema to fully understand the context and meaning of the data points within the 'responses'. Do not rely on any prior knowledge outside of this provided data. Base your entire analysis on the information given.

Provide your final answer directly and concisely. Output must be the human-readable value, not an option code.

Rules:
- For MCQ fields, map any letter codes in the Responses (case-insensitive) to the corresponding option text from the Questions schema, and output only that text. Do NOT include the letter or both.
  Example: If the schema is """"[MCQ: A. Abnormal B. Inconclusive C. Normal]"""" and the response is """"a"""", output """"Abnormal"""".
- For open-ended fields, output the exact text value.
- If the question asks for a count, provide only the number (e.g., """"42"""").
- If the question asks for a list of names or IDs, provide a simple comma-separated list (e.g., """"17, 21, 23"""").
- Preserve capitalization exactly as in the schema (e.g., output """"Abnormal"""", not """"abnormal"""" or """"A"""").

<task>
Which respondents from sessions on '2025-05-04' have a 'Recommendation (clear recommendation)' of 2 and a 'Situation' of less than 2?
</task>""",,False
case_31,rule_based_querying,Which respondents from sessions on '2025-05-16' have a 'Background (history)' of 3 and a 'Background (examination)' of less than 2?,"""Survey Data
==================================================

Questions:
1. Date: What is the date of the session? [Open-ended]
2. SessionName: What is the name of the session? [Open-ended]
3. Identification: Identification of self, role, and patient. [Rubric: 0 = Requires direct prompting, 1 = Introduces themselves but only after a hint, 2 = Introduces themselves but information is incomplete, 3 = Introduces themselves and information is complete]
4. Situation: Identifies the main problem(s). [Rubric: 0 = Unable to identify the main problem(s), 1 = Identifies the main problem(s) after extended prompting, 2 = Identifies the main problem(s) with fewer prompts needed, 3 = Identifies and prioritizes the main problem(s) unprompted]
5. Background (history): Gives appropriate history. [Rubric: 0 = History is unstructured or non-relevant, 1 = Relevant history but frequent clarification needed, 2 = Relevant history with few further questions needed, 3 = Comprehensive focused history]
6. Background (examination): Gives appropriate examination/observations. [Rubric: 0 = Observations are omitted or irrelevant, 1 = Observations reported but frequent clarification needed, 2 = Observations reported with few further questions needed, 3 = Comprehensive focused examination/observations]
7. Assessment: Makes logical assessment (correlates problem, history, exam, context). [Rubric: 0 = No logical assessment, 1 = Assessment only after extended questioning, 2 = Assessment after minimal questioning, 3 = Comprehensive logical assessment without questioning]
8. Recommendation (clear recommendation): Makes a clear recommendation. [Rubric: 0 = No recommendation, 1 = Clear recommendation only after extended questioning, 2 = Clear recommendation after minimal questioning, 3 = Clear comprehensive recommendation without questioning]
9. Recommendation (global rating scale): Global Rating Scale (GRS) - How confident am I that I received an accurate picture of the patient? [Rubric: 0 = Not at all confident, 1 = Confident but required extended questioning, 2 = Confident but required some further questioning, 3 = Confident and required little or no questioning]
10. Comments: Comments on the session. [Open-ended]

Responses:
--------------------

Respondent 5:
  Date: 2025-05-04
  SessionName: II - Anaphylaxsis
  Identification: 3
  Situation: 3
  Background (history): 3
  Background (examination): 3
  Assessment: 3
  Recommendation (clear recommendation): 2
  Recommendation (global rating scale): 3
  Comments: Good clear and precise clinical handover
Good

Respondent 10:
  Date: 2025-03-14
  SessionName: (MI)-VT
  Identification: 2
  Situation: 2
  Background (history): 2
  Background (examination): 2
  Assessment: 2
  Recommendation (clear recommendation): 2
  Recommendation (global rating scale): 2
  Comments: Time: (15:53-16:14)

Respondent 1:
  Date: 2025-05-02
  SessionName: V (Hypoglycemia)
  Identification: -1
  Situation: 2
  Background (history): 2
  Background (examination): 2
  Assessment: 3
  Recommendation (clear recommendation): 2
  Recommendation (global rating scale): 2
  Comments: Satisfactory

Respondent 13:
  Date: 2025-03-14
  SessionName: I-VF
  Identification: 3
  Situation: 3
  Background (history): 2
  Background (examination): 1
  Assessment: 2
  Recommendation (clear recommendation): 2
  Recommendation (global rating scale): 2
  Comments: Time: (10:29-10:54)
Ventricular fibrillation (CVS)
Lack of communication btween 2 main interns
Further brief to patient, ask patent concerns

Respondent 11:
  Date: 2025-04-04
  SessionName: IV (AF)
  Identification: 3
  Situation: 3
  Background (history): 3
  Background (examination): 3
  Assessment: 3
  Recommendation (clear recommendation): 3
  Recommendation (global rating scale): 3
  Comments: Clear communication and handover

Respondent 20:
  Date: 2025-05-02
  SessionName: IV (VT)
  Identification: 3
  Situation: 3
  Background (history): 2
  Background (examination): -1
  Assessment: 3
  Recommendation (clear recommendation): 2
  Recommendation (global rating scale): 3
  Comments: Good

Respondent 19:
  Date: 2025-05-16
  SessionName: I - MI
  Identification: 3
  Situation: 3
  Background (history): 3
  Background (examination): 3
  Assessment: 2
  Recommendation (clear recommendation): 3
  Recommendation (global rating scale): 3
  Comments: Wrong CPR position
Clarity is a bit low over whole case scenario
Satisfactory

Respondent 15:
  Date: 2025-05-04
  SessionName: III - Sepsis
  Identification: 3
  Situation: 3
  Background (history): 2
  Background (examination): 3
  Assessment: 2
  Recommendation (clear recommendation): 2
  Recommendation (global rating scale): 2
  Comments: Detailed Response - clear communication

""",[],"""<example>
List all respondents from the '(MI)-VT' session whose 'Recommendation (global rating scale)' is exactly 0.

DATA:

Survey Data
==================================================

Questions:
1. Date: What is the date of the session? [Open-ended]
2. SessionName: What is the name of the session? [Open-ended]
3. Identification: Identification of self, role, and patient. [Rubric: 0 = Requires direct prompting, 1 = Introduces themselves but only after a hint, 2 = Introduces themselves but information is incomplete, 3 = Introduces themselves and information is complete]
4. Situation: Identifies the main problem(s). [Rubric: 0 = Unable to identify the main problem(s), 1 = Identifies the main problem(s) after extended prompting, 2 = Identifies the main problem(s) with fewer prompts needed, 3 = Identifies and prioritizes the main problem(s) unprompted]
5. Background (history): Gives appropriate history. [Rubric: 0 = History is unstructured or non-relevant, 1 = Relevant history but frequent clarification needed, 2 = Relevant history with few further questions needed, 3 = Comprehensive focused history]
6. Background (examination): Gives appropriate examination/observations. [Rubric: 0 = Observations are omitted or irrelevant, 1 = Observations reported but frequent clarification needed, 2 = Observations reported with few further questions needed, 3 = Comprehensive focused examination/observations]
7. Assessment: Makes logical assessment (correlates problem, history, exam, context). [Rubric: 0 = No logical assessment, 1 = Assessment only after extended questioning, 2 = Assessment after minimal questioning, 3 = Comprehensive logical assessment without questioning]
8. Recommendation (clear recommendation): Makes a clear recommendation. [Rubric: 0 = No recommendation, 1 = Clear recommendation only after extended questioning, 2 = Clear recommendation after minimal questioning, 3 = Clear comprehensive recommendation without questioning]
9. Recommendation (global rating scale): Global Rating Scale (GRS) - How confident am I that I received an accurate picture of the patient? [Rubric: 0 = Not at all confident, 1 = Confident but required extended questioning, 2 = Confident but required some further questioning, 3 = Confident and required little or no questioning]
10. Comments: Comments on the session. [Open-ended]

Responses:
--------------------

Respondent 5:
  Date: 2025-05-04
  SessionName: II - Anaphylaxsis
  Identification: 3
  Situation: 3
  Background (history): 3
  Background (examination): 3
  Assessment: 3
  Recommendation (clear recommendation): 2
  Recommendation (global rating scale): 3
  Comments: Good clear and precise clinical handover
Good

Respondent 10:
  Date: 2025-03-14
  SessionName: (MI)-VT
  Identification: 2
  Situation: 2
  Background (history): 2
  Background (examination): 2
  Assessment: 2
  Recommendation (clear recommendation): 2
  Recommendation (global rating scale): 2
  Comments: Time: (15:53-16:14)

Respondent 1:
  Date: 2025-05-02
  SessionName: V (Hypoglycemia)
  Identification: -1
  Situation: 2
  Background (history): 2
  Background (examination): 2
  Assessment: 3
  Recommendation (clear recommendation): 2
  Recommendation (global rating scale): 2
  Comments: Satisfactory

Respondent 13:
  Date: 2025-03-14
  SessionName: I-VF
  Identification: 3
  Situation: 3
  Background (history): 2
  Background (examination): 1
  Assessment: 2
  Recommendation (clear recommendation): 2
  Recommendation (global rating scale): 2
  Comments: Time: (10:29-10:54)
Ventricular fibrillation (CVS)
Lack of communication btween 2 main interns
Further brief to patient, ask patent concerns

Respondent 11:
  Date: 2025-04-04
  SessionName: IV (AF)
  Identification: 3
  Situation: 3
  Background (history): 3
  Background (examination): 3
  Assessment: 3
  Recommendation (clear recommendation): 3
  Recommendation (global rating scale): 3
  Comments: Clear communication and handover

Respondent 20:
  Date: 2025-05-02
  SessionName: IV (VT)
  Identification: 3
  Situation: 3
  Background (history): 2
  Background (examination): -1
  Assessment: 3
  Recommendation (clear recommendation): 2
  Recommendation (global rating scale): 3
  Comments: Good

Respondent 19:
  Date: 2025-05-16
  SessionName: I - MI
  Identification: 3
  Situation: 3
  Background (history): 3
  Background (examination): 3
  Assessment: 2
  Recommendation (clear recommendation): 3
  Recommendation (global rating scale): 3
  Comments: Wrong CPR position
Clarity is a bit low over whole case scenario
Satisfactory

Respondent 15:
  Date: 2025-05-04
  SessionName: III - Sepsis
  Identification: 3
  Situation: 3
  Background (history): 2
  Background (examination): 3
  Assessment: 2
  Recommendation (clear recommendation): 2
  Recommendation (global rating scale): 2
  Comments: Detailed Response - clear communication



Answer: []
</example>

<questionnaire>
Survey Data
==================================================

Questions:
1. Date: What is the date of the session? [Open-ended]
2. SessionName: What is the name of the session? [Open-ended]
3. Identification: Identification of self, role, and patient. [Rubric: 0 = Requires direct prompting, 1 = Introduces themselves but only after a hint, 2 = Introduces themselves but information is incomplete, 3 = Introduces themselves and information is complete]
4. Situation: Identifies the main problem(s). [Rubric: 0 = Unable to identify the main problem(s), 1 = Identifies the main problem(s) after extended prompting, 2 = Identifies the main problem(s) with fewer prompts needed, 3 = Identifies and prioritizes the main problem(s) unprompted]
5. Background (history): Gives appropriate history. [Rubric: 0 = History is unstructured or non-relevant, 1 = Relevant history but frequent clarification needed, 2 = Relevant history with few further questions needed, 3 = Comprehensive focused history]
6. Background (examination): Gives appropriate examination/observations. [Rubric: 0 = Observations are omitted or irrelevant, 1 = Observations reported but frequent clarification needed, 2 = Observations reported with few further questions needed, 3 = Comprehensive focused examination/observations]
7. Assessment: Makes logical assessment (correlates problem, history, exam, context). [Rubric: 0 = No logical assessment, 1 = Assessment only after extended questioning, 2 = Assessment after minimal questioning, 3 = Comprehensive logical assessment without questioning]
8. Recommendation (clear recommendation): Makes a clear recommendation. [Rubric: 0 = No recommendation, 1 = Clear recommendation only after extended questioning, 2 = Clear recommendation after minimal questioning, 3 = Clear comprehensive recommendation without questioning]
9. Recommendation (global rating scale): Global Rating Scale (GRS) - How confident am I that I received an accurate picture of the patient? [Rubric: 0 = Not at all confident, 1 = Confident but required extended questioning, 2 = Confident but required some further questioning, 3 = Confident and required little or no questioning]
10. Comments: Comments on the session. [Open-ended]

Responses:
--------------------

Respondent 5:
  Date: 2025-05-04
  SessionName: II - Anaphylaxsis
  Identification: 3
  Situation: 3
  Background (history): 3
  Background (examination): 3
  Assessment: 3
  Recommendation (clear recommendation): 2
  Recommendation (global rating scale): 3
  Comments: Good clear and precise clinical handover
Good

Respondent 10:
  Date: 2025-03-14
  SessionName: (MI)-VT
  Identification: 2
  Situation: 2
  Background (history): 2
  Background (examination): 2
  Assessment: 2
  Recommendation (clear recommendation): 2
  Recommendation (global rating scale): 2
  Comments: Time: (15:53-16:14)

Respondent 1:
  Date: 2025-05-02
  SessionName: V (Hypoglycemia)
  Identification: -1
  Situation: 2
  Background (history): 2
  Background (examination): 2
  Assessment: 3
  Recommendation (clear recommendation): 2
  Recommendation (global rating scale): 2
  Comments: Satisfactory

Respondent 13:
  Date: 2025-03-14
  SessionName: I-VF
  Identification: 3
  Situation: 3
  Background (history): 2
  Background (examination): 1
  Assessment: 2
  Recommendation (clear recommendation): 2
  Recommendation (global rating scale): 2
  Comments: Time: (10:29-10:54)
Ventricular fibrillation (CVS)
Lack of communication btween 2 main interns
Further brief to patient, ask patent concerns

Respondent 11:
  Date: 2025-04-04
  SessionName: IV (AF)
  Identification: 3
  Situation: 3
  Background (history): 3
  Background (examination): 3
  Assessment: 3
  Recommendation (clear recommendation): 3
  Recommendation (global rating scale): 3
  Comments: Clear communication and handover

Respondent 20:
  Date: 2025-05-02
  SessionName: IV (VT)
  Identification: 3
  Situation: 3
  Background (history): 2
  Background (examination): -1
  Assessment: 3
  Recommendation (clear recommendation): 2
  Recommendation (global rating scale): 3
  Comments: Good

Respondent 19:
  Date: 2025-05-16
  SessionName: I - MI
  Identification: 3
  Situation: 3
  Background (history): 3
  Background (examination): 3
  Assessment: 2
  Recommendation (clear recommendation): 3
  Recommendation (global rating scale): 3
  Comments: Wrong CPR position
Clarity is a bit low over whole case scenario
Satisfactory

Respondent 15:
  Date: 2025-05-04
  SessionName: III - Sepsis
  Identification: 3
  Situation: 3
  Background (history): 2
  Background (examination): 3
  Assessment: 2
  Recommendation (clear recommendation): 2
  Recommendation (global rating scale): 2
  Comments: Detailed Response - clear communication


</questionnaire>

You are a meticulous data analyst AI. Your primary function is to accurately analyze structured data and provide precise, verifiable answers.

You will be given a dataset with two key parts:

A 'questions' section: This is your data dictionary or schema. It is the single source of truth for understanding what each field and score means. Refer to it carefully.

A 'responses' section: This contains the raw data from each individual respondent.

To answer the question correctly, you must first use the 'questions' schema to fully understand the context and meaning of the data points within the 'responses'. Do not rely on any prior knowledge outside of this provided data. Base your entire analysis on the information given.

Provide your final answer directly and concisely. Output must be the human-readable value, not an option code.

Rules:
- For MCQ fields, map any letter codes in the Responses (case-insensitive) to the corresponding option text from the Questions schema, and output only that text. Do NOT include the letter or both.
  Example: If the schema is """"[MCQ: A. Abnormal B. Inconclusive C. Normal]"""" and the response is """"a"""", output """"Abnormal"""".
- For open-ended fields, output the exact text value.
- If the question asks for a count, provide only the number (e.g., """"42"""").
- If the question asks for a list of names or IDs, provide a simple comma-separated list (e.g., """"17, 21, 23"""").
- Preserve capitalization exactly as in the schema (e.g., output """"Abnormal"""", not """"abnormal"""" or """"A"""").

<task>
Which respondents from sessions on '2025-05-16' have a 'Background (history)' of 3 and a 'Background (examination)' of less than 2?
</task>""",,False
case_32,rule_based_querying,List all respondents whose 'Background (examination)' score is equal to their 'Recommendation (clear recommendation)' score.,"""Survey Data
==================================================

Questions:
1. Date: What is the date of the session? [Open-ended]
2. SessionName: What is the name of the session? [Open-ended]
3. Identification: Identification of self, role, and patient. [Rubric: 0 = Requires direct prompting, 1 = Introduces themselves but only after a hint, 2 = Introduces themselves but information is incomplete, 3 = Introduces themselves and information is complete]
4. Situation: Identifies the main problem(s). [Rubric: 0 = Unable to identify the main problem(s), 1 = Identifies the main problem(s) after extended prompting, 2 = Identifies the main problem(s) with fewer prompts needed, 3 = Identifies and prioritizes the main problem(s) unprompted]
5. Background (history): Gives appropriate history. [Rubric: 0 = History is unstructured or non-relevant, 1 = Relevant history but frequent clarification needed, 2 = Relevant history with few further questions needed, 3 = Comprehensive focused history]
6. Background (examination): Gives appropriate examination/observations. [Rubric: 0 = Observations are omitted or irrelevant, 1 = Observations reported but frequent clarification needed, 2 = Observations reported with few further questions needed, 3 = Comprehensive focused examination/observations]
7. Assessment: Makes logical assessment (correlates problem, history, exam, context). [Rubric: 0 = No logical assessment, 1 = Assessment only after extended questioning, 2 = Assessment after minimal questioning, 3 = Comprehensive logical assessment without questioning]
8. Recommendation (clear recommendation): Makes a clear recommendation. [Rubric: 0 = No recommendation, 1 = Clear recommendation only after extended questioning, 2 = Clear recommendation after minimal questioning, 3 = Clear comprehensive recommendation without questioning]
9. Recommendation (global rating scale): Global Rating Scale (GRS) - How confident am I that I received an accurate picture of the patient? [Rubric: 0 = Not at all confident, 1 = Confident but required extended questioning, 2 = Confident but required some further questioning, 3 = Confident and required little or no questioning]
10. Comments: Comments on the session. [Open-ended]

Responses:
--------------------

Respondent 14:
  Date: 2025-03-14
  SessionName: IV-Hypoglycemia
  Identification: 3
  Situation: 3
  Background (history): 2
  Background (examination): 2
  Assessment: 3
  Recommendation (clear recommendation): 1
  Recommendation (global rating scale): 2
  Comments: Time: (2:36-2:53)
Late response for considering consultation

Respondent 21:
  Date: 2025-05-16
  SessionName: I (Myocardial infarction)
  Identification: 3
  Situation: 2
  Background (history): 3
  Background (examination): 1
  Assessment: 2
  Recommendation (clear recommendation): 3
  Recommendation (global rating scale): 3
  Comments: Diagnostic clarity is present
Good and early assessment of condition is done

Respondent 20:
  Date: 2025-05-02
  SessionName: IV (VT)
  Identification: 3
  Situation: 3
  Background (history): 2
  Background (examination): -1
  Assessment: 3
  Recommendation (clear recommendation): 2
  Recommendation (global rating scale): 3
  Comments: Good

Respondent 5:
  Date: 2025-05-04
  SessionName: II - Anaphylaxsis
  Identification: 3
  Situation: 3
  Background (history): 3
  Background (examination): 3
  Assessment: 3
  Recommendation (clear recommendation): 2
  Recommendation (global rating scale): 3
  Comments: Good clear and precise clinical handover
Good

Respondent 10:
  Date: 2025-03-14
  SessionName: (MI)-VT
  Identification: 2
  Situation: 2
  Background (history): 2
  Background (examination): 2
  Assessment: 2
  Recommendation (clear recommendation): 2
  Recommendation (global rating scale): 2
  Comments: Time: (15:53-16:14)

Respondent 11:
  Date: 2025-04-04
  SessionName: IV (AF)
  Identification: 3
  Situation: 3
  Background (history): 3
  Background (examination): 3
  Assessment: 3
  Recommendation (clear recommendation): 3
  Recommendation (global rating scale): 3
  Comments: Clear communication and handover

Respondent 7:
  Date: 2025-03-14
  SessionName: III-Sepsis
  Identification: 3
  Situation: 3
  Background (history): 2
  Background (examination): 3
  Assessment: 2
  Recommendation (clear recommendation): 2
  Recommendation (global rating scale): 2
  Comments: Time: (1:00-1:17)

Respondent 16:
  Date: 2025-05-02
  SessionName: I - MI
  Identification: 3
  Situation: 3
  Background (history): 3
  Background (examination): 3
  Assessment: 3
  Recommendation (clear recommendation): 2
  Recommendation (global rating scale): 3
  Comments: Consent denied for video recordings
Satisfactory

Respondent 6:
  Date: 2025-04-04
  SessionName: II (Anaphylactic Shock)
  Identification: 3
  Situation: 2
  Background (history): 3
  Background (examination): 3
  Assessment: 2
  Recommendation (clear recommendation): 2
  Recommendation (global rating scale): 3
  Comments: 

Respondent 3:
  Date: 2025-04-04
  SessionName: III-Sepsis
  Identification: 0
  Situation: 2
  Background (history): 3
  Background (examination): 3
  Assessment: 3
  Recommendation (clear recommendation): 3
  Recommendation (global rating scale): 3
  Comments: The patient/simulation is not oriented in TPP.
Clear communication between Reg and colleague during handover

""","""['10', '11', '3']""","""<example>
List all respondents from the '(MI)-VT' session whose 'Recommendation (global rating scale)' is exactly 0.

DATA:

Survey Data
==================================================

Questions:
1. Date: What is the date of the session? [Open-ended]
2. SessionName: What is the name of the session? [Open-ended]
3. Identification: Identification of self, role, and patient. [Rubric: 0 = Requires direct prompting, 1 = Introduces themselves but only after a hint, 2 = Introduces themselves but information is incomplete, 3 = Introduces themselves and information is complete]
4. Situation: Identifies the main problem(s). [Rubric: 0 = Unable to identify the main problem(s), 1 = Identifies the main problem(s) after extended prompting, 2 = Identifies the main problem(s) with fewer prompts needed, 3 = Identifies and prioritizes the main problem(s) unprompted]
5. Background (history): Gives appropriate history. [Rubric: 0 = History is unstructured or non-relevant, 1 = Relevant history but frequent clarification needed, 2 = Relevant history with few further questions needed, 3 = Comprehensive focused history]
6. Background (examination): Gives appropriate examination/observations. [Rubric: 0 = Observations are omitted or irrelevant, 1 = Observations reported but frequent clarification needed, 2 = Observations reported with few further questions needed, 3 = Comprehensive focused examination/observations]
7. Assessment: Makes logical assessment (correlates problem, history, exam, context). [Rubric: 0 = No logical assessment, 1 = Assessment only after extended questioning, 2 = Assessment after minimal questioning, 3 = Comprehensive logical assessment without questioning]
8. Recommendation (clear recommendation): Makes a clear recommendation. [Rubric: 0 = No recommendation, 1 = Clear recommendation only after extended questioning, 2 = Clear recommendation after minimal questioning, 3 = Clear comprehensive recommendation without questioning]
9. Recommendation (global rating scale): Global Rating Scale (GRS) - How confident am I that I received an accurate picture of the patient? [Rubric: 0 = Not at all confident, 1 = Confident but required extended questioning, 2 = Confident but required some further questioning, 3 = Confident and required little or no questioning]
10. Comments: Comments on the session. [Open-ended]

Responses:
--------------------

Respondent 14:
  Date: 2025-03-14
  SessionName: IV-Hypoglycemia
  Identification: 3
  Situation: 3
  Background (history): 2
  Background (examination): 2
  Assessment: 3
  Recommendation (clear recommendation): 1
  Recommendation (global rating scale): 2
  Comments: Time: (2:36-2:53)
Late response for considering consultation

Respondent 21:
  Date: 2025-05-16
  SessionName: I (Myocardial infarction)
  Identification: 3
  Situation: 2
  Background (history): 3
  Background (examination): 1
  Assessment: 2
  Recommendation (clear recommendation): 3
  Recommendation (global rating scale): 3
  Comments: Diagnostic clarity is present
Good and early assessment of condition is done

Respondent 20:
  Date: 2025-05-02
  SessionName: IV (VT)
  Identification: 3
  Situation: 3
  Background (history): 2
  Background (examination): -1
  Assessment: 3
  Recommendation (clear recommendation): 2
  Recommendation (global rating scale): 3
  Comments: Good

Respondent 5:
  Date: 2025-05-04
  SessionName: II - Anaphylaxsis
  Identification: 3
  Situation: 3
  Background (history): 3
  Background (examination): 3
  Assessment: 3
  Recommendation (clear recommendation): 2
  Recommendation (global rating scale): 3
  Comments: Good clear and precise clinical handover
Good

Respondent 10:
  Date: 2025-03-14
  SessionName: (MI)-VT
  Identification: 2
  Situation: 2
  Background (history): 2
  Background (examination): 2
  Assessment: 2
  Recommendation (clear recommendation): 2
  Recommendation (global rating scale): 2
  Comments: Time: (15:53-16:14)

Respondent 11:
  Date: 2025-04-04
  SessionName: IV (AF)
  Identification: 3
  Situation: 3
  Background (history): 3
  Background (examination): 3
  Assessment: 3
  Recommendation (clear recommendation): 3
  Recommendation (global rating scale): 3
  Comments: Clear communication and handover

Respondent 7:
  Date: 2025-03-14
  SessionName: III-Sepsis
  Identification: 3
  Situation: 3
  Background (history): 2
  Background (examination): 3
  Assessment: 2
  Recommendation (clear recommendation): 2
  Recommendation (global rating scale): 2
  Comments: Time: (1:00-1:17)

Respondent 16:
  Date: 2025-05-02
  SessionName: I - MI
  Identification: 3
  Situation: 3
  Background (history): 3
  Background (examination): 3
  Assessment: 3
  Recommendation (clear recommendation): 2
  Recommendation (global rating scale): 3
  Comments: Consent denied for video recordings
Satisfactory

Respondent 6:
  Date: 2025-04-04
  SessionName: II (Anaphylactic Shock)
  Identification: 3
  Situation: 2
  Background (history): 3
  Background (examination): 3
  Assessment: 2
  Recommendation (clear recommendation): 2
  Recommendation (global rating scale): 3
  Comments: 

Respondent 3:
  Date: 2025-04-04
  SessionName: III-Sepsis
  Identification: 0
  Situation: 2
  Background (history): 3
  Background (examination): 3
  Assessment: 3
  Recommendation (clear recommendation): 3
  Recommendation (global rating scale): 3
  Comments: The patient/simulation is not oriented in TPP.
Clear communication between Reg and colleague during handover



Answer: []
</example>

<questionnaire>
Survey Data
==================================================

Questions:
1. Date: What is the date of the session? [Open-ended]
2. SessionName: What is the name of the session? [Open-ended]
3. Identification: Identification of self, role, and patient. [Rubric: 0 = Requires direct prompting, 1 = Introduces themselves but only after a hint, 2 = Introduces themselves but information is incomplete, 3 = Introduces themselves and information is complete]
4. Situation: Identifies the main problem(s). [Rubric: 0 = Unable to identify the main problem(s), 1 = Identifies the main problem(s) after extended prompting, 2 = Identifies the main problem(s) with fewer prompts needed, 3 = Identifies and prioritizes the main problem(s) unprompted]
5. Background (history): Gives appropriate history. [Rubric: 0 = History is unstructured or non-relevant, 1 = Relevant history but frequent clarification needed, 2 = Relevant history with few further questions needed, 3 = Comprehensive focused history]
6. Background (examination): Gives appropriate examination/observations. [Rubric: 0 = Observations are omitted or irrelevant, 1 = Observations reported but frequent clarification needed, 2 = Observations reported with few further questions needed, 3 = Comprehensive focused examination/observations]
7. Assessment: Makes logical assessment (correlates problem, history, exam, context). [Rubric: 0 = No logical assessment, 1 = Assessment only after extended questioning, 2 = Assessment after minimal questioning, 3 = Comprehensive logical assessment without questioning]
8. Recommendation (clear recommendation): Makes a clear recommendation. [Rubric: 0 = No recommendation, 1 = Clear recommendation only after extended questioning, 2 = Clear recommendation after minimal questioning, 3 = Clear comprehensive recommendation without questioning]
9. Recommendation (global rating scale): Global Rating Scale (GRS) - How confident am I that I received an accurate picture of the patient? [Rubric: 0 = Not at all confident, 1 = Confident but required extended questioning, 2 = Confident but required some further questioning, 3 = Confident and required little or no questioning]
10. Comments: Comments on the session. [Open-ended]

Responses:
--------------------

Respondent 14:
  Date: 2025-03-14
  SessionName: IV-Hypoglycemia
  Identification: 3
  Situation: 3
  Background (history): 2
  Background (examination): 2
  Assessment: 3
  Recommendation (clear recommendation): 1
  Recommendation (global rating scale): 2
  Comments: Time: (2:36-2:53)
Late response for considering consultation

Respondent 21:
  Date: 2025-05-16
  SessionName: I (Myocardial infarction)
  Identification: 3
  Situation: 2
  Background (history): 3
  Background (examination): 1
  Assessment: 2
  Recommendation (clear recommendation): 3
  Recommendation (global rating scale): 3
  Comments: Diagnostic clarity is present
Good and early assessment of condition is done

Respondent 20:
  Date: 2025-05-02
  SessionName: IV (VT)
  Identification: 3
  Situation: 3
  Background (history): 2
  Background (examination): -1
  Assessment: 3
  Recommendation (clear recommendation): 2
  Recommendation (global rating scale): 3
  Comments: Good

Respondent 5:
  Date: 2025-05-04
  SessionName: II - Anaphylaxsis
  Identification: 3
  Situation: 3
  Background (history): 3
  Background (examination): 3
  Assessment: 3
  Recommendation (clear recommendation): 2
  Recommendation (global rating scale): 3
  Comments: Good clear and precise clinical handover
Good

Respondent 10:
  Date: 2025-03-14
  SessionName: (MI)-VT
  Identification: 2
  Situation: 2
  Background (history): 2
  Background (examination): 2
  Assessment: 2
  Recommendation (clear recommendation): 2
  Recommendation (global rating scale): 2
  Comments: Time: (15:53-16:14)

Respondent 11:
  Date: 2025-04-04
  SessionName: IV (AF)
  Identification: 3
  Situation: 3
  Background (history): 3
  Background (examination): 3
  Assessment: 3
  Recommendation (clear recommendation): 3
  Recommendation (global rating scale): 3
  Comments: Clear communication and handover

Respondent 7:
  Date: 2025-03-14
  SessionName: III-Sepsis
  Identification: 3
  Situation: 3
  Background (history): 2
  Background (examination): 3
  Assessment: 2
  Recommendation (clear recommendation): 2
  Recommendation (global rating scale): 2
  Comments: Time: (1:00-1:17)

Respondent 16:
  Date: 2025-05-02
  SessionName: I - MI
  Identification: 3
  Situation: 3
  Background (history): 3
  Background (examination): 3
  Assessment: 3
  Recommendation (clear recommendation): 2
  Recommendation (global rating scale): 3
  Comments: Consent denied for video recordings
Satisfactory

Respondent 6:
  Date: 2025-04-04
  SessionName: II (Anaphylactic Shock)
  Identification: 3
  Situation: 2
  Background (history): 3
  Background (examination): 3
  Assessment: 2
  Recommendation (clear recommendation): 2
  Recommendation (global rating scale): 3
  Comments: 

Respondent 3:
  Date: 2025-04-04
  SessionName: III-Sepsis
  Identification: 0
  Situation: 2
  Background (history): 3
  Background (examination): 3
  Assessment: 3
  Recommendation (clear recommendation): 3
  Recommendation (global rating scale): 3
  Comments: The patient/simulation is not oriented in TPP.
Clear communication between Reg and colleague during handover


</questionnaire>

You are a meticulous data analyst AI. Your primary function is to accurately analyze structured data and provide precise, verifiable answers.

You will be given a dataset with two key parts:

A 'questions' section: This is your data dictionary or schema. It is the single source of truth for understanding what each field and score means. Refer to it carefully.

A 'responses' section: This contains the raw data from each individual respondent.

To answer the question correctly, you must first use the 'questions' schema to fully understand the context and meaning of the data points within the 'responses'. Do not rely on any prior knowledge outside of this provided data. Base your entire analysis on the information given.

Provide your final answer directly and concisely. Output must be the human-readable value, not an option code.

Rules:
- For MCQ fields, map any letter codes in the Responses (case-insensitive) to the corresponding option text from the Questions schema, and output only that text. Do NOT include the letter or both.
  Example: If the schema is """"[MCQ: A. Abnormal B. Inconclusive C. Normal]"""" and the response is """"a"""", output """"Abnormal"""".
- For open-ended fields, output the exact text value.
- If the question asks for a count, provide only the number (e.g., """"42"""").
- If the question asks for a list of names or IDs, provide a simple comma-separated list (e.g., """"17, 21, 23"""").
- Preserve capitalization exactly as in the schema (e.g., output """"Abnormal"""", not """"abnormal"""" or """"A"""").

<task>
List all respondents whose 'Background (examination)' score is equal to their 'Recommendation (clear recommendation)' score.
</task>""","10, 11, 3",False
case_33,rule_based_querying,Find all respondents whose total score for 'Assessment' and 'Background (examination)' is greater than 4.,"""Survey Data
==================================================

Questions:
1. Date: What is the date of the session? [Open-ended]
2. SessionName: What is the name of the session? [Open-ended]
3. Identification: Identification of self, role, and patient. [Rubric: 0 = Requires direct prompting, 1 = Introduces themselves but only after a hint, 2 = Introduces themselves but information is incomplete, 3 = Introduces themselves and information is complete]
4. Situation: Identifies the main problem(s). [Rubric: 0 = Unable to identify the main problem(s), 1 = Identifies the main problem(s) after extended prompting, 2 = Identifies the main problem(s) with fewer prompts needed, 3 = Identifies and prioritizes the main problem(s) unprompted]
5. Background (history): Gives appropriate history. [Rubric: 0 = History is unstructured or non-relevant, 1 = Relevant history but frequent clarification needed, 2 = Relevant history with few further questions needed, 3 = Comprehensive focused history]
6. Background (examination): Gives appropriate examination/observations. [Rubric: 0 = Observations are omitted or irrelevant, 1 = Observations reported but frequent clarification needed, 2 = Observations reported with few further questions needed, 3 = Comprehensive focused examination/observations]
7. Assessment: Makes logical assessment (correlates problem, history, exam, context). [Rubric: 0 = No logical assessment, 1 = Assessment only after extended questioning, 2 = Assessment after minimal questioning, 3 = Comprehensive logical assessment without questioning]
8. Recommendation (clear recommendation): Makes a clear recommendation. [Rubric: 0 = No recommendation, 1 = Clear recommendation only after extended questioning, 2 = Clear recommendation after minimal questioning, 3 = Clear comprehensive recommendation without questioning]
9. Recommendation (global rating scale): Global Rating Scale (GRS) - How confident am I that I received an accurate picture of the patient? [Rubric: 0 = Not at all confident, 1 = Confident but required extended questioning, 2 = Confident but required some further questioning, 3 = Confident and required little or no questioning]
10. Comments: Comments on the session. [Open-ended]

Responses:
--------------------

Respondent 11:
  Date: 2025-04-04
  SessionName: IV (AF)
  Identification: 3
  Situation: 3
  Background (history): 3
  Background (examination): 3
  Assessment: 3
  Recommendation (clear recommendation): 3
  Recommendation (global rating scale): 3
  Comments: Clear communication and handover

Respondent 10:
  Date: 2025-03-14
  SessionName: (MI)-VT
  Identification: 2
  Situation: 2
  Background (history): 2
  Background (examination): 2
  Assessment: 2
  Recommendation (clear recommendation): 2
  Recommendation (global rating scale): 2
  Comments: Time: (15:53-16:14)

Respondent 21:
  Date: 2025-05-16
  SessionName: I (Myocardial infarction)
  Identification: 3
  Situation: 2
  Background (history): 3
  Background (examination): 1
  Assessment: 2
  Recommendation (clear recommendation): 3
  Recommendation (global rating scale): 3
  Comments: Diagnostic clarity is present
Good and early assessment of condition is done

Respondent 16:
  Date: 2025-05-02
  SessionName: I - MI
  Identification: 3
  Situation: 3
  Background (history): 3
  Background (examination): 3
  Assessment: 3
  Recommendation (clear recommendation): 2
  Recommendation (global rating scale): 3
  Comments: Consent denied for video recordings
Satisfactory

Respondent 19:
  Date: 2025-05-16
  SessionName: I - MI
  Identification: 3
  Situation: 3
  Background (history): 3
  Background (examination): 3
  Assessment: 2
  Recommendation (clear recommendation): 3
  Recommendation (global rating scale): 3
  Comments: Wrong CPR position
Clarity is a bit low over whole case scenario
Satisfactory

Respondent 8:
  Date: 2025-05-02
  SessionName: III (Sepsis)
  Identification: 3
  Situation: 3
  Background (history): 3
  Background (examination): 2
  Assessment: 2
  Recommendation (clear recommendation): 2
  Recommendation (global rating scale): 3
  Comments: Clear communication during handover
Good

Respondent 23:
  Date: 2025-03-14
  SessionName: II-Anaphylaxsis
  Identification: 3
  Situation: 3
  Background (history): 2
  Background (examination): 2
  Assessment: 3
  Recommendation (clear recommendation): 3
  Recommendation (global rating scale): 3
  Comments: Time: (11:43-11:58)
Talking to registrav could not summarize the condition of patient very clearly
DID: Sepsis I Anaphylaxsis given by team

Respondent 13:
  Date: 2025-03-14
  SessionName: I-VF
  Identification: 3
  Situation: 3
  Background (history): 2
  Background (examination): 1
  Assessment: 2
  Recommendation (clear recommendation): 2
  Recommendation (global rating scale): 2
  Comments: Time: (10:29-10:54)
Ventricular fibrillation (CVS)
Lack of communication btween 2 main interns
Further brief to patient, ask patent concerns

Respondent 5:
  Date: 2025-05-04
  SessionName: II - Anaphylaxsis
  Identification: 3
  Situation: 3
  Background (history): 3
  Background (examination): 3
  Assessment: 3
  Recommendation (clear recommendation): 2
  Recommendation (global rating scale): 3
  Comments: Good clear and precise clinical handover
Good

Respondent 14:
  Date: 2025-03-14
  SessionName: IV-Hypoglycemia
  Identification: 3
  Situation: 3
  Background (history): 2
  Background (examination): 2
  Assessment: 3
  Recommendation (clear recommendation): 1
  Recommendation (global rating scale): 2
  Comments: Time: (2:36-2:53)
Late response for considering consultation

Respondent 20:
  Date: 2025-05-02
  SessionName: IV (VT)
  Identification: 3
  Situation: 3
  Background (history): 2
  Background (examination): -1
  Assessment: 3
  Recommendation (clear recommendation): 2
  Recommendation (global rating scale): 3
  Comments: Good

""","""['11', '16', '19', '23', '5', '14']""","""<example>
List all respondents from the '(MI)-VT' session whose 'Recommendation (global rating scale)' is exactly 0.

DATA:

Survey Data
==================================================

Questions:
1. Date: What is the date of the session? [Open-ended]
2. SessionName: What is the name of the session? [Open-ended]
3. Identification: Identification of self, role, and patient. [Rubric: 0 = Requires direct prompting, 1 = Introduces themselves but only after a hint, 2 = Introduces themselves but information is incomplete, 3 = Introduces themselves and information is complete]
4. Situation: Identifies the main problem(s). [Rubric: 0 = Unable to identify the main problem(s), 1 = Identifies the main problem(s) after extended prompting, 2 = Identifies the main problem(s) with fewer prompts needed, 3 = Identifies and prioritizes the main problem(s) unprompted]
5. Background (history): Gives appropriate history. [Rubric: 0 = History is unstructured or non-relevant, 1 = Relevant history but frequent clarification needed, 2 = Relevant history with few further questions needed, 3 = Comprehensive focused history]
6. Background (examination): Gives appropriate examination/observations. [Rubric: 0 = Observations are omitted or irrelevant, 1 = Observations reported but frequent clarification needed, 2 = Observations reported with few further questions needed, 3 = Comprehensive focused examination/observations]
7. Assessment: Makes logical assessment (correlates problem, history, exam, context). [Rubric: 0 = No logical assessment, 1 = Assessment only after extended questioning, 2 = Assessment after minimal questioning, 3 = Comprehensive logical assessment without questioning]
8. Recommendation (clear recommendation): Makes a clear recommendation. [Rubric: 0 = No recommendation, 1 = Clear recommendation only after extended questioning, 2 = Clear recommendation after minimal questioning, 3 = Clear comprehensive recommendation without questioning]
9. Recommendation (global rating scale): Global Rating Scale (GRS) - How confident am I that I received an accurate picture of the patient? [Rubric: 0 = Not at all confident, 1 = Confident but required extended questioning, 2 = Confident but required some further questioning, 3 = Confident and required little or no questioning]
10. Comments: Comments on the session. [Open-ended]

Responses:
--------------------

Respondent 11:
  Date: 2025-04-04
  SessionName: IV (AF)
  Identification: 3
  Situation: 3
  Background (history): 3
  Background (examination): 3
  Assessment: 3
  Recommendation (clear recommendation): 3
  Recommendation (global rating scale): 3
  Comments: Clear communication and handover

Respondent 10:
  Date: 2025-03-14
  SessionName: (MI)-VT
  Identification: 2
  Situation: 2
  Background (history): 2
  Background (examination): 2
  Assessment: 2
  Recommendation (clear recommendation): 2
  Recommendation (global rating scale): 2
  Comments: Time: (15:53-16:14)

Respondent 21:
  Date: 2025-05-16
  SessionName: I (Myocardial infarction)
  Identification: 3
  Situation: 2
  Background (history): 3
  Background (examination): 1
  Assessment: 2
  Recommendation (clear recommendation): 3
  Recommendation (global rating scale): 3
  Comments: Diagnostic clarity is present
Good and early assessment of condition is done

Respondent 16:
  Date: 2025-05-02
  SessionName: I - MI
  Identification: 3
  Situation: 3
  Background (history): 3
  Background (examination): 3
  Assessment: 3
  Recommendation (clear recommendation): 2
  Recommendation (global rating scale): 3
  Comments: Consent denied for video recordings
Satisfactory

Respondent 19:
  Date: 2025-05-16
  SessionName: I - MI
  Identification: 3
  Situation: 3
  Background (history): 3
  Background (examination): 3
  Assessment: 2
  Recommendation (clear recommendation): 3
  Recommendation (global rating scale): 3
  Comments: Wrong CPR position
Clarity is a bit low over whole case scenario
Satisfactory

Respondent 8:
  Date: 2025-05-02
  SessionName: III (Sepsis)
  Identification: 3
  Situation: 3
  Background (history): 3
  Background (examination): 2
  Assessment: 2
  Recommendation (clear recommendation): 2
  Recommendation (global rating scale): 3
  Comments: Clear communication during handover
Good

Respondent 23:
  Date: 2025-03-14
  SessionName: II-Anaphylaxsis
  Identification: 3
  Situation: 3
  Background (history): 2
  Background (examination): 2
  Assessment: 3
  Recommendation (clear recommendation): 3
  Recommendation (global rating scale): 3
  Comments: Time: (11:43-11:58)
Talking to registrav could not summarize the condition of patient very clearly
DID: Sepsis I Anaphylaxsis given by team

Respondent 13:
  Date: 2025-03-14
  SessionName: I-VF
  Identification: 3
  Situation: 3
  Background (history): 2
  Background (examination): 1
  Assessment: 2
  Recommendation (clear recommendation): 2
  Recommendation (global rating scale): 2
  Comments: Time: (10:29-10:54)
Ventricular fibrillation (CVS)
Lack of communication btween 2 main interns
Further brief to patient, ask patent concerns

Respondent 5:
  Date: 2025-05-04
  SessionName: II - Anaphylaxsis
  Identification: 3
  Situation: 3
  Background (history): 3
  Background (examination): 3
  Assessment: 3
  Recommendation (clear recommendation): 2
  Recommendation (global rating scale): 3
  Comments: Good clear and precise clinical handover
Good

Respondent 14:
  Date: 2025-03-14
  SessionName: IV-Hypoglycemia
  Identification: 3
  Situation: 3
  Background (history): 2
  Background (examination): 2
  Assessment: 3
  Recommendation (clear recommendation): 1
  Recommendation (global rating scale): 2
  Comments: Time: (2:36-2:53)
Late response for considering consultation

Respondent 20:
  Date: 2025-05-02
  SessionName: IV (VT)
  Identification: 3
  Situation: 3
  Background (history): 2
  Background (examination): -1
  Assessment: 3
  Recommendation (clear recommendation): 2
  Recommendation (global rating scale): 3
  Comments: Good



Answer: []
</example>

<questionnaire>
Survey Data
==================================================

Questions:
1. Date: What is the date of the session? [Open-ended]
2. SessionName: What is the name of the session? [Open-ended]
3. Identification: Identification of self, role, and patient. [Rubric: 0 = Requires direct prompting, 1 = Introduces themselves but only after a hint, 2 = Introduces themselves but information is incomplete, 3 = Introduces themselves and information is complete]
4. Situation: Identifies the main problem(s). [Rubric: 0 = Unable to identify the main problem(s), 1 = Identifies the main problem(s) after extended prompting, 2 = Identifies the main problem(s) with fewer prompts needed, 3 = Identifies and prioritizes the main problem(s) unprompted]
5. Background (history): Gives appropriate history. [Rubric: 0 = History is unstructured or non-relevant, 1 = Relevant history but frequent clarification needed, 2 = Relevant history with few further questions needed, 3 = Comprehensive focused history]
6. Background (examination): Gives appropriate examination/observations. [Rubric: 0 = Observations are omitted or irrelevant, 1 = Observations reported but frequent clarification needed, 2 = Observations reported with few further questions needed, 3 = Comprehensive focused examination/observations]
7. Assessment: Makes logical assessment (correlates problem, history, exam, context). [Rubric: 0 = No logical assessment, 1 = Assessment only after extended questioning, 2 = Assessment after minimal questioning, 3 = Comprehensive logical assessment without questioning]
8. Recommendation (clear recommendation): Makes a clear recommendation. [Rubric: 0 = No recommendation, 1 = Clear recommendation only after extended questioning, 2 = Clear recommendation after minimal questioning, 3 = Clear comprehensive recommendation without questioning]
9. Recommendation (global rating scale): Global Rating Scale (GRS) - How confident am I that I received an accurate picture of the patient? [Rubric: 0 = Not at all confident, 1 = Confident but required extended questioning, 2 = Confident but required some further questioning, 3 = Confident and required little or no questioning]
10. Comments: Comments on the session. [Open-ended]

Responses:
--------------------

Respondent 11:
  Date: 2025-04-04
  SessionName: IV (AF)
  Identification: 3
  Situation: 3
  Background (history): 3
  Background (examination): 3
  Assessment: 3
  Recommendation (clear recommendation): 3
  Recommendation (global rating scale): 3
  Comments: Clear communication and handover

Respondent 10:
  Date: 2025-03-14
  SessionName: (MI)-VT
  Identification: 2
  Situation: 2
  Background (history): 2
  Background (examination): 2
  Assessment: 2
  Recommendation (clear recommendation): 2
  Recommendation (global rating scale): 2
  Comments: Time: (15:53-16:14)

Respondent 21:
  Date: 2025-05-16
  SessionName: I (Myocardial infarction)
  Identification: 3
  Situation: 2
  Background (history): 3
  Background (examination): 1
  Assessment: 2
  Recommendation (clear recommendation): 3
  Recommendation (global rating scale): 3
  Comments: Diagnostic clarity is present
Good and early assessment of condition is done

Respondent 16:
  Date: 2025-05-02
  SessionName: I - MI
  Identification: 3
  Situation: 3
  Background (history): 3
  Background (examination): 3
  Assessment: 3
  Recommendation (clear recommendation): 2
  Recommendation (global rating scale): 3
  Comments: Consent denied for video recordings
Satisfactory

Respondent 19:
  Date: 2025-05-16
  SessionName: I - MI
  Identification: 3
  Situation: 3
  Background (history): 3
  Background (examination): 3
  Assessment: 2
  Recommendation (clear recommendation): 3
  Recommendation (global rating scale): 3
  Comments: Wrong CPR position
Clarity is a bit low over whole case scenario
Satisfactory

Respondent 8:
  Date: 2025-05-02
  SessionName: III (Sepsis)
  Identification: 3
  Situation: 3
  Background (history): 3
  Background (examination): 2
  Assessment: 2
  Recommendation (clear recommendation): 2
  Recommendation (global rating scale): 3
  Comments: Clear communication during handover
Good

Respondent 23:
  Date: 2025-03-14
  SessionName: II-Anaphylaxsis
  Identification: 3
  Situation: 3
  Background (history): 2
  Background (examination): 2
  Assessment: 3
  Recommendation (clear recommendation): 3
  Recommendation (global rating scale): 3
  Comments: Time: (11:43-11:58)
Talking to registrav could not summarize the condition of patient very clearly
DID: Sepsis I Anaphylaxsis given by team

Respondent 13:
  Date: 2025-03-14
  SessionName: I-VF
  Identification: 3
  Situation: 3
  Background (history): 2
  Background (examination): 1
  Assessment: 2
  Recommendation (clear recommendation): 2
  Recommendation (global rating scale): 2
  Comments: Time: (10:29-10:54)
Ventricular fibrillation (CVS)
Lack of communication btween 2 main interns
Further brief to patient, ask patent concerns

Respondent 5:
  Date: 2025-05-04
  SessionName: II - Anaphylaxsis
  Identification: 3
  Situation: 3
  Background (history): 3
  Background (examination): 3
  Assessment: 3
  Recommendation (clear recommendation): 2
  Recommendation (global rating scale): 3
  Comments: Good clear and precise clinical handover
Good

Respondent 14:
  Date: 2025-03-14
  SessionName: IV-Hypoglycemia
  Identification: 3
  Situation: 3
  Background (history): 2
  Background (examination): 2
  Assessment: 3
  Recommendation (clear recommendation): 1
  Recommendation (global rating scale): 2
  Comments: Time: (2:36-2:53)
Late response for considering consultation

Respondent 20:
  Date: 2025-05-02
  SessionName: IV (VT)
  Identification: 3
  Situation: 3
  Background (history): 2
  Background (examination): -1
  Assessment: 3
  Recommendation (clear recommendation): 2
  Recommendation (global rating scale): 3
  Comments: Good


</questionnaire>

You are a meticulous data analyst AI. Your primary function is to accurately analyze structured data and provide precise, verifiable answers.

You will be given a dataset with two key parts:

A 'questions' section: This is your data dictionary or schema. It is the single source of truth for understanding what each field and score means. Refer to it carefully.

A 'responses' section: This contains the raw data from each individual respondent.

To answer the question correctly, you must first use the 'questions' schema to fully understand the context and meaning of the data points within the 'responses'. Do not rely on any prior knowledge outside of this provided data. Base your entire analysis on the information given.

Provide your final answer directly and concisely. Output must be the human-readable value, not an option code.

Rules:
- For MCQ fields, map any letter codes in the Responses (case-insensitive) to the corresponding option text from the Questions schema, and output only that text. Do NOT include the letter or both.
  Example: If the schema is """"[MCQ: A. Abnormal B. Inconclusive C. Normal]"""" and the response is """"a"""", output """"Abnormal"""".
- For open-ended fields, output the exact text value.
- If the question asks for a count, provide only the number (e.g., """"42"""").
- If the question asks for a list of names or IDs, provide a simple comma-separated list (e.g., """"17, 21, 23"""").
- Preserve capitalization exactly as in the schema (e.g., output """"Abnormal"""", not """"abnormal"""" or """"A"""").

<task>
Find all respondents whose total score for 'Assessment' and 'Background (examination)' is greater than 4.
</task>""","5, 11, 14, 16, 19, 23",False
case_34,rule_based_querying,List all respondents whose 'Identification' score is equal to their 'Background (history)' score.,"""Survey Data
==================================================

Questions:
1. Date: What is the date of the session? [Open-ended]
2. SessionName: What is the name of the session? [Open-ended]
3. Identification: Identification of self, role, and patient. [Rubric: 0 = Requires direct prompting, 1 = Introduces themselves but only after a hint, 2 = Introduces themselves but information is incomplete, 3 = Introduces themselves and information is complete]
4. Situation: Identifies the main problem(s). [Rubric: 0 = Unable to identify the main problem(s), 1 = Identifies the main problem(s) after extended prompting, 2 = Identifies the main problem(s) with fewer prompts needed, 3 = Identifies and prioritizes the main problem(s) unprompted]
5. Background (history): Gives appropriate history. [Rubric: 0 = History is unstructured or non-relevant, 1 = Relevant history but frequent clarification needed, 2 = Relevant history with few further questions needed, 3 = Comprehensive focused history]
6. Background (examination): Gives appropriate examination/observations. [Rubric: 0 = Observations are omitted or irrelevant, 1 = Observations reported but frequent clarification needed, 2 = Observations reported with few further questions needed, 3 = Comprehensive focused examination/observations]
7. Assessment: Makes logical assessment (correlates problem, history, exam, context). [Rubric: 0 = No logical assessment, 1 = Assessment only after extended questioning, 2 = Assessment after minimal questioning, 3 = Comprehensive logical assessment without questioning]
8. Recommendation (clear recommendation): Makes a clear recommendation. [Rubric: 0 = No recommendation, 1 = Clear recommendation only after extended questioning, 2 = Clear recommendation after minimal questioning, 3 = Clear comprehensive recommendation without questioning]
9. Recommendation (global rating scale): Global Rating Scale (GRS) - How confident am I that I received an accurate picture of the patient? [Rubric: 0 = Not at all confident, 1 = Confident but required extended questioning, 2 = Confident but required some further questioning, 3 = Confident and required little or no questioning]
10. Comments: Comments on the session. [Open-ended]

Responses:
--------------------

Respondent 12:
  Date: 2025-05-02
  SessionName: II (Anaphylaxis)
  Identification: 3
  Situation: 3
  Background (history): 3
  Background (examination): 3
  Assessment: 2
  Recommendation (clear recommendation): 3
  Recommendation (global rating scale): 3
  Comments: Good

Respondent 4:
  Date: 2025-05-16
  SessionName: III (Sepsis)
  Identification: 3
  Situation: 3
  Background (history): 3
  Background (examination): 2
  Assessment: 2
  Recommendation (clear recommendation): 2
  Recommendation (global rating scale): 2
  Comments: Clinical handover and communication skills, satisfactory
No panic, no arrest team
Satisfactory

Respondent 19:
  Date: 2025-05-16
  SessionName: I - MI
  Identification: 3
  Situation: 3
  Background (history): 3
  Background (examination): 3
  Assessment: 2
  Recommendation (clear recommendation): 3
  Recommendation (global rating scale): 3
  Comments: Wrong CPR position
Clarity is a bit low over whole case scenario
Satisfactory

Respondent 7:
  Date: 2025-03-14
  SessionName: III-Sepsis
  Identification: 3
  Situation: 3
  Background (history): 2
  Background (examination): 3
  Assessment: 2
  Recommendation (clear recommendation): 2
  Recommendation (global rating scale): 2
  Comments: Time: (1:00-1:17)

Respondent 21:
  Date: 2025-05-16
  SessionName: I (Myocardial infarction)
  Identification: 3
  Situation: 2
  Background (history): 3
  Background (examination): 1
  Assessment: 2
  Recommendation (clear recommendation): 3
  Recommendation (global rating scale): 3
  Comments: Diagnostic clarity is present
Good and early assessment of condition is done

Respondent 18:
  Date: 2025-05-04
  SessionName: IV - VT
  Identification: 3
  Situation: 3
  Background (history): 2
  Background (examination): 2
  Assessment: 3
  Recommendation (clear recommendation): 2
  Recommendation (global rating scale): 2
  Comments: Not very concise or clear communication
Satisfactory

Respondent 6:
  Date: 2025-04-04
  SessionName: II (Anaphylactic Shock)
  Identification: 3
  Situation: 2
  Background (history): 3
  Background (examination): 3
  Assessment: 2
  Recommendation (clear recommendation): 2
  Recommendation (global rating scale): 3
  Comments: 

Respondent 1:
  Date: 2025-05-02
  SessionName: V (Hypoglycemia)
  Identification: -1
  Situation: 2
  Background (history): 2
  Background (examination): 2
  Assessment: 3
  Recommendation (clear recommendation): 2
  Recommendation (global rating scale): 2
  Comments: Satisfactory

Respondent 23:
  Date: 2025-03-14
  SessionName: II-Anaphylaxsis
  Identification: 3
  Situation: 3
  Background (history): 2
  Background (examination): 2
  Assessment: 3
  Recommendation (clear recommendation): 3
  Recommendation (global rating scale): 3
  Comments: Time: (11:43-11:58)
Talking to registrav could not summarize the condition of patient very clearly
DID: Sepsis I Anaphylaxsis given by team

Respondent 8:
  Date: 2025-05-02
  SessionName: III (Sepsis)
  Identification: 3
  Situation: 3
  Background (history): 3
  Background (examination): 2
  Assessment: 2
  Recommendation (clear recommendation): 2
  Recommendation (global rating scale): 3
  Comments: Clear communication during handover
Good

Respondent 15:
  Date: 2025-05-04
  SessionName: III - Sepsis
  Identification: 3
  Situation: 3
  Background (history): 2
  Background (examination): 3
  Assessment: 2
  Recommendation (clear recommendation): 2
  Recommendation (global rating scale): 2
  Comments: Detailed Response - clear communication

""","""['12', '4', '19', '21', '6', '8']""","""<example>
List all respondents from the '(MI)-VT' session whose 'Recommendation (global rating scale)' is exactly 0.

DATA:

Survey Data
==================================================

Questions:
1. Date: What is the date of the session? [Open-ended]
2. SessionName: What is the name of the session? [Open-ended]
3. Identification: Identification of self, role, and patient. [Rubric: 0 = Requires direct prompting, 1 = Introduces themselves but only after a hint, 2 = Introduces themselves but information is incomplete, 3 = Introduces themselves and information is complete]
4. Situation: Identifies the main problem(s). [Rubric: 0 = Unable to identify the main problem(s), 1 = Identifies the main problem(s) after extended prompting, 2 = Identifies the main problem(s) with fewer prompts needed, 3 = Identifies and prioritizes the main problem(s) unprompted]
5. Background (history): Gives appropriate history. [Rubric: 0 = History is unstructured or non-relevant, 1 = Relevant history but frequent clarification needed, 2 = Relevant history with few further questions needed, 3 = Comprehensive focused history]
6. Background (examination): Gives appropriate examination/observations. [Rubric: 0 = Observations are omitted or irrelevant, 1 = Observations reported but frequent clarification needed, 2 = Observations reported with few further questions needed, 3 = Comprehensive focused examination/observations]
7. Assessment: Makes logical assessment (correlates problem, history, exam, context). [Rubric: 0 = No logical assessment, 1 = Assessment only after extended questioning, 2 = Assessment after minimal questioning, 3 = Comprehensive logical assessment without questioning]
8. Recommendation (clear recommendation): Makes a clear recommendation. [Rubric: 0 = No recommendation, 1 = Clear recommendation only after extended questioning, 2 = Clear recommendation after minimal questioning, 3 = Clear comprehensive recommendation without questioning]
9. Recommendation (global rating scale): Global Rating Scale (GRS) - How confident am I that I received an accurate picture of the patient? [Rubric: 0 = Not at all confident, 1 = Confident but required extended questioning, 2 = Confident but required some further questioning, 3 = Confident and required little or no questioning]
10. Comments: Comments on the session. [Open-ended]

Responses:
--------------------

Respondent 12:
  Date: 2025-05-02
  SessionName: II (Anaphylaxis)
  Identification: 3
  Situation: 3
  Background (history): 3
  Background (examination): 3
  Assessment: 2
  Recommendation (clear recommendation): 3
  Recommendation (global rating scale): 3
  Comments: Good

Respondent 4:
  Date: 2025-05-16
  SessionName: III (Sepsis)
  Identification: 3
  Situation: 3
  Background (history): 3
  Background (examination): 2
  Assessment: 2
  Recommendation (clear recommendation): 2
  Recommendation (global rating scale): 2
  Comments: Clinical handover and communication skills, satisfactory
No panic, no arrest team
Satisfactory

Respondent 19:
  Date: 2025-05-16
  SessionName: I - MI
  Identification: 3
  Situation: 3
  Background (history): 3
  Background (examination): 3
  Assessment: 2
  Recommendation (clear recommendation): 3
  Recommendation (global rating scale): 3
  Comments: Wrong CPR position
Clarity is a bit low over whole case scenario
Satisfactory

Respondent 7:
  Date: 2025-03-14
  SessionName: III-Sepsis
  Identification: 3
  Situation: 3
  Background (history): 2
  Background (examination): 3
  Assessment: 2
  Recommendation (clear recommendation): 2
  Recommendation (global rating scale): 2
  Comments: Time: (1:00-1:17)

Respondent 21:
  Date: 2025-05-16
  SessionName: I (Myocardial infarction)
  Identification: 3
  Situation: 2
  Background (history): 3
  Background (examination): 1
  Assessment: 2
  Recommendation (clear recommendation): 3
  Recommendation (global rating scale): 3
  Comments: Diagnostic clarity is present
Good and early assessment of condition is done

Respondent 18:
  Date: 2025-05-04
  SessionName: IV - VT
  Identification: 3
  Situation: 3
  Background (history): 2
  Background (examination): 2
  Assessment: 3
  Recommendation (clear recommendation): 2
  Recommendation (global rating scale): 2
  Comments: Not very concise or clear communication
Satisfactory

Respondent 6:
  Date: 2025-04-04
  SessionName: II (Anaphylactic Shock)
  Identification: 3
  Situation: 2
  Background (history): 3
  Background (examination): 3
  Assessment: 2
  Recommendation (clear recommendation): 2
  Recommendation (global rating scale): 3
  Comments: 

Respondent 1:
  Date: 2025-05-02
  SessionName: V (Hypoglycemia)
  Identification: -1
  Situation: 2
  Background (history): 2
  Background (examination): 2
  Assessment: 3
  Recommendation (clear recommendation): 2
  Recommendation (global rating scale): 2
  Comments: Satisfactory

Respondent 23:
  Date: 2025-03-14
  SessionName: II-Anaphylaxsis
  Identification: 3
  Situation: 3
  Background (history): 2
  Background (examination): 2
  Assessment: 3
  Recommendation (clear recommendation): 3
  Recommendation (global rating scale): 3
  Comments: Time: (11:43-11:58)
Talking to registrav could not summarize the condition of patient very clearly
DID: Sepsis I Anaphylaxsis given by team

Respondent 8:
  Date: 2025-05-02
  SessionName: III (Sepsis)
  Identification: 3
  Situation: 3
  Background (history): 3
  Background (examination): 2
  Assessment: 2
  Recommendation (clear recommendation): 2
  Recommendation (global rating scale): 3
  Comments: Clear communication during handover
Good

Respondent 15:
  Date: 2025-05-04
  SessionName: III - Sepsis
  Identification: 3
  Situation: 3
  Background (history): 2
  Background (examination): 3
  Assessment: 2
  Recommendation (clear recommendation): 2
  Recommendation (global rating scale): 2
  Comments: Detailed Response - clear communication



Answer: []
</example>

<questionnaire>
Survey Data
==================================================

Questions:
1. Date: What is the date of the session? [Open-ended]
2. SessionName: What is the name of the session? [Open-ended]
3. Identification: Identification of self, role, and patient. [Rubric: 0 = Requires direct prompting, 1 = Introduces themselves but only after a hint, 2 = Introduces themselves but information is incomplete, 3 = Introduces themselves and information is complete]
4. Situation: Identifies the main problem(s). [Rubric: 0 = Unable to identify the main problem(s), 1 = Identifies the main problem(s) after extended prompting, 2 = Identifies the main problem(s) with fewer prompts needed, 3 = Identifies and prioritizes the main problem(s) unprompted]
5. Background (history): Gives appropriate history. [Rubric: 0 = History is unstructured or non-relevant, 1 = Relevant history but frequent clarification needed, 2 = Relevant history with few further questions needed, 3 = Comprehensive focused history]
6. Background (examination): Gives appropriate examination/observations. [Rubric: 0 = Observations are omitted or irrelevant, 1 = Observations reported but frequent clarification needed, 2 = Observations reported with few further questions needed, 3 = Comprehensive focused examination/observations]
7. Assessment: Makes logical assessment (correlates problem, history, exam, context). [Rubric: 0 = No logical assessment, 1 = Assessment only after extended questioning, 2 = Assessment after minimal questioning, 3 = Comprehensive logical assessment without questioning]
8. Recommendation (clear recommendation): Makes a clear recommendation. [Rubric: 0 = No recommendation, 1 = Clear recommendation only after extended questioning, 2 = Clear recommendation after minimal questioning, 3 = Clear comprehensive recommendation without questioning]
9. Recommendation (global rating scale): Global Rating Scale (GRS) - How confident am I that I received an accurate picture of the patient? [Rubric: 0 = Not at all confident, 1 = Confident but required extended questioning, 2 = Confident but required some further questioning, 3 = Confident and required little or no questioning]
10. Comments: Comments on the session. [Open-ended]

Responses:
--------------------

Respondent 12:
  Date: 2025-05-02
  SessionName: II (Anaphylaxis)
  Identification: 3
  Situation: 3
  Background (history): 3
  Background (examination): 3
  Assessment: 2
  Recommendation (clear recommendation): 3
  Recommendation (global rating scale): 3
  Comments: Good

Respondent 4:
  Date: 2025-05-16
  SessionName: III (Sepsis)
  Identification: 3
  Situation: 3
  Background (history): 3
  Background (examination): 2
  Assessment: 2
  Recommendation (clear recommendation): 2
  Recommendation (global rating scale): 2
  Comments: Clinical handover and communication skills, satisfactory
No panic, no arrest team
Satisfactory

Respondent 19:
  Date: 2025-05-16
  SessionName: I - MI
  Identification: 3
  Situation: 3
  Background (history): 3
  Background (examination): 3
  Assessment: 2
  Recommendation (clear recommendation): 3
  Recommendation (global rating scale): 3
  Comments: Wrong CPR position
Clarity is a bit low over whole case scenario
Satisfactory

Respondent 7:
  Date: 2025-03-14
  SessionName: III-Sepsis
  Identification: 3
  Situation: 3
  Background (history): 2
  Background (examination): 3
  Assessment: 2
  Recommendation (clear recommendation): 2
  Recommendation (global rating scale): 2
  Comments: Time: (1:00-1:17)

Respondent 21:
  Date: 2025-05-16
  SessionName: I (Myocardial infarction)
  Identification: 3
  Situation: 2
  Background (history): 3
  Background (examination): 1
  Assessment: 2
  Recommendation (clear recommendation): 3
  Recommendation (global rating scale): 3
  Comments: Diagnostic clarity is present
Good and early assessment of condition is done

Respondent 18:
  Date: 2025-05-04
  SessionName: IV - VT
  Identification: 3
  Situation: 3
  Background (history): 2
  Background (examination): 2
  Assessment: 3
  Recommendation (clear recommendation): 2
  Recommendation (global rating scale): 2
  Comments: Not very concise or clear communication
Satisfactory

Respondent 6:
  Date: 2025-04-04
  SessionName: II (Anaphylactic Shock)
  Identification: 3
  Situation: 2
  Background (history): 3
  Background (examination): 3
  Assessment: 2
  Recommendation (clear recommendation): 2
  Recommendation (global rating scale): 3
  Comments: 

Respondent 1:
  Date: 2025-05-02
  SessionName: V (Hypoglycemia)
  Identification: -1
  Situation: 2
  Background (history): 2
  Background (examination): 2
  Assessment: 3
  Recommendation (clear recommendation): 2
  Recommendation (global rating scale): 2
  Comments: Satisfactory

Respondent 23:
  Date: 2025-03-14
  SessionName: II-Anaphylaxsis
  Identification: 3
  Situation: 3
  Background (history): 2
  Background (examination): 2
  Assessment: 3
  Recommendation (clear recommendation): 3
  Recommendation (global rating scale): 3
  Comments: Time: (11:43-11:58)
Talking to registrav could not summarize the condition of patient very clearly
DID: Sepsis I Anaphylaxsis given by team

Respondent 8:
  Date: 2025-05-02
  SessionName: III (Sepsis)
  Identification: 3
  Situation: 3
  Background (history): 3
  Background (examination): 2
  Assessment: 2
  Recommendation (clear recommendation): 2
  Recommendation (global rating scale): 3
  Comments: Clear communication during handover
Good

Respondent 15:
  Date: 2025-05-04
  SessionName: III - Sepsis
  Identification: 3
  Situation: 3
  Background (history): 2
  Background (examination): 3
  Assessment: 2
  Recommendation (clear recommendation): 2
  Recommendation (global rating scale): 2
  Comments: Detailed Response - clear communication


</questionnaire>

You are a meticulous data analyst AI. Your primary function is to accurately analyze structured data and provide precise, verifiable answers.

You will be given a dataset with two key parts:

A 'questions' section: This is your data dictionary or schema. It is the single source of truth for understanding what each field and score means. Refer to it carefully.

A 'responses' section: This contains the raw data from each individual respondent.

To answer the question correctly, you must first use the 'questions' schema to fully understand the context and meaning of the data points within the 'responses'. Do not rely on any prior knowledge outside of this provided data. Base your entire analysis on the information given.

Provide your final answer directly and concisely. Output must be the human-readable value, not an option code.

Rules:
- For MCQ fields, map any letter codes in the Responses (case-insensitive) to the corresponding option text from the Questions schema, and output only that text. Do NOT include the letter or both.
  Example: If the schema is """"[MCQ: A. Abnormal B. Inconclusive C. Normal]"""" and the response is """"a"""", output """"Abnormal"""".
- For open-ended fields, output the exact text value.
- If the question asks for a count, provide only the number (e.g., """"42"""").
- If the question asks for a list of names or IDs, provide a simple comma-separated list (e.g., """"17, 21, 23"""").
- Preserve capitalization exactly as in the schema (e.g., output """"Abnormal"""", not """"abnormal"""" or """"A"""").

<task>
List all respondents whose 'Identification' score is equal to their 'Background (history)' score.
</task>""","4, 6, 8, 12, 19, 21",False
case_35,rule_based_querying,Find all respondents whose total score for 'Situation' and 'Recommendation (clear recommendation)' is greater than 4.,"""Survey Data
==================================================

Questions:
1. Date: What is the date of the session? [Open-ended]
2. SessionName: What is the name of the session? [Open-ended]
3. Identification: Identification of self, role, and patient. [Rubric: 0 = Requires direct prompting, 1 = Introduces themselves but only after a hint, 2 = Introduces themselves but information is incomplete, 3 = Introduces themselves and information is complete]
4. Situation: Identifies the main problem(s). [Rubric: 0 = Unable to identify the main problem(s), 1 = Identifies the main problem(s) after extended prompting, 2 = Identifies the main problem(s) with fewer prompts needed, 3 = Identifies and prioritizes the main problem(s) unprompted]
5. Background (history): Gives appropriate history. [Rubric: 0 = History is unstructured or non-relevant, 1 = Relevant history but frequent clarification needed, 2 = Relevant history with few further questions needed, 3 = Comprehensive focused history]
6. Background (examination): Gives appropriate examination/observations. [Rubric: 0 = Observations are omitted or irrelevant, 1 = Observations reported but frequent clarification needed, 2 = Observations reported with few further questions needed, 3 = Comprehensive focused examination/observations]
7. Assessment: Makes logical assessment (correlates problem, history, exam, context). [Rubric: 0 = No logical assessment, 1 = Assessment only after extended questioning, 2 = Assessment after minimal questioning, 3 = Comprehensive logical assessment without questioning]
8. Recommendation (clear recommendation): Makes a clear recommendation. [Rubric: 0 = No recommendation, 1 = Clear recommendation only after extended questioning, 2 = Clear recommendation after minimal questioning, 3 = Clear comprehensive recommendation without questioning]
9. Recommendation (global rating scale): Global Rating Scale (GRS) - How confident am I that I received an accurate picture of the patient? [Rubric: 0 = Not at all confident, 1 = Confident but required extended questioning, 2 = Confident but required some further questioning, 3 = Confident and required little or no questioning]
10. Comments: Comments on the session. [Open-ended]

Responses:
--------------------

Respondent 15:
  Date: 2025-05-04
  SessionName: III - Sepsis
  Identification: 3
  Situation: 3
  Background (history): 2
  Background (examination): 3
  Assessment: 2
  Recommendation (clear recommendation): 2
  Recommendation (global rating scale): 2
  Comments: Detailed Response - clear communication

Respondent 10:
  Date: 2025-03-14
  SessionName: (MI)-VT
  Identification: 2
  Situation: 2
  Background (history): 2
  Background (examination): 2
  Assessment: 2
  Recommendation (clear recommendation): 2
  Recommendation (global rating scale): 2
  Comments: Time: (15:53-16:14)

Respondent 3:
  Date: 2025-04-04
  SessionName: III-Sepsis
  Identification: 0
  Situation: 2
  Background (history): 3
  Background (examination): 3
  Assessment: 3
  Recommendation (clear recommendation): 3
  Recommendation (global rating scale): 3
  Comments: The patient/simulation is not oriented in TPP.
Clear communication between Reg and colleague during handover

Respondent 14:
  Date: 2025-03-14
  SessionName: IV-Hypoglycemia
  Identification: 3
  Situation: 3
  Background (history): 2
  Background (examination): 2
  Assessment: 3
  Recommendation (clear recommendation): 1
  Recommendation (global rating scale): 2
  Comments: Time: (2:36-2:53)
Late response for considering consultation

Respondent 16:
  Date: 2025-05-02
  SessionName: I - MI
  Identification: 3
  Situation: 3
  Background (history): 3
  Background (examination): 3
  Assessment: 3
  Recommendation (clear recommendation): 2
  Recommendation (global rating scale): 3
  Comments: Consent denied for video recordings
Satisfactory

Respondent 5:
  Date: 2025-05-04
  SessionName: II - Anaphylaxsis
  Identification: 3
  Situation: 3
  Background (history): 3
  Background (examination): 3
  Assessment: 3
  Recommendation (clear recommendation): 2
  Recommendation (global rating scale): 3
  Comments: Good clear and precise clinical handover
Good

Respondent 22:
  Date: 2025-05-16
  SessionName: IV (VT)
  Identification: 3
  Situation: 3
  Background (history): 3
  Background (examination): 3
  Assessment: 2
  Recommendation (clear recommendation): 2
  Recommendation (global rating scale): 3
  Comments: Clear communication skills
Good

Respondent 8:
  Date: 2025-05-02
  SessionName: III (Sepsis)
  Identification: 3
  Situation: 3
  Background (history): 3
  Background (examination): 2
  Assessment: 2
  Recommendation (clear recommendation): 2
  Recommendation (global rating scale): 3
  Comments: Clear communication during handover
Good

Respondent 18:
  Date: 2025-05-04
  SessionName: IV - VT
  Identification: 3
  Situation: 3
  Background (history): 2
  Background (examination): 2
  Assessment: 3
  Recommendation (clear recommendation): 2
  Recommendation (global rating scale): 2
  Comments: Not very concise or clear communication
Satisfactory

""","""['15', '3', '16', '5', '22', '8', '18']""","""<example>
List all respondents from the '(MI)-VT' session whose 'Recommendation (global rating scale)' is exactly 0.

DATA:

Survey Data
==================================================

Questions:
1. Date: What is the date of the session? [Open-ended]
2. SessionName: What is the name of the session? [Open-ended]
3. Identification: Identification of self, role, and patient. [Rubric: 0 = Requires direct prompting, 1 = Introduces themselves but only after a hint, 2 = Introduces themselves but information is incomplete, 3 = Introduces themselves and information is complete]
4. Situation: Identifies the main problem(s). [Rubric: 0 = Unable to identify the main problem(s), 1 = Identifies the main problem(s) after extended prompting, 2 = Identifies the main problem(s) with fewer prompts needed, 3 = Identifies and prioritizes the main problem(s) unprompted]
5. Background (history): Gives appropriate history. [Rubric: 0 = History is unstructured or non-relevant, 1 = Relevant history but frequent clarification needed, 2 = Relevant history with few further questions needed, 3 = Comprehensive focused history]
6. Background (examination): Gives appropriate examination/observations. [Rubric: 0 = Observations are omitted or irrelevant, 1 = Observations reported but frequent clarification needed, 2 = Observations reported with few further questions needed, 3 = Comprehensive focused examination/observations]
7. Assessment: Makes logical assessment (correlates problem, history, exam, context). [Rubric: 0 = No logical assessment, 1 = Assessment only after extended questioning, 2 = Assessment after minimal questioning, 3 = Comprehensive logical assessment without questioning]
8. Recommendation (clear recommendation): Makes a clear recommendation. [Rubric: 0 = No recommendation, 1 = Clear recommendation only after extended questioning, 2 = Clear recommendation after minimal questioning, 3 = Clear comprehensive recommendation without questioning]
9. Recommendation (global rating scale): Global Rating Scale (GRS) - How confident am I that I received an accurate picture of the patient? [Rubric: 0 = Not at all confident, 1 = Confident but required extended questioning, 2 = Confident but required some further questioning, 3 = Confident and required little or no questioning]
10. Comments: Comments on the session. [Open-ended]

Responses:
--------------------

Respondent 15:
  Date: 2025-05-04
  SessionName: III - Sepsis
  Identification: 3
  Situation: 3
  Background (history): 2
  Background (examination): 3
  Assessment: 2
  Recommendation (clear recommendation): 2
  Recommendation (global rating scale): 2
  Comments: Detailed Response - clear communication

Respondent 10:
  Date: 2025-03-14
  SessionName: (MI)-VT
  Identification: 2
  Situation: 2
  Background (history): 2
  Background (examination): 2
  Assessment: 2
  Recommendation (clear recommendation): 2
  Recommendation (global rating scale): 2
  Comments: Time: (15:53-16:14)

Respondent 3:
  Date: 2025-04-04
  SessionName: III-Sepsis
  Identification: 0
  Situation: 2
  Background (history): 3
  Background (examination): 3
  Assessment: 3
  Recommendation (clear recommendation): 3
  Recommendation (global rating scale): 3
  Comments: The patient/simulation is not oriented in TPP.
Clear communication between Reg and colleague during handover

Respondent 14:
  Date: 2025-03-14
  SessionName: IV-Hypoglycemia
  Identification: 3
  Situation: 3
  Background (history): 2
  Background (examination): 2
  Assessment: 3
  Recommendation (clear recommendation): 1
  Recommendation (global rating scale): 2
  Comments: Time: (2:36-2:53)
Late response for considering consultation

Respondent 16:
  Date: 2025-05-02
  SessionName: I - MI
  Identification: 3
  Situation: 3
  Background (history): 3
  Background (examination): 3
  Assessment: 3
  Recommendation (clear recommendation): 2
  Recommendation (global rating scale): 3
  Comments: Consent denied for video recordings
Satisfactory

Respondent 5:
  Date: 2025-05-04
  SessionName: II - Anaphylaxsis
  Identification: 3
  Situation: 3
  Background (history): 3
  Background (examination): 3
  Assessment: 3
  Recommendation (clear recommendation): 2
  Recommendation (global rating scale): 3
  Comments: Good clear and precise clinical handover
Good

Respondent 22:
  Date: 2025-05-16
  SessionName: IV (VT)
  Identification: 3
  Situation: 3
  Background (history): 3
  Background (examination): 3
  Assessment: 2
  Recommendation (clear recommendation): 2
  Recommendation (global rating scale): 3
  Comments: Clear communication skills
Good

Respondent 8:
  Date: 2025-05-02
  SessionName: III (Sepsis)
  Identification: 3
  Situation: 3
  Background (history): 3
  Background (examination): 2
  Assessment: 2
  Recommendation (clear recommendation): 2
  Recommendation (global rating scale): 3
  Comments: Clear communication during handover
Good

Respondent 18:
  Date: 2025-05-04
  SessionName: IV - VT
  Identification: 3
  Situation: 3
  Background (history): 2
  Background (examination): 2
  Assessment: 3
  Recommendation (clear recommendation): 2
  Recommendation (global rating scale): 2
  Comments: Not very concise or clear communication
Satisfactory



Answer: []
</example>

<questionnaire>
Survey Data
==================================================

Questions:
1. Date: What is the date of the session? [Open-ended]
2. SessionName: What is the name of the session? [Open-ended]
3. Identification: Identification of self, role, and patient. [Rubric: 0 = Requires direct prompting, 1 = Introduces themselves but only after a hint, 2 = Introduces themselves but information is incomplete, 3 = Introduces themselves and information is complete]
4. Situation: Identifies the main problem(s). [Rubric: 0 = Unable to identify the main problem(s), 1 = Identifies the main problem(s) after extended prompting, 2 = Identifies the main problem(s) with fewer prompts needed, 3 = Identifies and prioritizes the main problem(s) unprompted]
5. Background (history): Gives appropriate history. [Rubric: 0 = History is unstructured or non-relevant, 1 = Relevant history but frequent clarification needed, 2 = Relevant history with few further questions needed, 3 = Comprehensive focused history]
6. Background (examination): Gives appropriate examination/observations. [Rubric: 0 = Observations are omitted or irrelevant, 1 = Observations reported but frequent clarification needed, 2 = Observations reported with few further questions needed, 3 = Comprehensive focused examination/observations]
7. Assessment: Makes logical assessment (correlates problem, history, exam, context). [Rubric: 0 = No logical assessment, 1 = Assessment only after extended questioning, 2 = Assessment after minimal questioning, 3 = Comprehensive logical assessment without questioning]
8. Recommendation (clear recommendation): Makes a clear recommendation. [Rubric: 0 = No recommendation, 1 = Clear recommendation only after extended questioning, 2 = Clear recommendation after minimal questioning, 3 = Clear comprehensive recommendation without questioning]
9. Recommendation (global rating scale): Global Rating Scale (GRS) - How confident am I that I received an accurate picture of the patient? [Rubric: 0 = Not at all confident, 1 = Confident but required extended questioning, 2 = Confident but required some further questioning, 3 = Confident and required little or no questioning]
10. Comments: Comments on the session. [Open-ended]

Responses:
--------------------

Respondent 15:
  Date: 2025-05-04
  SessionName: III - Sepsis
  Identification: 3
  Situation: 3
  Background (history): 2
  Background (examination): 3
  Assessment: 2
  Recommendation (clear recommendation): 2
  Recommendation (global rating scale): 2
  Comments: Detailed Response - clear communication

Respondent 10:
  Date: 2025-03-14
  SessionName: (MI)-VT
  Identification: 2
  Situation: 2
  Background (history): 2
  Background (examination): 2
  Assessment: 2
  Recommendation (clear recommendation): 2
  Recommendation (global rating scale): 2
  Comments: Time: (15:53-16:14)

Respondent 3:
  Date: 2025-04-04
  SessionName: III-Sepsis
  Identification: 0
  Situation: 2
  Background (history): 3
  Background (examination): 3
  Assessment: 3
  Recommendation (clear recommendation): 3
  Recommendation (global rating scale): 3
  Comments: The patient/simulation is not oriented in TPP.
Clear communication between Reg and colleague during handover

Respondent 14:
  Date: 2025-03-14
  SessionName: IV-Hypoglycemia
  Identification: 3
  Situation: 3
  Background (history): 2
  Background (examination): 2
  Assessment: 3
  Recommendation (clear recommendation): 1
  Recommendation (global rating scale): 2
  Comments: Time: (2:36-2:53)
Late response for considering consultation

Respondent 16:
  Date: 2025-05-02
  SessionName: I - MI
  Identification: 3
  Situation: 3
  Background (history): 3
  Background (examination): 3
  Assessment: 3
  Recommendation (clear recommendation): 2
  Recommendation (global rating scale): 3
  Comments: Consent denied for video recordings
Satisfactory

Respondent 5:
  Date: 2025-05-04
  SessionName: II - Anaphylaxsis
  Identification: 3
  Situation: 3
  Background (history): 3
  Background (examination): 3
  Assessment: 3
  Recommendation (clear recommendation): 2
  Recommendation (global rating scale): 3
  Comments: Good clear and precise clinical handover
Good

Respondent 22:
  Date: 2025-05-16
  SessionName: IV (VT)
  Identification: 3
  Situation: 3
  Background (history): 3
  Background (examination): 3
  Assessment: 2
  Recommendation (clear recommendation): 2
  Recommendation (global rating scale): 3
  Comments: Clear communication skills
Good

Respondent 8:
  Date: 2025-05-02
  SessionName: III (Sepsis)
  Identification: 3
  Situation: 3
  Background (history): 3
  Background (examination): 2
  Assessment: 2
  Recommendation (clear recommendation): 2
  Recommendation (global rating scale): 3
  Comments: Clear communication during handover
Good

Respondent 18:
  Date: 2025-05-04
  SessionName: IV - VT
  Identification: 3
  Situation: 3
  Background (history): 2
  Background (examination): 2
  Assessment: 3
  Recommendation (clear recommendation): 2
  Recommendation (global rating scale): 2
  Comments: Not very concise or clear communication
Satisfactory


</questionnaire>

You are a meticulous data analyst AI. Your primary function is to accurately analyze structured data and provide precise, verifiable answers.

You will be given a dataset with two key parts:

A 'questions' section: This is your data dictionary or schema. It is the single source of truth for understanding what each field and score means. Refer to it carefully.

A 'responses' section: This contains the raw data from each individual respondent.

To answer the question correctly, you must first use the 'questions' schema to fully understand the context and meaning of the data points within the 'responses'. Do not rely on any prior knowledge outside of this provided data. Base your entire analysis on the information given.

Provide your final answer directly and concisely. Output must be the human-readable value, not an option code.

Rules:
- For MCQ fields, map any letter codes in the Responses (case-insensitive) to the corresponding option text from the Questions schema, and output only that text. Do NOT include the letter or both.
  Example: If the schema is """"[MCQ: A. Abnormal B. Inconclusive C. Normal]"""" and the response is """"a"""", output """"Abnormal"""".
- For open-ended fields, output the exact text value.
- If the question asks for a count, provide only the number (e.g., """"42"""").
- If the question asks for a list of names or IDs, provide a simple comma-separated list (e.g., """"17, 21, 23"""").
- Preserve capitalization exactly as in the schema (e.g., output """"Abnormal"""", not """"abnormal"""" or """"A"""").

<task>
Find all respondents whose total score for 'Situation' and 'Recommendation (clear recommendation)' is greater than 4.
</task>""","15, 3, 16, 5, 22, 8, 18",False
case_36,rule_based_querying,List all respondents whose 'Recommendation (clear recommendation)' score is equal to their 'Situation' score.,"""Survey Data
==================================================

Questions:
1. Date: What is the date of the session? [Open-ended]
2. SessionName: What is the name of the session? [Open-ended]
3. Identification: Identification of self, role, and patient. [Rubric: 0 = Requires direct prompting, 1 = Introduces themselves but only after a hint, 2 = Introduces themselves but information is incomplete, 3 = Introduces themselves and information is complete]
4. Situation: Identifies the main problem(s). [Rubric: 0 = Unable to identify the main problem(s), 1 = Identifies the main problem(s) after extended prompting, 2 = Identifies the main problem(s) with fewer prompts needed, 3 = Identifies and prioritizes the main problem(s) unprompted]
5. Background (history): Gives appropriate history. [Rubric: 0 = History is unstructured or non-relevant, 1 = Relevant history but frequent clarification needed, 2 = Relevant history with few further questions needed, 3 = Comprehensive focused history]
6. Background (examination): Gives appropriate examination/observations. [Rubric: 0 = Observations are omitted or irrelevant, 1 = Observations reported but frequent clarification needed, 2 = Observations reported with few further questions needed, 3 = Comprehensive focused examination/observations]
7. Assessment: Makes logical assessment (correlates problem, history, exam, context). [Rubric: 0 = No logical assessment, 1 = Assessment only after extended questioning, 2 = Assessment after minimal questioning, 3 = Comprehensive logical assessment without questioning]
8. Recommendation (clear recommendation): Makes a clear recommendation. [Rubric: 0 = No recommendation, 1 = Clear recommendation only after extended questioning, 2 = Clear recommendation after minimal questioning, 3 = Clear comprehensive recommendation without questioning]
9. Recommendation (global rating scale): Global Rating Scale (GRS) - How confident am I that I received an accurate picture of the patient? [Rubric: 0 = Not at all confident, 1 = Confident but required extended questioning, 2 = Confident but required some further questioning, 3 = Confident and required little or no questioning]
10. Comments: Comments on the session. [Open-ended]

Responses:
--------------------

Respondent 23:
  Date: 2025-03-14
  SessionName: II-Anaphylaxsis
  Identification: 3
  Situation: 3
  Background (history): 2
  Background (examination): 2
  Assessment: 3
  Recommendation (clear recommendation): 3
  Recommendation (global rating scale): 3
  Comments: Time: (11:43-11:58)
Talking to registrav could not summarize the condition of patient very clearly
DID: Sepsis I Anaphylaxsis given by team

Respondent 14:
  Date: 2025-03-14
  SessionName: IV-Hypoglycemia
  Identification: 3
  Situation: 3
  Background (history): 2
  Background (examination): 2
  Assessment: 3
  Recommendation (clear recommendation): 1
  Recommendation (global rating scale): 2
  Comments: Time: (2:36-2:53)
Late response for considering consultation

Respondent 13:
  Date: 2025-03-14
  SessionName: I-VF
  Identification: 3
  Situation: 3
  Background (history): 2
  Background (examination): 1
  Assessment: 2
  Recommendation (clear recommendation): 2
  Recommendation (global rating scale): 2
  Comments: Time: (10:29-10:54)
Ventricular fibrillation (CVS)
Lack of communication btween 2 main interns
Further brief to patient, ask patent concerns

Respondent 3:
  Date: 2025-04-04
  SessionName: III-Sepsis
  Identification: 0
  Situation: 2
  Background (history): 3
  Background (examination): 3
  Assessment: 3
  Recommendation (clear recommendation): 3
  Recommendation (global rating scale): 3
  Comments: The patient/simulation is not oriented in TPP.
Clear communication between Reg and colleague during handover

Respondent 15:
  Date: 2025-05-04
  SessionName: III - Sepsis
  Identification: 3
  Situation: 3
  Background (history): 2
  Background (examination): 3
  Assessment: 2
  Recommendation (clear recommendation): 2
  Recommendation (global rating scale): 2
  Comments: Detailed Response - clear communication

Respondent 16:
  Date: 2025-05-02
  SessionName: I - MI
  Identification: 3
  Situation: 3
  Background (history): 3
  Background (examination): 3
  Assessment: 3
  Recommendation (clear recommendation): 2
  Recommendation (global rating scale): 3
  Comments: Consent denied for video recordings
Satisfactory

Respondent 21:
  Date: 2025-05-16
  SessionName: I (Myocardial infarction)
  Identification: 3
  Situation: 2
  Background (history): 3
  Background (examination): 1
  Assessment: 2
  Recommendation (clear recommendation): 3
  Recommendation (global rating scale): 3
  Comments: Diagnostic clarity is present
Good and early assessment of condition is done

Respondent 22:
  Date: 2025-05-16
  SessionName: IV (VT)
  Identification: 3
  Situation: 3
  Background (history): 3
  Background (examination): 3
  Assessment: 2
  Recommendation (clear recommendation): 2
  Recommendation (global rating scale): 3
  Comments: Clear communication skills
Good

Respondent 9:
  Date: 2025-05-04
  SessionName: II (Anaphylaxsis)
  Identification: 3
  Situation: 3
  Background (history): 2
  Background (examination): 2
  Assessment: 2
  Recommendation (clear recommendation): 3
  Recommendation (global rating scale): 2
  Comments: Overall a bit unclear communication reflected

""","""['23', '9']""","""<example>
List all respondents from the '(MI)-VT' session whose 'Recommendation (global rating scale)' is exactly 0.

DATA:

Survey Data
==================================================

Questions:
1. Date: What is the date of the session? [Open-ended]
2. SessionName: What is the name of the session? [Open-ended]
3. Identification: Identification of self, role, and patient. [Rubric: 0 = Requires direct prompting, 1 = Introduces themselves but only after a hint, 2 = Introduces themselves but information is incomplete, 3 = Introduces themselves and information is complete]
4. Situation: Identifies the main problem(s). [Rubric: 0 = Unable to identify the main problem(s), 1 = Identifies the main problem(s) after extended prompting, 2 = Identifies the main problem(s) with fewer prompts needed, 3 = Identifies and prioritizes the main problem(s) unprompted]
5. Background (history): Gives appropriate history. [Rubric: 0 = History is unstructured or non-relevant, 1 = Relevant history but frequent clarification needed, 2 = Relevant history with few further questions needed, 3 = Comprehensive focused history]
6. Background (examination): Gives appropriate examination/observations. [Rubric: 0 = Observations are omitted or irrelevant, 1 = Observations reported but frequent clarification needed, 2 = Observations reported with few further questions needed, 3 = Comprehensive focused examination/observations]
7. Assessment: Makes logical assessment (correlates problem, history, exam, context). [Rubric: 0 = No logical assessment, 1 = Assessment only after extended questioning, 2 = Assessment after minimal questioning, 3 = Comprehensive logical assessment without questioning]
8. Recommendation (clear recommendation): Makes a clear recommendation. [Rubric: 0 = No recommendation, 1 = Clear recommendation only after extended questioning, 2 = Clear recommendation after minimal questioning, 3 = Clear comprehensive recommendation without questioning]
9. Recommendation (global rating scale): Global Rating Scale (GRS) - How confident am I that I received an accurate picture of the patient? [Rubric: 0 = Not at all confident, 1 = Confident but required extended questioning, 2 = Confident but required some further questioning, 3 = Confident and required little or no questioning]
10. Comments: Comments on the session. [Open-ended]

Responses:
--------------------

Respondent 23:
  Date: 2025-03-14
  SessionName: II-Anaphylaxsis
  Identification: 3
  Situation: 3
  Background (history): 2
  Background (examination): 2
  Assessment: 3
  Recommendation (clear recommendation): 3
  Recommendation (global rating scale): 3
  Comments: Time: (11:43-11:58)
Talking to registrav could not summarize the condition of patient very clearly
DID: Sepsis I Anaphylaxsis given by team

Respondent 14:
  Date: 2025-03-14
  SessionName: IV-Hypoglycemia
  Identification: 3
  Situation: 3
  Background (history): 2
  Background (examination): 2
  Assessment: 3
  Recommendation (clear recommendation): 1
  Recommendation (global rating scale): 2
  Comments: Time: (2:36-2:53)
Late response for considering consultation

Respondent 13:
  Date: 2025-03-14
  SessionName: I-VF
  Identification: 3
  Situation: 3
  Background (history): 2
  Background (examination): 1
  Assessment: 2
  Recommendation (clear recommendation): 2
  Recommendation (global rating scale): 2
  Comments: Time: (10:29-10:54)
Ventricular fibrillation (CVS)
Lack of communication btween 2 main interns
Further brief to patient, ask patent concerns

Respondent 3:
  Date: 2025-04-04
  SessionName: III-Sepsis
  Identification: 0
  Situation: 2
  Background (history): 3
  Background (examination): 3
  Assessment: 3
  Recommendation (clear recommendation): 3
  Recommendation (global rating scale): 3
  Comments: The patient/simulation is not oriented in TPP.
Clear communication between Reg and colleague during handover

Respondent 15:
  Date: 2025-05-04
  SessionName: III - Sepsis
  Identification: 3
  Situation: 3
  Background (history): 2
  Background (examination): 3
  Assessment: 2
  Recommendation (clear recommendation): 2
  Recommendation (global rating scale): 2
  Comments: Detailed Response - clear communication

Respondent 16:
  Date: 2025-05-02
  SessionName: I - MI
  Identification: 3
  Situation: 3
  Background (history): 3
  Background (examination): 3
  Assessment: 3
  Recommendation (clear recommendation): 2
  Recommendation (global rating scale): 3
  Comments: Consent denied for video recordings
Satisfactory

Respondent 21:
  Date: 2025-05-16
  SessionName: I (Myocardial infarction)
  Identification: 3
  Situation: 2
  Background (history): 3
  Background (examination): 1
  Assessment: 2
  Recommendation (clear recommendation): 3
  Recommendation (global rating scale): 3
  Comments: Diagnostic clarity is present
Good and early assessment of condition is done

Respondent 22:
  Date: 2025-05-16
  SessionName: IV (VT)
  Identification: 3
  Situation: 3
  Background (history): 3
  Background (examination): 3
  Assessment: 2
  Recommendation (clear recommendation): 2
  Recommendation (global rating scale): 3
  Comments: Clear communication skills
Good

Respondent 9:
  Date: 2025-05-04
  SessionName: II (Anaphylaxsis)
  Identification: 3
  Situation: 3
  Background (history): 2
  Background (examination): 2
  Assessment: 2
  Recommendation (clear recommendation): 3
  Recommendation (global rating scale): 2
  Comments: Overall a bit unclear communication reflected



Answer: []
</example>

<questionnaire>
Survey Data
==================================================

Questions:
1. Date: What is the date of the session? [Open-ended]
2. SessionName: What is the name of the session? [Open-ended]
3. Identification: Identification of self, role, and patient. [Rubric: 0 = Requires direct prompting, 1 = Introduces themselves but only after a hint, 2 = Introduces themselves but information is incomplete, 3 = Introduces themselves and information is complete]
4. Situation: Identifies the main problem(s). [Rubric: 0 = Unable to identify the main problem(s), 1 = Identifies the main problem(s) after extended prompting, 2 = Identifies the main problem(s) with fewer prompts needed, 3 = Identifies and prioritizes the main problem(s) unprompted]
5. Background (history): Gives appropriate history. [Rubric: 0 = History is unstructured or non-relevant, 1 = Relevant history but frequent clarification needed, 2 = Relevant history with few further questions needed, 3 = Comprehensive focused history]
6. Background (examination): Gives appropriate examination/observations. [Rubric: 0 = Observations are omitted or irrelevant, 1 = Observations reported but frequent clarification needed, 2 = Observations reported with few further questions needed, 3 = Comprehensive focused examination/observations]
7. Assessment: Makes logical assessment (correlates problem, history, exam, context). [Rubric: 0 = No logical assessment, 1 = Assessment only after extended questioning, 2 = Assessment after minimal questioning, 3 = Comprehensive logical assessment without questioning]
8. Recommendation (clear recommendation): Makes a clear recommendation. [Rubric: 0 = No recommendation, 1 = Clear recommendation only after extended questioning, 2 = Clear recommendation after minimal questioning, 3 = Clear comprehensive recommendation without questioning]
9. Recommendation (global rating scale): Global Rating Scale (GRS) - How confident am I that I received an accurate picture of the patient? [Rubric: 0 = Not at all confident, 1 = Confident but required extended questioning, 2 = Confident but required some further questioning, 3 = Confident and required little or no questioning]
10. Comments: Comments on the session. [Open-ended]

Responses:
--------------------

Respondent 23:
  Date: 2025-03-14
  SessionName: II-Anaphylaxsis
  Identification: 3
  Situation: 3
  Background (history): 2
  Background (examination): 2
  Assessment: 3
  Recommendation (clear recommendation): 3
  Recommendation (global rating scale): 3
  Comments: Time: (11:43-11:58)
Talking to registrav could not summarize the condition of patient very clearly
DID: Sepsis I Anaphylaxsis given by team

Respondent 14:
  Date: 2025-03-14
  SessionName: IV-Hypoglycemia
  Identification: 3
  Situation: 3
  Background (history): 2
  Background (examination): 2
  Assessment: 3
  Recommendation (clear recommendation): 1
  Recommendation (global rating scale): 2
  Comments: Time: (2:36-2:53)
Late response for considering consultation

Respondent 13:
  Date: 2025-03-14
  SessionName: I-VF
  Identification: 3
  Situation: 3
  Background (history): 2
  Background (examination): 1
  Assessment: 2
  Recommendation (clear recommendation): 2
  Recommendation (global rating scale): 2
  Comments: Time: (10:29-10:54)
Ventricular fibrillation (CVS)
Lack of communication btween 2 main interns
Further brief to patient, ask patent concerns

Respondent 3:
  Date: 2025-04-04
  SessionName: III-Sepsis
  Identification: 0
  Situation: 2
  Background (history): 3
  Background (examination): 3
  Assessment: 3
  Recommendation (clear recommendation): 3
  Recommendation (global rating scale): 3
  Comments: The patient/simulation is not oriented in TPP.
Clear communication between Reg and colleague during handover

Respondent 15:
  Date: 2025-05-04
  SessionName: III - Sepsis
  Identification: 3
  Situation: 3
  Background (history): 2
  Background (examination): 3
  Assessment: 2
  Recommendation (clear recommendation): 2
  Recommendation (global rating scale): 2
  Comments: Detailed Response - clear communication

Respondent 16:
  Date: 2025-05-02
  SessionName: I - MI
  Identification: 3
  Situation: 3
  Background (history): 3
  Background (examination): 3
  Assessment: 3
  Recommendation (clear recommendation): 2
  Recommendation (global rating scale): 3
  Comments: Consent denied for video recordings
Satisfactory

Respondent 21:
  Date: 2025-05-16
  SessionName: I (Myocardial infarction)
  Identification: 3
  Situation: 2
  Background (history): 3
  Background (examination): 1
  Assessment: 2
  Recommendation (clear recommendation): 3
  Recommendation (global rating scale): 3
  Comments: Diagnostic clarity is present
Good and early assessment of condition is done

Respondent 22:
  Date: 2025-05-16
  SessionName: IV (VT)
  Identification: 3
  Situation: 3
  Background (history): 3
  Background (examination): 3
  Assessment: 2
  Recommendation (clear recommendation): 2
  Recommendation (global rating scale): 3
  Comments: Clear communication skills
Good

Respondent 9:
  Date: 2025-05-04
  SessionName: II (Anaphylaxsis)
  Identification: 3
  Situation: 3
  Background (history): 2
  Background (examination): 2
  Assessment: 2
  Recommendation (clear recommendation): 3
  Recommendation (global rating scale): 2
  Comments: Overall a bit unclear communication reflected


</questionnaire>

You are a meticulous data analyst AI. Your primary function is to accurately analyze structured data and provide precise, verifiable answers.

You will be given a dataset with two key parts:

A 'questions' section: This is your data dictionary or schema. It is the single source of truth for understanding what each field and score means. Refer to it carefully.

A 'responses' section: This contains the raw data from each individual respondent.

To answer the question correctly, you must first use the 'questions' schema to fully understand the context and meaning of the data points within the 'responses'. Do not rely on any prior knowledge outside of this provided data. Base your entire analysis on the information given.

Provide your final answer directly and concisely. Output must be the human-readable value, not an option code.

Rules:
- For MCQ fields, map any letter codes in the Responses (case-insensitive) to the corresponding option text from the Questions schema, and output only that text. Do NOT include the letter or both.
  Example: If the schema is """"[MCQ: A. Abnormal B. Inconclusive C. Normal]"""" and the response is """"a"""", output """"Abnormal"""".
- For open-ended fields, output the exact text value.
- If the question asks for a count, provide only the number (e.g., """"42"""").
- If the question asks for a list of names or IDs, provide a simple comma-separated list (e.g., """"17, 21, 23"""").
- Preserve capitalization exactly as in the schema (e.g., output """"Abnormal"""", not """"abnormal"""" or """"A"""").

<task>
List all respondents whose 'Recommendation (clear recommendation)' score is equal to their 'Situation' score.
</task>""","9, 23",False
case_37,rule_based_querying,List all respondents whose 'Background (history)' score is equal to their 'Assessment' score.,"""Survey Data
==================================================

Questions:
1. Date: What is the date of the session? [Open-ended]
2. SessionName: What is the name of the session? [Open-ended]
3. Identification: Identification of self, role, and patient. [Rubric: 0 = Requires direct prompting, 1 = Introduces themselves but only after a hint, 2 = Introduces themselves but information is incomplete, 3 = Introduces themselves and information is complete]
4. Situation: Identifies the main problem(s). [Rubric: 0 = Unable to identify the main problem(s), 1 = Identifies the main problem(s) after extended prompting, 2 = Identifies the main problem(s) with fewer prompts needed, 3 = Identifies and prioritizes the main problem(s) unprompted]
5. Background (history): Gives appropriate history. [Rubric: 0 = History is unstructured or non-relevant, 1 = Relevant history but frequent clarification needed, 2 = Relevant history with few further questions needed, 3 = Comprehensive focused history]
6. Background (examination): Gives appropriate examination/observations. [Rubric: 0 = Observations are omitted or irrelevant, 1 = Observations reported but frequent clarification needed, 2 = Observations reported with few further questions needed, 3 = Comprehensive focused examination/observations]
7. Assessment: Makes logical assessment (correlates problem, history, exam, context). [Rubric: 0 = No logical assessment, 1 = Assessment only after extended questioning, 2 = Assessment after minimal questioning, 3 = Comprehensive logical assessment without questioning]
8. Recommendation (clear recommendation): Makes a clear recommendation. [Rubric: 0 = No recommendation, 1 = Clear recommendation only after extended questioning, 2 = Clear recommendation after minimal questioning, 3 = Clear comprehensive recommendation without questioning]
9. Recommendation (global rating scale): Global Rating Scale (GRS) - How confident am I that I received an accurate picture of the patient? [Rubric: 0 = Not at all confident, 1 = Confident but required extended questioning, 2 = Confident but required some further questioning, 3 = Confident and required little or no questioning]
10. Comments: Comments on the session. [Open-ended]

Responses:
--------------------

Respondent 12:
  Date: 2025-05-02
  SessionName: II (Anaphylaxis)
  Identification: 3
  Situation: 3
  Background (history): 3
  Background (examination): 3
  Assessment: 2
  Recommendation (clear recommendation): 3
  Recommendation (global rating scale): 3
  Comments: Good

Respondent 18:
  Date: 2025-05-04
  SessionName: IV - VT
  Identification: 3
  Situation: 3
  Background (history): 2
  Background (examination): 2
  Assessment: 3
  Recommendation (clear recommendation): 2
  Recommendation (global rating scale): 2
  Comments: Not very concise or clear communication
Satisfactory

Respondent 20:
  Date: 2025-05-02
  SessionName: IV (VT)
  Identification: 3
  Situation: 3
  Background (history): 2
  Background (examination): -1
  Assessment: 3
  Recommendation (clear recommendation): 2
  Recommendation (global rating scale): 3
  Comments: Good

Respondent 3:
  Date: 2025-04-04
  SessionName: III-Sepsis
  Identification: 0
  Situation: 2
  Background (history): 3
  Background (examination): 3
  Assessment: 3
  Recommendation (clear recommendation): 3
  Recommendation (global rating scale): 3
  Comments: The patient/simulation is not oriented in TPP.
Clear communication between Reg and colleague during handover

Respondent 4:
  Date: 2025-05-16
  SessionName: III (Sepsis)
  Identification: 3
  Situation: 3
  Background (history): 3
  Background (examination): 2
  Assessment: 2
  Recommendation (clear recommendation): 2
  Recommendation (global rating scale): 2
  Comments: Clinical handover and communication skills, satisfactory
No panic, no arrest team
Satisfactory

Respondent 8:
  Date: 2025-05-02
  SessionName: III (Sepsis)
  Identification: 3
  Situation: 3
  Background (history): 3
  Background (examination): 2
  Assessment: 2
  Recommendation (clear recommendation): 2
  Recommendation (global rating scale): 3
  Comments: Clear communication during handover
Good

Respondent 23:
  Date: 2025-03-14
  SessionName: II-Anaphylaxsis
  Identification: 3
  Situation: 3
  Background (history): 2
  Background (examination): 2
  Assessment: 3
  Recommendation (clear recommendation): 3
  Recommendation (global rating scale): 3
  Comments: Time: (11:43-11:58)
Talking to registrav could not summarize the condition of patient very clearly
DID: Sepsis I Anaphylaxsis given by team

Respondent 6:
  Date: 2025-04-04
  SessionName: II (Anaphylactic Shock)
  Identification: 3
  Situation: 2
  Background (history): 3
  Background (examination): 3
  Assessment: 2
  Recommendation (clear recommendation): 2
  Recommendation (global rating scale): 3
  Comments: 

""",['3'],"""<example>
List all respondents from the '(MI)-VT' session whose 'Recommendation (global rating scale)' is exactly 0.

DATA:

Survey Data
==================================================

Questions:
1. Date: What is the date of the session? [Open-ended]
2. SessionName: What is the name of the session? [Open-ended]
3. Identification: Identification of self, role, and patient. [Rubric: 0 = Requires direct prompting, 1 = Introduces themselves but only after a hint, 2 = Introduces themselves but information is incomplete, 3 = Introduces themselves and information is complete]
4. Situation: Identifies the main problem(s). [Rubric: 0 = Unable to identify the main problem(s), 1 = Identifies the main problem(s) after extended prompting, 2 = Identifies the main problem(s) with fewer prompts needed, 3 = Identifies and prioritizes the main problem(s) unprompted]
5. Background (history): Gives appropriate history. [Rubric: 0 = History is unstructured or non-relevant, 1 = Relevant history but frequent clarification needed, 2 = Relevant history with few further questions needed, 3 = Comprehensive focused history]
6. Background (examination): Gives appropriate examination/observations. [Rubric: 0 = Observations are omitted or irrelevant, 1 = Observations reported but frequent clarification needed, 2 = Observations reported with few further questions needed, 3 = Comprehensive focused examination/observations]
7. Assessment: Makes logical assessment (correlates problem, history, exam, context). [Rubric: 0 = No logical assessment, 1 = Assessment only after extended questioning, 2 = Assessment after minimal questioning, 3 = Comprehensive logical assessment without questioning]
8. Recommendation (clear recommendation): Makes a clear recommendation. [Rubric: 0 = No recommendation, 1 = Clear recommendation only after extended questioning, 2 = Clear recommendation after minimal questioning, 3 = Clear comprehensive recommendation without questioning]
9. Recommendation (global rating scale): Global Rating Scale (GRS) - How confident am I that I received an accurate picture of the patient? [Rubric: 0 = Not at all confident, 1 = Confident but required extended questioning, 2 = Confident but required some further questioning, 3 = Confident and required little or no questioning]
10. Comments: Comments on the session. [Open-ended]

Responses:
--------------------

Respondent 12:
  Date: 2025-05-02
  SessionName: II (Anaphylaxis)
  Identification: 3
  Situation: 3
  Background (history): 3
  Background (examination): 3
  Assessment: 2
  Recommendation (clear recommendation): 3
  Recommendation (global rating scale): 3
  Comments: Good

Respondent 18:
  Date: 2025-05-04
  SessionName: IV - VT
  Identification: 3
  Situation: 3
  Background (history): 2
  Background (examination): 2
  Assessment: 3
  Recommendation (clear recommendation): 2
  Recommendation (global rating scale): 2
  Comments: Not very concise or clear communication
Satisfactory

Respondent 20:
  Date: 2025-05-02
  SessionName: IV (VT)
  Identification: 3
  Situation: 3
  Background (history): 2
  Background (examination): -1
  Assessment: 3
  Recommendation (clear recommendation): 2
  Recommendation (global rating scale): 3
  Comments: Good

Respondent 3:
  Date: 2025-04-04
  SessionName: III-Sepsis
  Identification: 0
  Situation: 2
  Background (history): 3
  Background (examination): 3
  Assessment: 3
  Recommendation (clear recommendation): 3
  Recommendation (global rating scale): 3
  Comments: The patient/simulation is not oriented in TPP.
Clear communication between Reg and colleague during handover

Respondent 4:
  Date: 2025-05-16
  SessionName: III (Sepsis)
  Identification: 3
  Situation: 3
  Background (history): 3
  Background (examination): 2
  Assessment: 2
  Recommendation (clear recommendation): 2
  Recommendation (global rating scale): 2
  Comments: Clinical handover and communication skills, satisfactory
No panic, no arrest team
Satisfactory

Respondent 8:
  Date: 2025-05-02
  SessionName: III (Sepsis)
  Identification: 3
  Situation: 3
  Background (history): 3
  Background (examination): 2
  Assessment: 2
  Recommendation (clear recommendation): 2
  Recommendation (global rating scale): 3
  Comments: Clear communication during handover
Good

Respondent 23:
  Date: 2025-03-14
  SessionName: II-Anaphylaxsis
  Identification: 3
  Situation: 3
  Background (history): 2
  Background (examination): 2
  Assessment: 3
  Recommendation (clear recommendation): 3
  Recommendation (global rating scale): 3
  Comments: Time: (11:43-11:58)
Talking to registrav could not summarize the condition of patient very clearly
DID: Sepsis I Anaphylaxsis given by team

Respondent 6:
  Date: 2025-04-04
  SessionName: II (Anaphylactic Shock)
  Identification: 3
  Situation: 2
  Background (history): 3
  Background (examination): 3
  Assessment: 2
  Recommendation (clear recommendation): 2
  Recommendation (global rating scale): 3
  Comments: 



Answer: []
</example>

<questionnaire>
Survey Data
==================================================

Questions:
1. Date: What is the date of the session? [Open-ended]
2. SessionName: What is the name of the session? [Open-ended]
3. Identification: Identification of self, role, and patient. [Rubric: 0 = Requires direct prompting, 1 = Introduces themselves but only after a hint, 2 = Introduces themselves but information is incomplete, 3 = Introduces themselves and information is complete]
4. Situation: Identifies the main problem(s). [Rubric: 0 = Unable to identify the main problem(s), 1 = Identifies the main problem(s) after extended prompting, 2 = Identifies the main problem(s) with fewer prompts needed, 3 = Identifies and prioritizes the main problem(s) unprompted]
5. Background (history): Gives appropriate history. [Rubric: 0 = History is unstructured or non-relevant, 1 = Relevant history but frequent clarification needed, 2 = Relevant history with few further questions needed, 3 = Comprehensive focused history]
6. Background (examination): Gives appropriate examination/observations. [Rubric: 0 = Observations are omitted or irrelevant, 1 = Observations reported but frequent clarification needed, 2 = Observations reported with few further questions needed, 3 = Comprehensive focused examination/observations]
7. Assessment: Makes logical assessment (correlates problem, history, exam, context). [Rubric: 0 = No logical assessment, 1 = Assessment only after extended questioning, 2 = Assessment after minimal questioning, 3 = Comprehensive logical assessment without questioning]
8. Recommendation (clear recommendation): Makes a clear recommendation. [Rubric: 0 = No recommendation, 1 = Clear recommendation only after extended questioning, 2 = Clear recommendation after minimal questioning, 3 = Clear comprehensive recommendation without questioning]
9. Recommendation (global rating scale): Global Rating Scale (GRS) - How confident am I that I received an accurate picture of the patient? [Rubric: 0 = Not at all confident, 1 = Confident but required extended questioning, 2 = Confident but required some further questioning, 3 = Confident and required little or no questioning]
10. Comments: Comments on the session. [Open-ended]

Responses:
--------------------

Respondent 12:
  Date: 2025-05-02
  SessionName: II (Anaphylaxis)
  Identification: 3
  Situation: 3
  Background (history): 3
  Background (examination): 3
  Assessment: 2
  Recommendation (clear recommendation): 3
  Recommendation (global rating scale): 3
  Comments: Good

Respondent 18:
  Date: 2025-05-04
  SessionName: IV - VT
  Identification: 3
  Situation: 3
  Background (history): 2
  Background (examination): 2
  Assessment: 3
  Recommendation (clear recommendation): 2
  Recommendation (global rating scale): 2
  Comments: Not very concise or clear communication
Satisfactory

Respondent 20:
  Date: 2025-05-02
  SessionName: IV (VT)
  Identification: 3
  Situation: 3
  Background (history): 2
  Background (examination): -1
  Assessment: 3
  Recommendation (clear recommendation): 2
  Recommendation (global rating scale): 3
  Comments: Good

Respondent 3:
  Date: 2025-04-04
  SessionName: III-Sepsis
  Identification: 0
  Situation: 2
  Background (history): 3
  Background (examination): 3
  Assessment: 3
  Recommendation (clear recommendation): 3
  Recommendation (global rating scale): 3
  Comments: The patient/simulation is not oriented in TPP.
Clear communication between Reg and colleague during handover

Respondent 4:
  Date: 2025-05-16
  SessionName: III (Sepsis)
  Identification: 3
  Situation: 3
  Background (history): 3
  Background (examination): 2
  Assessment: 2
  Recommendation (clear recommendation): 2
  Recommendation (global rating scale): 2
  Comments: Clinical handover and communication skills, satisfactory
No panic, no arrest team
Satisfactory

Respondent 8:
  Date: 2025-05-02
  SessionName: III (Sepsis)
  Identification: 3
  Situation: 3
  Background (history): 3
  Background (examination): 2
  Assessment: 2
  Recommendation (clear recommendation): 2
  Recommendation (global rating scale): 3
  Comments: Clear communication during handover
Good

Respondent 23:
  Date: 2025-03-14
  SessionName: II-Anaphylaxsis
  Identification: 3
  Situation: 3
  Background (history): 2
  Background (examination): 2
  Assessment: 3
  Recommendation (clear recommendation): 3
  Recommendation (global rating scale): 3
  Comments: Time: (11:43-11:58)
Talking to registrav could not summarize the condition of patient very clearly
DID: Sepsis I Anaphylaxsis given by team

Respondent 6:
  Date: 2025-04-04
  SessionName: II (Anaphylactic Shock)
  Identification: 3
  Situation: 2
  Background (history): 3
  Background (examination): 3
  Assessment: 2
  Recommendation (clear recommendation): 2
  Recommendation (global rating scale): 3
  Comments: 


</questionnaire>

You are a meticulous data analyst AI. Your primary function is to accurately analyze structured data and provide precise, verifiable answers.

You will be given a dataset with two key parts:

A 'questions' section: This is your data dictionary or schema. It is the single source of truth for understanding what each field and score means. Refer to it carefully.

A 'responses' section: This contains the raw data from each individual respondent.

To answer the question correctly, you must first use the 'questions' schema to fully understand the context and meaning of the data points within the 'responses'. Do not rely on any prior knowledge outside of this provided data. Base your entire analysis on the information given.

Provide your final answer directly and concisely. Output must be the human-readable value, not an option code.

Rules:
- For MCQ fields, map any letter codes in the Responses (case-insensitive) to the corresponding option text from the Questions schema, and output only that text. Do NOT include the letter or both.
  Example: If the schema is """"[MCQ: A. Abnormal B. Inconclusive C. Normal]"""" and the response is """"a"""", output """"Abnormal"""".
- For open-ended fields, output the exact text value.
- If the question asks for a count, provide only the number (e.g., """"42"""").
- If the question asks for a list of names or IDs, provide a simple comma-separated list (e.g., """"17, 21, 23"""").
- Preserve capitalization exactly as in the schema (e.g., output """"Abnormal"""", not """"abnormal"""" or """"A"""").

<task>
List all respondents whose 'Background (history)' score is equal to their 'Assessment' score.
</task>""",3,False
case_38,rule_based_querying,List all respondents whose 'Recommendation (global rating scale)' score is equal to their 'Assessment' score.,"""Survey Data
==================================================

Questions:
1. Date: What is the date of the session? [Open-ended]
2. SessionName: What is the name of the session? [Open-ended]
3. Identification: Identification of self, role, and patient. [Rubric: 0 = Requires direct prompting, 1 = Introduces themselves but only after a hint, 2 = Introduces themselves but information is incomplete, 3 = Introduces themselves and information is complete]
4. Situation: Identifies the main problem(s). [Rubric: 0 = Unable to identify the main problem(s), 1 = Identifies the main problem(s) after extended prompting, 2 = Identifies the main problem(s) with fewer prompts needed, 3 = Identifies and prioritizes the main problem(s) unprompted]
5. Background (history): Gives appropriate history. [Rubric: 0 = History is unstructured or non-relevant, 1 = Relevant history but frequent clarification needed, 2 = Relevant history with few further questions needed, 3 = Comprehensive focused history]
6. Background (examination): Gives appropriate examination/observations. [Rubric: 0 = Observations are omitted or irrelevant, 1 = Observations reported but frequent clarification needed, 2 = Observations reported with few further questions needed, 3 = Comprehensive focused examination/observations]
7. Assessment: Makes logical assessment (correlates problem, history, exam, context). [Rubric: 0 = No logical assessment, 1 = Assessment only after extended questioning, 2 = Assessment after minimal questioning, 3 = Comprehensive logical assessment without questioning]
8. Recommendation (clear recommendation): Makes a clear recommendation. [Rubric: 0 = No recommendation, 1 = Clear recommendation only after extended questioning, 2 = Clear recommendation after minimal questioning, 3 = Clear comprehensive recommendation without questioning]
9. Recommendation (global rating scale): Global Rating Scale (GRS) - How confident am I that I received an accurate picture of the patient? [Rubric: 0 = Not at all confident, 1 = Confident but required extended questioning, 2 = Confident but required some further questioning, 3 = Confident and required little or no questioning]
10. Comments: Comments on the session. [Open-ended]

Responses:
--------------------

Respondent 2:
  Date: 2025-04-04
  SessionName: MI
  Identification: 3
  Situation: 3
  Background (history): 2
  Background (examination): 3
  Assessment: 3
  Recommendation (clear recommendation): 2
  Recommendation (global rating scale): 1
  Comments: 

Respondent 19:
  Date: 2025-05-16
  SessionName: I - MI
  Identification: 3
  Situation: 3
  Background (history): 3
  Background (examination): 3
  Assessment: 2
  Recommendation (clear recommendation): 3
  Recommendation (global rating scale): 3
  Comments: Wrong CPR position
Clarity is a bit low over whole case scenario
Satisfactory

Respondent 21:
  Date: 2025-05-16
  SessionName: I (Myocardial infarction)
  Identification: 3
  Situation: 2
  Background (history): 3
  Background (examination): 1
  Assessment: 2
  Recommendation (clear recommendation): 3
  Recommendation (global rating scale): 3
  Comments: Diagnostic clarity is present
Good and early assessment of condition is done

Respondent 13:
  Date: 2025-03-14
  SessionName: I-VF
  Identification: 3
  Situation: 3
  Background (history): 2
  Background (examination): 1
  Assessment: 2
  Recommendation (clear recommendation): 2
  Recommendation (global rating scale): 2
  Comments: Time: (10:29-10:54)
Ventricular fibrillation (CVS)
Lack of communication btween 2 main interns
Further brief to patient, ask patent concerns

Respondent 11:
  Date: 2025-04-04
  SessionName: IV (AF)
  Identification: 3
  Situation: 3
  Background (history): 3
  Background (examination): 3
  Assessment: 3
  Recommendation (clear recommendation): 3
  Recommendation (global rating scale): 3
  Comments: Clear communication and handover

Respondent 14:
  Date: 2025-03-14
  SessionName: IV-Hypoglycemia
  Identification: 3
  Situation: 3
  Background (history): 2
  Background (examination): 2
  Assessment: 3
  Recommendation (clear recommendation): 1
  Recommendation (global rating scale): 2
  Comments: Time: (2:36-2:53)
Late response for considering consultation

Respondent 4:
  Date: 2025-05-16
  SessionName: III (Sepsis)
  Identification: 3
  Situation: 3
  Background (history): 3
  Background (examination): 2
  Assessment: 2
  Recommendation (clear recommendation): 2
  Recommendation (global rating scale): 2
  Comments: Clinical handover and communication skills, satisfactory
No panic, no arrest team
Satisfactory

Respondent 1:
  Date: 2025-05-02
  SessionName: V (Hypoglycemia)
  Identification: -1
  Situation: 2
  Background (history): 2
  Background (examination): 2
  Assessment: 3
  Recommendation (clear recommendation): 2
  Recommendation (global rating scale): 2
  Comments: Satisfactory

Respondent 23:
  Date: 2025-03-14
  SessionName: II-Anaphylaxsis
  Identification: 3
  Situation: 3
  Background (history): 2
  Background (examination): 2
  Assessment: 3
  Recommendation (clear recommendation): 3
  Recommendation (global rating scale): 3
  Comments: Time: (11:43-11:58)
Talking to registrav could not summarize the condition of patient very clearly
DID: Sepsis I Anaphylaxsis given by team

Respondent 5:
  Date: 2025-05-04
  SessionName: II - Anaphylaxsis
  Identification: 3
  Situation: 3
  Background (history): 3
  Background (examination): 3
  Assessment: 3
  Recommendation (clear recommendation): 2
  Recommendation (global rating scale): 3
  Comments: Good clear and precise clinical handover
Good

Respondent 17:
  Date: 2025-05-04
  SessionName: V (Hypoglycemia)
  Identification: 3
  Situation: 3
  Background (history): 3
  Background (examination): 3
  Assessment: 3
  Recommendation (clear recommendation): 3
  Recommendation (global rating scale): 2
  Comments: Concise - clear
Satisfactory

Respondent 9:
  Date: 2025-05-04
  SessionName: II (Anaphylaxsis)
  Identification: 3
  Situation: 3
  Background (history): 2
  Background (examination): 2
  Assessment: 2
  Recommendation (clear recommendation): 3
  Recommendation (global rating scale): 2
  Comments: Overall a bit unclear communication reflected

""","""['13', '11', '4', '23', '5', '9']""","""<example>
List all respondents from the '(MI)-VT' session whose 'Recommendation (global rating scale)' is exactly 0.

DATA:

Survey Data
==================================================

Questions:
1. Date: What is the date of the session? [Open-ended]
2. SessionName: What is the name of the session? [Open-ended]
3. Identification: Identification of self, role, and patient. [Rubric: 0 = Requires direct prompting, 1 = Introduces themselves but only after a hint, 2 = Introduces themselves but information is incomplete, 3 = Introduces themselves and information is complete]
4. Situation: Identifies the main problem(s). [Rubric: 0 = Unable to identify the main problem(s), 1 = Identifies the main problem(s) after extended prompting, 2 = Identifies the main problem(s) with fewer prompts needed, 3 = Identifies and prioritizes the main problem(s) unprompted]
5. Background (history): Gives appropriate history. [Rubric: 0 = History is unstructured or non-relevant, 1 = Relevant history but frequent clarification needed, 2 = Relevant history with few further questions needed, 3 = Comprehensive focused history]
6. Background (examination): Gives appropriate examination/observations. [Rubric: 0 = Observations are omitted or irrelevant, 1 = Observations reported but frequent clarification needed, 2 = Observations reported with few further questions needed, 3 = Comprehensive focused examination/observations]
7. Assessment: Makes logical assessment (correlates problem, history, exam, context). [Rubric: 0 = No logical assessment, 1 = Assessment only after extended questioning, 2 = Assessment after minimal questioning, 3 = Comprehensive logical assessment without questioning]
8. Recommendation (clear recommendation): Makes a clear recommendation. [Rubric: 0 = No recommendation, 1 = Clear recommendation only after extended questioning, 2 = Clear recommendation after minimal questioning, 3 = Clear comprehensive recommendation without questioning]
9. Recommendation (global rating scale): Global Rating Scale (GRS) - How confident am I that I received an accurate picture of the patient? [Rubric: 0 = Not at all confident, 1 = Confident but required extended questioning, 2 = Confident but required some further questioning, 3 = Confident and required little or no questioning]
10. Comments: Comments on the session. [Open-ended]

Responses:
--------------------

Respondent 2:
  Date: 2025-04-04
  SessionName: MI
  Identification: 3
  Situation: 3
  Background (history): 2
  Background (examination): 3
  Assessment: 3
  Recommendation (clear recommendation): 2
  Recommendation (global rating scale): 1
  Comments: 

Respondent 19:
  Date: 2025-05-16
  SessionName: I - MI
  Identification: 3
  Situation: 3
  Background (history): 3
  Background (examination): 3
  Assessment: 2
  Recommendation (clear recommendation): 3
  Recommendation (global rating scale): 3
  Comments: Wrong CPR position
Clarity is a bit low over whole case scenario
Satisfactory

Respondent 21:
  Date: 2025-05-16
  SessionName: I (Myocardial infarction)
  Identification: 3
  Situation: 2
  Background (history): 3
  Background (examination): 1
  Assessment: 2
  Recommendation (clear recommendation): 3
  Recommendation (global rating scale): 3
  Comments: Diagnostic clarity is present
Good and early assessment of condition is done

Respondent 13:
  Date: 2025-03-14
  SessionName: I-VF
  Identification: 3
  Situation: 3
  Background (history): 2
  Background (examination): 1
  Assessment: 2
  Recommendation (clear recommendation): 2
  Recommendation (global rating scale): 2
  Comments: Time: (10:29-10:54)
Ventricular fibrillation (CVS)
Lack of communication btween 2 main interns
Further brief to patient, ask patent concerns

Respondent 11:
  Date: 2025-04-04
  SessionName: IV (AF)
  Identification: 3
  Situation: 3
  Background (history): 3
  Background (examination): 3
  Assessment: 3
  Recommendation (clear recommendation): 3
  Recommendation (global rating scale): 3
  Comments: Clear communication and handover

Respondent 14:
  Date: 2025-03-14
  SessionName: IV-Hypoglycemia
  Identification: 3
  Situation: 3
  Background (history): 2
  Background (examination): 2
  Assessment: 3
  Recommendation (clear recommendation): 1
  Recommendation (global rating scale): 2
  Comments: Time: (2:36-2:53)
Late response for considering consultation

Respondent 4:
  Date: 2025-05-16
  SessionName: III (Sepsis)
  Identification: 3
  Situation: 3
  Background (history): 3
  Background (examination): 2
  Assessment: 2
  Recommendation (clear recommendation): 2
  Recommendation (global rating scale): 2
  Comments: Clinical handover and communication skills, satisfactory
No panic, no arrest team
Satisfactory

Respondent 1:
  Date: 2025-05-02
  SessionName: V (Hypoglycemia)
  Identification: -1
  Situation: 2
  Background (history): 2
  Background (examination): 2
  Assessment: 3
  Recommendation (clear recommendation): 2
  Recommendation (global rating scale): 2
  Comments: Satisfactory

Respondent 23:
  Date: 2025-03-14
  SessionName: II-Anaphylaxsis
  Identification: 3
  Situation: 3
  Background (history): 2
  Background (examination): 2
  Assessment: 3
  Recommendation (clear recommendation): 3
  Recommendation (global rating scale): 3
  Comments: Time: (11:43-11:58)
Talking to registrav could not summarize the condition of patient very clearly
DID: Sepsis I Anaphylaxsis given by team

Respondent 5:
  Date: 2025-05-04
  SessionName: II - Anaphylaxsis
  Identification: 3
  Situation: 3
  Background (history): 3
  Background (examination): 3
  Assessment: 3
  Recommendation (clear recommendation): 2
  Recommendation (global rating scale): 3
  Comments: Good clear and precise clinical handover
Good

Respondent 17:
  Date: 2025-05-04
  SessionName: V (Hypoglycemia)
  Identification: 3
  Situation: 3
  Background (history): 3
  Background (examination): 3
  Assessment: 3
  Recommendation (clear recommendation): 3
  Recommendation (global rating scale): 2
  Comments: Concise - clear
Satisfactory

Respondent 9:
  Date: 2025-05-04
  SessionName: II (Anaphylaxsis)
  Identification: 3
  Situation: 3
  Background (history): 2
  Background (examination): 2
  Assessment: 2
  Recommendation (clear recommendation): 3
  Recommendation (global rating scale): 2
  Comments: Overall a bit unclear communication reflected



Answer: []
</example>

<questionnaire>
Survey Data
==================================================

Questions:
1. Date: What is the date of the session? [Open-ended]
2. SessionName: What is the name of the session? [Open-ended]
3. Identification: Identification of self, role, and patient. [Rubric: 0 = Requires direct prompting, 1 = Introduces themselves but only after a hint, 2 = Introduces themselves but information is incomplete, 3 = Introduces themselves and information is complete]
4. Situation: Identifies the main problem(s). [Rubric: 0 = Unable to identify the main problem(s), 1 = Identifies the main problem(s) after extended prompting, 2 = Identifies the main problem(s) with fewer prompts needed, 3 = Identifies and prioritizes the main problem(s) unprompted]
5. Background (history): Gives appropriate history. [Rubric: 0 = History is unstructured or non-relevant, 1 = Relevant history but frequent clarification needed, 2 = Relevant history with few further questions needed, 3 = Comprehensive focused history]
6. Background (examination): Gives appropriate examination/observations. [Rubric: 0 = Observations are omitted or irrelevant, 1 = Observations reported but frequent clarification needed, 2 = Observations reported with few further questions needed, 3 = Comprehensive focused examination/observations]
7. Assessment: Makes logical assessment (correlates problem, history, exam, context). [Rubric: 0 = No logical assessment, 1 = Assessment only after extended questioning, 2 = Assessment after minimal questioning, 3 = Comprehensive logical assessment without questioning]
8. Recommendation (clear recommendation): Makes a clear recommendation. [Rubric: 0 = No recommendation, 1 = Clear recommendation only after extended questioning, 2 = Clear recommendation after minimal questioning, 3 = Clear comprehensive recommendation without questioning]
9. Recommendation (global rating scale): Global Rating Scale (GRS) - How confident am I that I received an accurate picture of the patient? [Rubric: 0 = Not at all confident, 1 = Confident but required extended questioning, 2 = Confident but required some further questioning, 3 = Confident and required little or no questioning]
10. Comments: Comments on the session. [Open-ended]

Responses:
--------------------

Respondent 2:
  Date: 2025-04-04
  SessionName: MI
  Identification: 3
  Situation: 3
  Background (history): 2
  Background (examination): 3
  Assessment: 3
  Recommendation (clear recommendation): 2
  Recommendation (global rating scale): 1
  Comments: 

Respondent 19:
  Date: 2025-05-16
  SessionName: I - MI
  Identification: 3
  Situation: 3
  Background (history): 3
  Background (examination): 3
  Assessment: 2
  Recommendation (clear recommendation): 3
  Recommendation (global rating scale): 3
  Comments: Wrong CPR position
Clarity is a bit low over whole case scenario
Satisfactory

Respondent 21:
  Date: 2025-05-16
  SessionName: I (Myocardial infarction)
  Identification: 3
  Situation: 2
  Background (history): 3
  Background (examination): 1
  Assessment: 2
  Recommendation (clear recommendation): 3
  Recommendation (global rating scale): 3
  Comments: Diagnostic clarity is present
Good and early assessment of condition is done

Respondent 13:
  Date: 2025-03-14
  SessionName: I-VF
  Identification: 3
  Situation: 3
  Background (history): 2
  Background (examination): 1
  Assessment: 2
  Recommendation (clear recommendation): 2
  Recommendation (global rating scale): 2
  Comments: Time: (10:29-10:54)
Ventricular fibrillation (CVS)
Lack of communication btween 2 main interns
Further brief to patient, ask patent concerns

Respondent 11:
  Date: 2025-04-04
  SessionName: IV (AF)
  Identification: 3
  Situation: 3
  Background (history): 3
  Background (examination): 3
  Assessment: 3
  Recommendation (clear recommendation): 3
  Recommendation (global rating scale): 3
  Comments: Clear communication and handover

Respondent 14:
  Date: 2025-03-14
  SessionName: IV-Hypoglycemia
  Identification: 3
  Situation: 3
  Background (history): 2
  Background (examination): 2
  Assessment: 3
  Recommendation (clear recommendation): 1
  Recommendation (global rating scale): 2
  Comments: Time: (2:36-2:53)
Late response for considering consultation

Respondent 4:
  Date: 2025-05-16
  SessionName: III (Sepsis)
  Identification: 3
  Situation: 3
  Background (history): 3
  Background (examination): 2
  Assessment: 2
  Recommendation (clear recommendation): 2
  Recommendation (global rating scale): 2
  Comments: Clinical handover and communication skills, satisfactory
No panic, no arrest team
Satisfactory

Respondent 1:
  Date: 2025-05-02
  SessionName: V (Hypoglycemia)
  Identification: -1
  Situation: 2
  Background (history): 2
  Background (examination): 2
  Assessment: 3
  Recommendation (clear recommendation): 2
  Recommendation (global rating scale): 2
  Comments: Satisfactory

Respondent 23:
  Date: 2025-03-14
  SessionName: II-Anaphylaxsis
  Identification: 3
  Situation: 3
  Background (history): 2
  Background (examination): 2
  Assessment: 3
  Recommendation (clear recommendation): 3
  Recommendation (global rating scale): 3
  Comments: Time: (11:43-11:58)
Talking to registrav could not summarize the condition of patient very clearly
DID: Sepsis I Anaphylaxsis given by team

Respondent 5:
  Date: 2025-05-04
  SessionName: II - Anaphylaxsis
  Identification: 3
  Situation: 3
  Background (history): 3
  Background (examination): 3
  Assessment: 3
  Recommendation (clear recommendation): 2
  Recommendation (global rating scale): 3
  Comments: Good clear and precise clinical handover
Good

Respondent 17:
  Date: 2025-05-04
  SessionName: V (Hypoglycemia)
  Identification: 3
  Situation: 3
  Background (history): 3
  Background (examination): 3
  Assessment: 3
  Recommendation (clear recommendation): 3
  Recommendation (global rating scale): 2
  Comments: Concise - clear
Satisfactory

Respondent 9:
  Date: 2025-05-04
  SessionName: II (Anaphylaxsis)
  Identification: 3
  Situation: 3
  Background (history): 2
  Background (examination): 2
  Assessment: 2
  Recommendation (clear recommendation): 3
  Recommendation (global rating scale): 2
  Comments: Overall a bit unclear communication reflected


</questionnaire>

You are a meticulous data analyst AI. Your primary function is to accurately analyze structured data and provide precise, verifiable answers.

You will be given a dataset with two key parts:

A 'questions' section: This is your data dictionary or schema. It is the single source of truth for understanding what each field and score means. Refer to it carefully.

A 'responses' section: This contains the raw data from each individual respondent.

To answer the question correctly, you must first use the 'questions' schema to fully understand the context and meaning of the data points within the 'responses'. Do not rely on any prior knowledge outside of this provided data. Base your entire analysis on the information given.

Provide your final answer directly and concisely. Output must be the human-readable value, not an option code.

Rules:
- For MCQ fields, map any letter codes in the Responses (case-insensitive) to the corresponding option text from the Questions schema, and output only that text. Do NOT include the letter or both.
  Example: If the schema is """"[MCQ: A. Abnormal B. Inconclusive C. Normal]"""" and the response is """"a"""", output """"Abnormal"""".
- For open-ended fields, output the exact text value.
- If the question asks for a count, provide only the number (e.g., """"42"""").
- If the question asks for a list of names or IDs, provide a simple comma-separated list (e.g., """"17, 21, 23"""").
- Preserve capitalization exactly as in the schema (e.g., output """"Abnormal"""", not """"abnormal"""" or """"A"""").

<task>
List all respondents whose 'Recommendation (global rating scale)' score is equal to their 'Assessment' score.
</task>""","4, 5, 9, 11, 13, 23",False
case_39,rule_based_querying,List all respondents whose 'Recommendation (clear recommendation)' score is equal to their 'Situation' score.,"""Survey Data
==================================================

Questions:
1. Date: What is the date of the session? [Open-ended]
2. SessionName: What is the name of the session? [Open-ended]
3. Identification: Identification of self, role, and patient. [Rubric: 0 = Requires direct prompting, 1 = Introduces themselves but only after a hint, 2 = Introduces themselves but information is incomplete, 3 = Introduces themselves and information is complete]
4. Situation: Identifies the main problem(s). [Rubric: 0 = Unable to identify the main problem(s), 1 = Identifies the main problem(s) after extended prompting, 2 = Identifies the main problem(s) with fewer prompts needed, 3 = Identifies and prioritizes the main problem(s) unprompted]
5. Background (history): Gives appropriate history. [Rubric: 0 = History is unstructured or non-relevant, 1 = Relevant history but frequent clarification needed, 2 = Relevant history with few further questions needed, 3 = Comprehensive focused history]
6. Background (examination): Gives appropriate examination/observations. [Rubric: 0 = Observations are omitted or irrelevant, 1 = Observations reported but frequent clarification needed, 2 = Observations reported with few further questions needed, 3 = Comprehensive focused examination/observations]
7. Assessment: Makes logical assessment (correlates problem, history, exam, context). [Rubric: 0 = No logical assessment, 1 = Assessment only after extended questioning, 2 = Assessment after minimal questioning, 3 = Comprehensive logical assessment without questioning]
8. Recommendation (clear recommendation): Makes a clear recommendation. [Rubric: 0 = No recommendation, 1 = Clear recommendation only after extended questioning, 2 = Clear recommendation after minimal questioning, 3 = Clear comprehensive recommendation without questioning]
9. Recommendation (global rating scale): Global Rating Scale (GRS) - How confident am I that I received an accurate picture of the patient? [Rubric: 0 = Not at all confident, 1 = Confident but required extended questioning, 2 = Confident but required some further questioning, 3 = Confident and required little or no questioning]
10. Comments: Comments on the session. [Open-ended]

Responses:
--------------------

Respondent 18:
  Date: 2025-05-04
  SessionName: IV - VT
  Identification: 3
  Situation: 3
  Background (history): 2
  Background (examination): 2
  Assessment: 3
  Recommendation (clear recommendation): 2
  Recommendation (global rating scale): 2
  Comments: Not very concise or clear communication
Satisfactory

Respondent 19:
  Date: 2025-05-16
  SessionName: I - MI
  Identification: 3
  Situation: 3
  Background (history): 3
  Background (examination): 3
  Assessment: 2
  Recommendation (clear recommendation): 3
  Recommendation (global rating scale): 3
  Comments: Wrong CPR position
Clarity is a bit low over whole case scenario
Satisfactory

Respondent 22:
  Date: 2025-05-16
  SessionName: IV (VT)
  Identification: 3
  Situation: 3
  Background (history): 3
  Background (examination): 3
  Assessment: 2
  Recommendation (clear recommendation): 2
  Recommendation (global rating scale): 3
  Comments: Clear communication skills
Good

Respondent 8:
  Date: 2025-05-02
  SessionName: III (Sepsis)
  Identification: 3
  Situation: 3
  Background (history): 3
  Background (examination): 2
  Assessment: 2
  Recommendation (clear recommendation): 2
  Recommendation (global rating scale): 3
  Comments: Clear communication during handover
Good

Respondent 15:
  Date: 2025-05-04
  SessionName: III - Sepsis
  Identification: 3
  Situation: 3
  Background (history): 2
  Background (examination): 3
  Assessment: 2
  Recommendation (clear recommendation): 2
  Recommendation (global rating scale): 2
  Comments: Detailed Response - clear communication

Respondent 12:
  Date: 2025-05-02
  SessionName: II (Anaphylaxis)
  Identification: 3
  Situation: 3
  Background (history): 3
  Background (examination): 3
  Assessment: 2
  Recommendation (clear recommendation): 3
  Recommendation (global rating scale): 3
  Comments: Good

Respondent 13:
  Date: 2025-03-14
  SessionName: I-VF
  Identification: 3
  Situation: 3
  Background (history): 2
  Background (examination): 1
  Assessment: 2
  Recommendation (clear recommendation): 2
  Recommendation (global rating scale): 2
  Comments: Time: (10:29-10:54)
Ventricular fibrillation (CVS)
Lack of communication btween 2 main interns
Further brief to patient, ask patent concerns

Respondent 21:
  Date: 2025-05-16
  SessionName: I (Myocardial infarction)
  Identification: 3
  Situation: 2
  Background (history): 3
  Background (examination): 1
  Assessment: 2
  Recommendation (clear recommendation): 3
  Recommendation (global rating scale): 3
  Comments: Diagnostic clarity is present
Good and early assessment of condition is done

Respondent 17:
  Date: 2025-05-04
  SessionName: V (Hypoglycemia)
  Identification: 3
  Situation: 3
  Background (history): 3
  Background (examination): 3
  Assessment: 3
  Recommendation (clear recommendation): 3
  Recommendation (global rating scale): 2
  Comments: Concise - clear
Satisfactory

Respondent 11:
  Date: 2025-04-04
  SessionName: IV (AF)
  Identification: 3
  Situation: 3
  Background (history): 3
  Background (examination): 3
  Assessment: 3
  Recommendation (clear recommendation): 3
  Recommendation (global rating scale): 3
  Comments: Clear communication and handover

Respondent 10:
  Date: 2025-03-14
  SessionName: (MI)-VT
  Identification: 2
  Situation: 2
  Background (history): 2
  Background (examination): 2
  Assessment: 2
  Recommendation (clear recommendation): 2
  Recommendation (global rating scale): 2
  Comments: Time: (15:53-16:14)

Respondent 23:
  Date: 2025-03-14
  SessionName: II-Anaphylaxsis
  Identification: 3
  Situation: 3
  Background (history): 2
  Background (examination): 2
  Assessment: 3
  Recommendation (clear recommendation): 3
  Recommendation (global rating scale): 3
  Comments: Time: (11:43-11:58)
Talking to registrav could not summarize the condition of patient very clearly
DID: Sepsis I Anaphylaxsis given by team

""","""['19', '12', '17', '11', '10', '23']""","""<example>
List all respondents from the '(MI)-VT' session whose 'Recommendation (global rating scale)' is exactly 0.

DATA:

Survey Data
==================================================

Questions:
1. Date: What is the date of the session? [Open-ended]
2. SessionName: What is the name of the session? [Open-ended]
3. Identification: Identification of self, role, and patient. [Rubric: 0 = Requires direct prompting, 1 = Introduces themselves but only after a hint, 2 = Introduces themselves but information is incomplete, 3 = Introduces themselves and information is complete]
4. Situation: Identifies the main problem(s). [Rubric: 0 = Unable to identify the main problem(s), 1 = Identifies the main problem(s) after extended prompting, 2 = Identifies the main problem(s) with fewer prompts needed, 3 = Identifies and prioritizes the main problem(s) unprompted]
5. Background (history): Gives appropriate history. [Rubric: 0 = History is unstructured or non-relevant, 1 = Relevant history but frequent clarification needed, 2 = Relevant history with few further questions needed, 3 = Comprehensive focused history]
6. Background (examination): Gives appropriate examination/observations. [Rubric: 0 = Observations are omitted or irrelevant, 1 = Observations reported but frequent clarification needed, 2 = Observations reported with few further questions needed, 3 = Comprehensive focused examination/observations]
7. Assessment: Makes logical assessment (correlates problem, history, exam, context). [Rubric: 0 = No logical assessment, 1 = Assessment only after extended questioning, 2 = Assessment after minimal questioning, 3 = Comprehensive logical assessment without questioning]
8. Recommendation (clear recommendation): Makes a clear recommendation. [Rubric: 0 = No recommendation, 1 = Clear recommendation only after extended questioning, 2 = Clear recommendation after minimal questioning, 3 = Clear comprehensive recommendation without questioning]
9. Recommendation (global rating scale): Global Rating Scale (GRS) - How confident am I that I received an accurate picture of the patient? [Rubric: 0 = Not at all confident, 1 = Confident but required extended questioning, 2 = Confident but required some further questioning, 3 = Confident and required little or no questioning]
10. Comments: Comments on the session. [Open-ended]

Responses:
--------------------

Respondent 18:
  Date: 2025-05-04
  SessionName: IV - VT
  Identification: 3
  Situation: 3
  Background (history): 2
  Background (examination): 2
  Assessment: 3
  Recommendation (clear recommendation): 2
  Recommendation (global rating scale): 2
  Comments: Not very concise or clear communication
Satisfactory

Respondent 19:
  Date: 2025-05-16
  SessionName: I - MI
  Identification: 3
  Situation: 3
  Background (history): 3
  Background (examination): 3
  Assessment: 2
  Recommendation (clear recommendation): 3
  Recommendation (global rating scale): 3
  Comments: Wrong CPR position
Clarity is a bit low over whole case scenario
Satisfactory

Respondent 22:
  Date: 2025-05-16
  SessionName: IV (VT)
  Identification: 3
  Situation: 3
  Background (history): 3
  Background (examination): 3
  Assessment: 2
  Recommendation (clear recommendation): 2
  Recommendation (global rating scale): 3
  Comments: Clear communication skills
Good

Respondent 8:
  Date: 2025-05-02
  SessionName: III (Sepsis)
  Identification: 3
  Situation: 3
  Background (history): 3
  Background (examination): 2
  Assessment: 2
  Recommendation (clear recommendation): 2
  Recommendation (global rating scale): 3
  Comments: Clear communication during handover
Good

Respondent 15:
  Date: 2025-05-04
  SessionName: III - Sepsis
  Identification: 3
  Situation: 3
  Background (history): 2
  Background (examination): 3
  Assessment: 2
  Recommendation (clear recommendation): 2
  Recommendation (global rating scale): 2
  Comments: Detailed Response - clear communication

Respondent 12:
  Date: 2025-05-02
  SessionName: II (Anaphylaxis)
  Identification: 3
  Situation: 3
  Background (history): 3
  Background (examination): 3
  Assessment: 2
  Recommendation (clear recommendation): 3
  Recommendation (global rating scale): 3
  Comments: Good

Respondent 13:
  Date: 2025-03-14
  SessionName: I-VF
  Identification: 3
  Situation: 3
  Background (history): 2
  Background (examination): 1
  Assessment: 2
  Recommendation (clear recommendation): 2
  Recommendation (global rating scale): 2
  Comments: Time: (10:29-10:54)
Ventricular fibrillation (CVS)
Lack of communication btween 2 main interns
Further brief to patient, ask patent concerns

Respondent 21:
  Date: 2025-05-16
  SessionName: I (Myocardial infarction)
  Identification: 3
  Situation: 2
  Background (history): 3
  Background (examination): 1
  Assessment: 2
  Recommendation (clear recommendation): 3
  Recommendation (global rating scale): 3
  Comments: Diagnostic clarity is present
Good and early assessment of condition is done

Respondent 17:
  Date: 2025-05-04
  SessionName: V (Hypoglycemia)
  Identification: 3
  Situation: 3
  Background (history): 3
  Background (examination): 3
  Assessment: 3
  Recommendation (clear recommendation): 3
  Recommendation (global rating scale): 2
  Comments: Concise - clear
Satisfactory

Respondent 11:
  Date: 2025-04-04
  SessionName: IV (AF)
  Identification: 3
  Situation: 3
  Background (history): 3
  Background (examination): 3
  Assessment: 3
  Recommendation (clear recommendation): 3
  Recommendation (global rating scale): 3
  Comments: Clear communication and handover

Respondent 10:
  Date: 2025-03-14
  SessionName: (MI)-VT
  Identification: 2
  Situation: 2
  Background (history): 2
  Background (examination): 2
  Assessment: 2
  Recommendation (clear recommendation): 2
  Recommendation (global rating scale): 2
  Comments: Time: (15:53-16:14)

Respondent 23:
  Date: 2025-03-14
  SessionName: II-Anaphylaxsis
  Identification: 3
  Situation: 3
  Background (history): 2
  Background (examination): 2
  Assessment: 3
  Recommendation (clear recommendation): 3
  Recommendation (global rating scale): 3
  Comments: Time: (11:43-11:58)
Talking to registrav could not summarize the condition of patient very clearly
DID: Sepsis I Anaphylaxsis given by team



Answer: []
</example>

<questionnaire>
Survey Data
==================================================

Questions:
1. Date: What is the date of the session? [Open-ended]
2. SessionName: What is the name of the session? [Open-ended]
3. Identification: Identification of self, role, and patient. [Rubric: 0 = Requires direct prompting, 1 = Introduces themselves but only after a hint, 2 = Introduces themselves but information is incomplete, 3 = Introduces themselves and information is complete]
4. Situation: Identifies the main problem(s). [Rubric: 0 = Unable to identify the main problem(s), 1 = Identifies the main problem(s) after extended prompting, 2 = Identifies the main problem(s) with fewer prompts needed, 3 = Identifies and prioritizes the main problem(s) unprompted]
5. Background (history): Gives appropriate history. [Rubric: 0 = History is unstructured or non-relevant, 1 = Relevant history but frequent clarification needed, 2 = Relevant history with few further questions needed, 3 = Comprehensive focused history]
6. Background (examination): Gives appropriate examination/observations. [Rubric: 0 = Observations are omitted or irrelevant, 1 = Observations reported but frequent clarification needed, 2 = Observations reported with few further questions needed, 3 = Comprehensive focused examination/observations]
7. Assessment: Makes logical assessment (correlates problem, history, exam, context). [Rubric: 0 = No logical assessment, 1 = Assessment only after extended questioning, 2 = Assessment after minimal questioning, 3 = Comprehensive logical assessment without questioning]
8. Recommendation (clear recommendation): Makes a clear recommendation. [Rubric: 0 = No recommendation, 1 = Clear recommendation only after extended questioning, 2 = Clear recommendation after minimal questioning, 3 = Clear comprehensive recommendation without questioning]
9. Recommendation (global rating scale): Global Rating Scale (GRS) - How confident am I that I received an accurate picture of the patient? [Rubric: 0 = Not at all confident, 1 = Confident but required extended questioning, 2 = Confident but required some further questioning, 3 = Confident and required little or no questioning]
10. Comments: Comments on the session. [Open-ended]

Responses:
--------------------

Respondent 18:
  Date: 2025-05-04
  SessionName: IV - VT
  Identification: 3
  Situation: 3
  Background (history): 2
  Background (examination): 2
  Assessment: 3
  Recommendation (clear recommendation): 2
  Recommendation (global rating scale): 2
  Comments: Not very concise or clear communication
Satisfactory

Respondent 19:
  Date: 2025-05-16
  SessionName: I - MI
  Identification: 3
  Situation: 3
  Background (history): 3
  Background (examination): 3
  Assessment: 2
  Recommendation (clear recommendation): 3
  Recommendation (global rating scale): 3
  Comments: Wrong CPR position
Clarity is a bit low over whole case scenario
Satisfactory

Respondent 22:
  Date: 2025-05-16
  SessionName: IV (VT)
  Identification: 3
  Situation: 3
  Background (history): 3
  Background (examination): 3
  Assessment: 2
  Recommendation (clear recommendation): 2
  Recommendation (global rating scale): 3
  Comments: Clear communication skills
Good

Respondent 8:
  Date: 2025-05-02
  SessionName: III (Sepsis)
  Identification: 3
  Situation: 3
  Background (history): 3
  Background (examination): 2
  Assessment: 2
  Recommendation (clear recommendation): 2
  Recommendation (global rating scale): 3
  Comments: Clear communication during handover
Good

Respondent 15:
  Date: 2025-05-04
  SessionName: III - Sepsis
  Identification: 3
  Situation: 3
  Background (history): 2
  Background (examination): 3
  Assessment: 2
  Recommendation (clear recommendation): 2
  Recommendation (global rating scale): 2
  Comments: Detailed Response - clear communication

Respondent 12:
  Date: 2025-05-02
  SessionName: II (Anaphylaxis)
  Identification: 3
  Situation: 3
  Background (history): 3
  Background (examination): 3
  Assessment: 2
  Recommendation (clear recommendation): 3
  Recommendation (global rating scale): 3
  Comments: Good

Respondent 13:
  Date: 2025-03-14
  SessionName: I-VF
  Identification: 3
  Situation: 3
  Background (history): 2
  Background (examination): 1
  Assessment: 2
  Recommendation (clear recommendation): 2
  Recommendation (global rating scale): 2
  Comments: Time: (10:29-10:54)
Ventricular fibrillation (CVS)
Lack of communication btween 2 main interns
Further brief to patient, ask patent concerns

Respondent 21:
  Date: 2025-05-16
  SessionName: I (Myocardial infarction)
  Identification: 3
  Situation: 2
  Background (history): 3
  Background (examination): 1
  Assessment: 2
  Recommendation (clear recommendation): 3
  Recommendation (global rating scale): 3
  Comments: Diagnostic clarity is present
Good and early assessment of condition is done

Respondent 17:
  Date: 2025-05-04
  SessionName: V (Hypoglycemia)
  Identification: 3
  Situation: 3
  Background (history): 3
  Background (examination): 3
  Assessment: 3
  Recommendation (clear recommendation): 3
  Recommendation (global rating scale): 2
  Comments: Concise - clear
Satisfactory

Respondent 11:
  Date: 2025-04-04
  SessionName: IV (AF)
  Identification: 3
  Situation: 3
  Background (history): 3
  Background (examination): 3
  Assessment: 3
  Recommendation (clear recommendation): 3
  Recommendation (global rating scale): 3
  Comments: Clear communication and handover

Respondent 10:
  Date: 2025-03-14
  SessionName: (MI)-VT
  Identification: 2
  Situation: 2
  Background (history): 2
  Background (examination): 2
  Assessment: 2
  Recommendation (clear recommendation): 2
  Recommendation (global rating scale): 2
  Comments: Time: (15:53-16:14)

Respondent 23:
  Date: 2025-03-14
  SessionName: II-Anaphylaxsis
  Identification: 3
  Situation: 3
  Background (history): 2
  Background (examination): 2
  Assessment: 3
  Recommendation (clear recommendation): 3
  Recommendation (global rating scale): 3
  Comments: Time: (11:43-11:58)
Talking to registrav could not summarize the condition of patient very clearly
DID: Sepsis I Anaphylaxsis given by team


</questionnaire>

You are a meticulous data analyst AI. Your primary function is to accurately analyze structured data and provide precise, verifiable answers.

You will be given a dataset with two key parts:

A 'questions' section: This is your data dictionary or schema. It is the single source of truth for understanding what each field and score means. Refer to it carefully.

A 'responses' section: This contains the raw data from each individual respondent.

To answer the question correctly, you must first use the 'questions' schema to fully understand the context and meaning of the data points within the 'responses'. Do not rely on any prior knowledge outside of this provided data. Base your entire analysis on the information given.

Provide your final answer directly and concisely. Output must be the human-readable value, not an option code.

Rules:
- For MCQ fields, map any letter codes in the Responses (case-insensitive) to the corresponding option text from the Questions schema, and output only that text. Do NOT include the letter or both.
  Example: If the schema is """"[MCQ: A. Abnormal B. Inconclusive C. Normal]"""" and the response is """"a"""", output """"Abnormal"""".
- For open-ended fields, output the exact text value.
- If the question asks for a count, provide only the number (e.g., """"42"""").
- If the question asks for a list of names or IDs, provide a simple comma-separated list (e.g., """"17, 21, 23"""").
- Preserve capitalization exactly as in the schema (e.g., output """"Abnormal"""", not """"abnormal"""" or """"A"""").

<task>
List all respondents whose 'Recommendation (clear recommendation)' score is equal to their 'Situation' score.
</task>""","10, 11, 12, 17, 19, 23",False
case_40,rule_based_querying,Find all respondents whose total score for 'Assessment' and 'Situation' is greater than 4.,"""Survey Data
==================================================

Questions:
1. Date: What is the date of the session? [Open-ended]
2. SessionName: What is the name of the session? [Open-ended]
3. Identification: Identification of self, role, and patient. [Rubric: 0 = Requires direct prompting, 1 = Introduces themselves but only after a hint, 2 = Introduces themselves but information is incomplete, 3 = Introduces themselves and information is complete]
4. Situation: Identifies the main problem(s). [Rubric: 0 = Unable to identify the main problem(s), 1 = Identifies the main problem(s) after extended prompting, 2 = Identifies the main problem(s) with fewer prompts needed, 3 = Identifies and prioritizes the main problem(s) unprompted]
5. Background (history): Gives appropriate history. [Rubric: 0 = History is unstructured or non-relevant, 1 = Relevant history but frequent clarification needed, 2 = Relevant history with few further questions needed, 3 = Comprehensive focused history]
6. Background (examination): Gives appropriate examination/observations. [Rubric: 0 = Observations are omitted or irrelevant, 1 = Observations reported but frequent clarification needed, 2 = Observations reported with few further questions needed, 3 = Comprehensive focused examination/observations]
7. Assessment: Makes logical assessment (correlates problem, history, exam, context). [Rubric: 0 = No logical assessment, 1 = Assessment only after extended questioning, 2 = Assessment after minimal questioning, 3 = Comprehensive logical assessment without questioning]
8. Recommendation (clear recommendation): Makes a clear recommendation. [Rubric: 0 = No recommendation, 1 = Clear recommendation only after extended questioning, 2 = Clear recommendation after minimal questioning, 3 = Clear comprehensive recommendation without questioning]
9. Recommendation (global rating scale): Global Rating Scale (GRS) - How confident am I that I received an accurate picture of the patient? [Rubric: 0 = Not at all confident, 1 = Confident but required extended questioning, 2 = Confident but required some further questioning, 3 = Confident and required little or no questioning]
10. Comments: Comments on the session. [Open-ended]

Responses:
--------------------

Respondent 5:
  Date: 2025-05-04
  SessionName: II - Anaphylaxsis
  Identification: 3
  Situation: 3
  Background (history): 3
  Background (examination): 3
  Assessment: 3
  Recommendation (clear recommendation): 2
  Recommendation (global rating scale): 3
  Comments: Good clear and precise clinical handover
Good

Respondent 12:
  Date: 2025-05-02
  SessionName: II (Anaphylaxis)
  Identification: 3
  Situation: 3
  Background (history): 3
  Background (examination): 3
  Assessment: 2
  Recommendation (clear recommendation): 3
  Recommendation (global rating scale): 3
  Comments: Good

Respondent 1:
  Date: 2025-05-02
  SessionName: V (Hypoglycemia)
  Identification: -1
  Situation: 2
  Background (history): 2
  Background (examination): 2
  Assessment: 3
  Recommendation (clear recommendation): 2
  Recommendation (global rating scale): 2
  Comments: Satisfactory

Respondent 16:
  Date: 2025-05-02
  SessionName: I - MI
  Identification: 3
  Situation: 3
  Background (history): 3
  Background (examination): 3
  Assessment: 3
  Recommendation (clear recommendation): 2
  Recommendation (global rating scale): 3
  Comments: Consent denied for video recordings
Satisfactory

Respondent 4:
  Date: 2025-05-16
  SessionName: III (Sepsis)
  Identification: 3
  Situation: 3
  Background (history): 3
  Background (examination): 2
  Assessment: 2
  Recommendation (clear recommendation): 2
  Recommendation (global rating scale): 2
  Comments: Clinical handover and communication skills, satisfactory
No panic, no arrest team
Satisfactory

Respondent 10:
  Date: 2025-03-14
  SessionName: (MI)-VT
  Identification: 2
  Situation: 2
  Background (history): 2
  Background (examination): 2
  Assessment: 2
  Recommendation (clear recommendation): 2
  Recommendation (global rating scale): 2
  Comments: Time: (15:53-16:14)

Respondent 14:
  Date: 2025-03-14
  SessionName: IV-Hypoglycemia
  Identification: 3
  Situation: 3
  Background (history): 2
  Background (examination): 2
  Assessment: 3
  Recommendation (clear recommendation): 1
  Recommendation (global rating scale): 2
  Comments: Time: (2:36-2:53)
Late response for considering consultation

Respondent 3:
  Date: 2025-04-04
  SessionName: III-Sepsis
  Identification: 0
  Situation: 2
  Background (history): 3
  Background (examination): 3
  Assessment: 3
  Recommendation (clear recommendation): 3
  Recommendation (global rating scale): 3
  Comments: The patient/simulation is not oriented in TPP.
Clear communication between Reg and colleague during handover

Respondent 2:
  Date: 2025-04-04
  SessionName: MI
  Identification: 3
  Situation: 3
  Background (history): 2
  Background (examination): 3
  Assessment: 3
  Recommendation (clear recommendation): 2
  Recommendation (global rating scale): 1
  Comments: 

Respondent 17:
  Date: 2025-05-04
  SessionName: V (Hypoglycemia)
  Identification: 3
  Situation: 3
  Background (history): 3
  Background (examination): 3
  Assessment: 3
  Recommendation (clear recommendation): 3
  Recommendation (global rating scale): 2
  Comments: Concise - clear
Satisfactory

Respondent 22:
  Date: 2025-05-16
  SessionName: IV (VT)
  Identification: 3
  Situation: 3
  Background (history): 3
  Background (examination): 3
  Assessment: 2
  Recommendation (clear recommendation): 2
  Recommendation (global rating scale): 3
  Comments: Clear communication skills
Good

Respondent 20:
  Date: 2025-05-02
  SessionName: IV (VT)
  Identification: 3
  Situation: 3
  Background (history): 2
  Background (examination): -1
  Assessment: 3
  Recommendation (clear recommendation): 2
  Recommendation (global rating scale): 3
  Comments: Good

""","""['5', '12', '1', '16', '4', '14', '3', '2', '17', '22', '20']""","""<example>
List all respondents from the '(MI)-VT' session whose 'Recommendation (global rating scale)' is exactly 0.

DATA:

Survey Data
==================================================

Questions:
1. Date: What is the date of the session? [Open-ended]
2. SessionName: What is the name of the session? [Open-ended]
3. Identification: Identification of self, role, and patient. [Rubric: 0 = Requires direct prompting, 1 = Introduces themselves but only after a hint, 2 = Introduces themselves but information is incomplete, 3 = Introduces themselves and information is complete]
4. Situation: Identifies the main problem(s). [Rubric: 0 = Unable to identify the main problem(s), 1 = Identifies the main problem(s) after extended prompting, 2 = Identifies the main problem(s) with fewer prompts needed, 3 = Identifies and prioritizes the main problem(s) unprompted]
5. Background (history): Gives appropriate history. [Rubric: 0 = History is unstructured or non-relevant, 1 = Relevant history but frequent clarification needed, 2 = Relevant history with few further questions needed, 3 = Comprehensive focused history]
6. Background (examination): Gives appropriate examination/observations. [Rubric: 0 = Observations are omitted or irrelevant, 1 = Observations reported but frequent clarification needed, 2 = Observations reported with few further questions needed, 3 = Comprehensive focused examination/observations]
7. Assessment: Makes logical assessment (correlates problem, history, exam, context). [Rubric: 0 = No logical assessment, 1 = Assessment only after extended questioning, 2 = Assessment after minimal questioning, 3 = Comprehensive logical assessment without questioning]
8. Recommendation (clear recommendation): Makes a clear recommendation. [Rubric: 0 = No recommendation, 1 = Clear recommendation only after extended questioning, 2 = Clear recommendation after minimal questioning, 3 = Clear comprehensive recommendation without questioning]
9. Recommendation (global rating scale): Global Rating Scale (GRS) - How confident am I that I received an accurate picture of the patient? [Rubric: 0 = Not at all confident, 1 = Confident but required extended questioning, 2 = Confident but required some further questioning, 3 = Confident and required little or no questioning]
10. Comments: Comments on the session. [Open-ended]

Responses:
--------------------

Respondent 5:
  Date: 2025-05-04
  SessionName: II - Anaphylaxsis
  Identification: 3
  Situation: 3
  Background (history): 3
  Background (examination): 3
  Assessment: 3
  Recommendation (clear recommendation): 2
  Recommendation (global rating scale): 3
  Comments: Good clear and precise clinical handover
Good

Respondent 12:
  Date: 2025-05-02
  SessionName: II (Anaphylaxis)
  Identification: 3
  Situation: 3
  Background (history): 3
  Background (examination): 3
  Assessment: 2
  Recommendation (clear recommendation): 3
  Recommendation (global rating scale): 3
  Comments: Good

Respondent 1:
  Date: 2025-05-02
  SessionName: V (Hypoglycemia)
  Identification: -1
  Situation: 2
  Background (history): 2
  Background (examination): 2
  Assessment: 3
  Recommendation (clear recommendation): 2
  Recommendation (global rating scale): 2
  Comments: Satisfactory

Respondent 16:
  Date: 2025-05-02
  SessionName: I - MI
  Identification: 3
  Situation: 3
  Background (history): 3
  Background (examination): 3
  Assessment: 3
  Recommendation (clear recommendation): 2
  Recommendation (global rating scale): 3
  Comments: Consent denied for video recordings
Satisfactory

Respondent 4:
  Date: 2025-05-16
  SessionName: III (Sepsis)
  Identification: 3
  Situation: 3
  Background (history): 3
  Background (examination): 2
  Assessment: 2
  Recommendation (clear recommendation): 2
  Recommendation (global rating scale): 2
  Comments: Clinical handover and communication skills, satisfactory
No panic, no arrest team
Satisfactory

Respondent 10:
  Date: 2025-03-14
  SessionName: (MI)-VT
  Identification: 2
  Situation: 2
  Background (history): 2
  Background (examination): 2
  Assessment: 2
  Recommendation (clear recommendation): 2
  Recommendation (global rating scale): 2
  Comments: Time: (15:53-16:14)

Respondent 14:
  Date: 2025-03-14
  SessionName: IV-Hypoglycemia
  Identification: 3
  Situation: 3
  Background (history): 2
  Background (examination): 2
  Assessment: 3
  Recommendation (clear recommendation): 1
  Recommendation (global rating scale): 2
  Comments: Time: (2:36-2:53)
Late response for considering consultation

Respondent 3:
  Date: 2025-04-04
  SessionName: III-Sepsis
  Identification: 0
  Situation: 2
  Background (history): 3
  Background (examination): 3
  Assessment: 3
  Recommendation (clear recommendation): 3
  Recommendation (global rating scale): 3
  Comments: The patient/simulation is not oriented in TPP.
Clear communication between Reg and colleague during handover

Respondent 2:
  Date: 2025-04-04
  SessionName: MI
  Identification: 3
  Situation: 3
  Background (history): 2
  Background (examination): 3
  Assessment: 3
  Recommendation (clear recommendation): 2
  Recommendation (global rating scale): 1
  Comments: 

Respondent 17:
  Date: 2025-05-04
  SessionName: V (Hypoglycemia)
  Identification: 3
  Situation: 3
  Background (history): 3
  Background (examination): 3
  Assessment: 3
  Recommendation (clear recommendation): 3
  Recommendation (global rating scale): 2
  Comments: Concise - clear
Satisfactory

Respondent 22:
  Date: 2025-05-16
  SessionName: IV (VT)
  Identification: 3
  Situation: 3
  Background (history): 3
  Background (examination): 3
  Assessment: 2
  Recommendation (clear recommendation): 2
  Recommendation (global rating scale): 3
  Comments: Clear communication skills
Good

Respondent 20:
  Date: 2025-05-02
  SessionName: IV (VT)
  Identification: 3
  Situation: 3
  Background (history): 2
  Background (examination): -1
  Assessment: 3
  Recommendation (clear recommendation): 2
  Recommendation (global rating scale): 3
  Comments: Good



Answer: []
</example>

<questionnaire>
Survey Data
==================================================

Questions:
1. Date: What is the date of the session? [Open-ended]
2. SessionName: What is the name of the session? [Open-ended]
3. Identification: Identification of self, role, and patient. [Rubric: 0 = Requires direct prompting, 1 = Introduces themselves but only after a hint, 2 = Introduces themselves but information is incomplete, 3 = Introduces themselves and information is complete]
4. Situation: Identifies the main problem(s). [Rubric: 0 = Unable to identify the main problem(s), 1 = Identifies the main problem(s) after extended prompting, 2 = Identifies the main problem(s) with fewer prompts needed, 3 = Identifies and prioritizes the main problem(s) unprompted]
5. Background (history): Gives appropriate history. [Rubric: 0 = History is unstructured or non-relevant, 1 = Relevant history but frequent clarification needed, 2 = Relevant history with few further questions needed, 3 = Comprehensive focused history]
6. Background (examination): Gives appropriate examination/observations. [Rubric: 0 = Observations are omitted or irrelevant, 1 = Observations reported but frequent clarification needed, 2 = Observations reported with few further questions needed, 3 = Comprehensive focused examination/observations]
7. Assessment: Makes logical assessment (correlates problem, history, exam, context). [Rubric: 0 = No logical assessment, 1 = Assessment only after extended questioning, 2 = Assessment after minimal questioning, 3 = Comprehensive logical assessment without questioning]
8. Recommendation (clear recommendation): Makes a clear recommendation. [Rubric: 0 = No recommendation, 1 = Clear recommendation only after extended questioning, 2 = Clear recommendation after minimal questioning, 3 = Clear comprehensive recommendation without questioning]
9. Recommendation (global rating scale): Global Rating Scale (GRS) - How confident am I that I received an accurate picture of the patient? [Rubric: 0 = Not at all confident, 1 = Confident but required extended questioning, 2 = Confident but required some further questioning, 3 = Confident and required little or no questioning]
10. Comments: Comments on the session. [Open-ended]

Responses:
--------------------

Respondent 5:
  Date: 2025-05-04
  SessionName: II - Anaphylaxsis
  Identification: 3
  Situation: 3
  Background (history): 3
  Background (examination): 3
  Assessment: 3
  Recommendation (clear recommendation): 2
  Recommendation (global rating scale): 3
  Comments: Good clear and precise clinical handover
Good

Respondent 12:
  Date: 2025-05-02
  SessionName: II (Anaphylaxis)
  Identification: 3
  Situation: 3
  Background (history): 3
  Background (examination): 3
  Assessment: 2
  Recommendation (clear recommendation): 3
  Recommendation (global rating scale): 3
  Comments: Good

Respondent 1:
  Date: 2025-05-02
  SessionName: V (Hypoglycemia)
  Identification: -1
  Situation: 2
  Background (history): 2
  Background (examination): 2
  Assessment: 3
  Recommendation (clear recommendation): 2
  Recommendation (global rating scale): 2
  Comments: Satisfactory

Respondent 16:
  Date: 2025-05-02
  SessionName: I - MI
  Identification: 3
  Situation: 3
  Background (history): 3
  Background (examination): 3
  Assessment: 3
  Recommendation (clear recommendation): 2
  Recommendation (global rating scale): 3
  Comments: Consent denied for video recordings
Satisfactory

Respondent 4:
  Date: 2025-05-16
  SessionName: III (Sepsis)
  Identification: 3
  Situation: 3
  Background (history): 3
  Background (examination): 2
  Assessment: 2
  Recommendation (clear recommendation): 2
  Recommendation (global rating scale): 2
  Comments: Clinical handover and communication skills, satisfactory
No panic, no arrest team
Satisfactory

Respondent 10:
  Date: 2025-03-14
  SessionName: (MI)-VT
  Identification: 2
  Situation: 2
  Background (history): 2
  Background (examination): 2
  Assessment: 2
  Recommendation (clear recommendation): 2
  Recommendation (global rating scale): 2
  Comments: Time: (15:53-16:14)

Respondent 14:
  Date: 2025-03-14
  SessionName: IV-Hypoglycemia
  Identification: 3
  Situation: 3
  Background (history): 2
  Background (examination): 2
  Assessment: 3
  Recommendation (clear recommendation): 1
  Recommendation (global rating scale): 2
  Comments: Time: (2:36-2:53)
Late response for considering consultation

Respondent 3:
  Date: 2025-04-04
  SessionName: III-Sepsis
  Identification: 0
  Situation: 2
  Background (history): 3
  Background (examination): 3
  Assessment: 3
  Recommendation (clear recommendation): 3
  Recommendation (global rating scale): 3
  Comments: The patient/simulation is not oriented in TPP.
Clear communication between Reg and colleague during handover

Respondent 2:
  Date: 2025-04-04
  SessionName: MI
  Identification: 3
  Situation: 3
  Background (history): 2
  Background (examination): 3
  Assessment: 3
  Recommendation (clear recommendation): 2
  Recommendation (global rating scale): 1
  Comments: 

Respondent 17:
  Date: 2025-05-04
  SessionName: V (Hypoglycemia)
  Identification: 3
  Situation: 3
  Background (history): 3
  Background (examination): 3
  Assessment: 3
  Recommendation (clear recommendation): 3
  Recommendation (global rating scale): 2
  Comments: Concise - clear
Satisfactory

Respondent 22:
  Date: 2025-05-16
  SessionName: IV (VT)
  Identification: 3
  Situation: 3
  Background (history): 3
  Background (examination): 3
  Assessment: 2
  Recommendation (clear recommendation): 2
  Recommendation (global rating scale): 3
  Comments: Clear communication skills
Good

Respondent 20:
  Date: 2025-05-02
  SessionName: IV (VT)
  Identification: 3
  Situation: 3
  Background (history): 2
  Background (examination): -1
  Assessment: 3
  Recommendation (clear recommendation): 2
  Recommendation (global rating scale): 3
  Comments: Good


</questionnaire>

You are a meticulous data analyst AI. Your primary function is to accurately analyze structured data and provide precise, verifiable answers.

You will be given a dataset with two key parts:

A 'questions' section: This is your data dictionary or schema. It is the single source of truth for understanding what each field and score means. Refer to it carefully.

A 'responses' section: This contains the raw data from each individual respondent.

To answer the question correctly, you must first use the 'questions' schema to fully understand the context and meaning of the data points within the 'responses'. Do not rely on any prior knowledge outside of this provided data. Base your entire analysis on the information given.

Provide your final answer directly and concisely. Output must be the human-readable value, not an option code.

Rules:
- For MCQ fields, map any letter codes in the Responses (case-insensitive) to the corresponding option text from the Questions schema, and output only that text. Do NOT include the letter or both.
  Example: If the schema is """"[MCQ: A. Abnormal B. Inconclusive C. Normal]"""" and the response is """"a"""", output """"Abnormal"""".
- For open-ended fields, output the exact text value.
- If the question asks for a count, provide only the number (e.g., """"42"""").
- If the question asks for a list of names or IDs, provide a simple comma-separated list (e.g., """"17, 21, 23"""").
- Preserve capitalization exactly as in the schema (e.g., output """"Abnormal"""", not """"abnormal"""" or """"A"""").

<task>
Find all respondents whose total score for 'Assessment' and 'Situation' is greater than 4.
</task>""","5, 12, 1, 16, 4, 14, 3, 2, 17, 22, 20",False
case_41,rule_based_querying,List all respondents whose 'Recommendation (global rating scale)' is within 1 point of the lowest 'Assessment' for their session name.,"Survey Data
==================================================

Questions:
1. Date: What is the date of the session? [Open-ended]
2. SessionName: What is the name of the session? [Open-ended]
3. Identification: Identification of self, role, and patient. [Rubric: 0 = Requires direct prompting, 1 = Introduces themselves but only after a hint, 2 = Introduces themselves but information is incomplete, 3 = Introduces themselves and information is complete]
4. Situation: Identifies the main problem(s). [Rubric: 0 = Unable to identify the main problem(s), 1 = Identifies the main problem(s) after extended prompting, 2 = Identifies the main problem(s) with fewer prompts needed, 3 = Identifies and prioritizes the main problem(s) unprompted]
5. Background (history): Gives appropriate history. [Rubric: 0 = History is unstructured or non-relevant, 1 = Relevant history but frequent clarification needed, 2 = Relevant history with few further questions needed, 3 = Comprehensive focused history]
6. Background (examination): Gives appropriate examination/observations. [Rubric: 0 = Observations are omitted or irrelevant, 1 = Observations reported but frequent clarification needed, 2 = Observations reported with few further questions needed, 3 = Comprehensive focused examination/observations]
7. Assessment: Makes logical assessment (correlates problem, history, exam, context). [Rubric: 0 = No logical assessment, 1 = Assessment only after extended questioning, 2 = Assessment after minimal questioning, 3 = Comprehensive logical assessment without questioning]
8. Recommendation (clear recommendation): Makes a clear recommendation. [Rubric: 0 = No recommendation, 1 = Clear recommendation only after extended questioning, 2 = Clear recommendation after minimal questioning, 3 = Clear comprehensive recommendation without questioning]
9. Recommendation (global rating scale): Global Rating Scale (GRS) - How confident am I that I received an accurate picture of the patient? [Rubric: 0 = Not at all confident, 1 = Confident but required extended questioning, 2 = Confident but required some further questioning, 3 = Confident and required little or no questioning]
10. Comments: Comments on the session. [Open-ended]

Responses:
--------------------

Respondent 10:
  Date: 2025-03-14
  SessionName: (MI)-VT
  Identification: 2
  Situation: 2
  Background (history): 2
  Background (examination): 2
  Assessment: 2
  Recommendation (clear recommendation): 2
  Recommendation (global rating scale): 2
  Comments: Time: (15:53-16:14)

Respondent 11:
  Date: 2025-04-04
  SessionName: IV (AF)
  Identification: 3
  Situation: 3
  Background (history): 3
  Background (examination): 3
  Assessment: 3
  Recommendation (clear recommendation): 3
  Recommendation (global rating scale): 3
  Comments: Clear communication and handover

Respondent 15:
  Date: 2025-05-04
  SessionName: III - Sepsis
  Identification: 3
  Situation: 3
  Background (history): 2
  Background (examination): 3
  Assessment: 2
  Recommendation (clear recommendation): 2
  Recommendation (global rating scale): 2
  Comments: Detailed Response - clear communication

Respondent 7:
  Date: 2025-03-14
  SessionName: III-Sepsis
  Identification: 3
  Situation: 3
  Background (history): 2
  Background (examination): 3
  Assessment: 2
  Recommendation (clear recommendation): 2
  Recommendation (global rating scale): 2
  Comments: Time: (1:00-1:17)

Respondent 17:
  Date: 2025-05-04
  SessionName: V (Hypoglycemia)
  Identification: 3
  Situation: 3
  Background (history): 3
  Background (examination): 3
  Assessment: 3
  Recommendation (clear recommendation): 3
  Recommendation (global rating scale): 2
  Comments: Concise - clear
Satisfactory

Respondent 16:
  Date: 2025-05-02
  SessionName: I - MI
  Identification: 3
  Situation: 3
  Background (history): 3
  Background (examination): 3
  Assessment: 3
  Recommendation (clear recommendation): 2
  Recommendation (global rating scale): 3
  Comments: Consent denied for video recordings
Satisfactory

Respondent 12:
  Date: 2025-05-02
  SessionName: II (Anaphylaxis)
  Identification: 3
  Situation: 3
  Background (history): 3
  Background (examination): 3
  Assessment: 2
  Recommendation (clear recommendation): 3
  Recommendation (global rating scale): 3
  Comments: Good

Respondent 18:
  Date: 2025-05-04
  SessionName: IV - VT
  Identification: 3
  Situation: 3
  Background (history): 2
  Background (examination): 2
  Assessment: 3
  Recommendation (clear recommendation): 2
  Recommendation (global rating scale): 2
  Comments: Not very concise or clear communication
Satisfactory

Respondent 2:
  Date: 2025-04-04
  SessionName: MI
  Identification: 3
  Situation: 3
  Background (history): 2
  Background (examination): 3
  Assessment: 3
  Recommendation (clear recommendation): 2
  Recommendation (global rating scale): 1
  Comments: 

Respondent 8:
  Date: 2025-05-02
  SessionName: III (Sepsis)
  Identification: 3
  Situation: 3
  Background (history): 3
  Background (examination): 2
  Assessment: 2
  Recommendation (clear recommendation): 2
  Recommendation (global rating scale): 3
  Comments: Clear communication during handover
Good

","['10', '11', '15', '7', '17', '16', '12', '18', '8']","<example>
List all respondents from the '(MI)-VT' session whose 'Recommendation (global rating scale)' is exactly 0.

DATA:

Survey Data
==================================================

Questions:
1. Date: What is the date of the session? [Open-ended]
2. SessionName: What is the name of the session? [Open-ended]
3. Identification: Identification of self, role, and patient. [Rubric: 0 = Requires direct prompting, 1 = Introduces themselves but only after a hint, 2 = Introduces themselves but information is incomplete, 3 = Introduces themselves and information is complete]
4. Situation: Identifies the main problem(s). [Rubric: 0 = Unable to identify the main problem(s), 1 = Identifies the main problem(s) after extended prompting, 2 = Identifies the main problem(s) with fewer prompts needed, 3 = Identifies and prioritizes the main problem(s) unprompted]
5. Background (history): Gives appropriate history. [Rubric: 0 = History is unstructured or non-relevant, 1 = Relevant history but frequent clarification needed, 2 = Relevant history with few further questions needed, 3 = Comprehensive focused history]
6. Background (examination): Gives appropriate examination/observations. [Rubric: 0 = Observations are omitted or irrelevant, 1 = Observations reported but frequent clarification needed, 2 = Observations reported with few further questions needed, 3 = Comprehensive focused examination/observations]
7. Assessment: Makes logical assessment (correlates problem, history, exam, context). [Rubric: 0 = No logical assessment, 1 = Assessment only after extended questioning, 2 = Assessment after minimal questioning, 3 = Comprehensive logical assessment without questioning]
8. Recommendation (clear recommendation): Makes a clear recommendation. [Rubric: 0 = No recommendation, 1 = Clear recommendation only after extended questioning, 2 = Clear recommendation after minimal questioning, 3 = Clear comprehensive recommendation without questioning]
9. Recommendation (global rating scale): Global Rating Scale (GRS) - How confident am I that I received an accurate picture of the patient? [Rubric: 0 = Not at all confident, 1 = Confident but required extended questioning, 2 = Confident but required some further questioning, 3 = Confident and required little or no questioning]
10. Comments: Comments on the session. [Open-ended]

Responses:
--------------------

Respondent 10:
  Date: 2025-03-14
  SessionName: (MI)-VT
  Identification: 2
  Situation: 2
  Background (history): 2
  Background (examination): 2
  Assessment: 2
  Recommendation (clear recommendation): 2
  Recommendation (global rating scale): 2
  Comments: Time: (15:53-16:14)

Respondent 11:
  Date: 2025-04-04
  SessionName: IV (AF)
  Identification: 3
  Situation: 3
  Background (history): 3
  Background (examination): 3
  Assessment: 3
  Recommendation (clear recommendation): 3
  Recommendation (global rating scale): 3
  Comments: Clear communication and handover

Respondent 15:
  Date: 2025-05-04
  SessionName: III - Sepsis
  Identification: 3
  Situation: 3
  Background (history): 2
  Background (examination): 3
  Assessment: 2
  Recommendation (clear recommendation): 2
  Recommendation (global rating scale): 2
  Comments: Detailed Response - clear communication

Respondent 7:
  Date: 2025-03-14
  SessionName: III-Sepsis
  Identification: 3
  Situation: 3
  Background (history): 2
  Background (examination): 3
  Assessment: 2
  Recommendation (clear recommendation): 2
  Recommendation (global rating scale): 2
  Comments: Time: (1:00-1:17)

Respondent 17:
  Date: 2025-05-04
  SessionName: V (Hypoglycemia)
  Identification: 3
  Situation: 3
  Background (history): 3
  Background (examination): 3
  Assessment: 3
  Recommendation (clear recommendation): 3
  Recommendation (global rating scale): 2
  Comments: Concise - clear
Satisfactory

Respondent 16:
  Date: 2025-05-02
  SessionName: I - MI
  Identification: 3
  Situation: 3
  Background (history): 3
  Background (examination): 3
  Assessment: 3
  Recommendation (clear recommendation): 2
  Recommendation (global rating scale): 3
  Comments: Consent denied for video recordings
Satisfactory

Respondent 12:
  Date: 2025-05-02
  SessionName: II (Anaphylaxis)
  Identification: 3
  Situation: 3
  Background (history): 3
  Background (examination): 3
  Assessment: 2
  Recommendation (clear recommendation): 3
  Recommendation (global rating scale): 3
  Comments: Good

Respondent 18:
  Date: 2025-05-04
  SessionName: IV - VT
  Identification: 3
  Situation: 3
  Background (history): 2
  Background (examination): 2
  Assessment: 3
  Recommendation (clear recommendation): 2
  Recommendation (global rating scale): 2
  Comments: Not very concise or clear communication
Satisfactory

Respondent 2:
  Date: 2025-04-04
  SessionName: MI
  Identification: 3
  Situation: 3
  Background (history): 2
  Background (examination): 3
  Assessment: 3
  Recommendation (clear recommendation): 2
  Recommendation (global rating scale): 1
  Comments: 

Respondent 8:
  Date: 2025-05-02
  SessionName: III (Sepsis)
  Identification: 3
  Situation: 3
  Background (history): 3
  Background (examination): 2
  Assessment: 2
  Recommendation (clear recommendation): 2
  Recommendation (global rating scale): 3
  Comments: Clear communication during handover
Good



Answer: []
</example>

<questionnaire>
Survey Data
==================================================

Questions:
1. Date: What is the date of the session? [Open-ended]
2. SessionName: What is the name of the session? [Open-ended]
3. Identification: Identification of self, role, and patient. [Rubric: 0 = Requires direct prompting, 1 = Introduces themselves but only after a hint, 2 = Introduces themselves but information is incomplete, 3 = Introduces themselves and information is complete]
4. Situation: Identifies the main problem(s). [Rubric: 0 = Unable to identify the main problem(s), 1 = Identifies the main problem(s) after extended prompting, 2 = Identifies the main problem(s) with fewer prompts needed, 3 = Identifies and prioritizes the main problem(s) unprompted]
5. Background (history): Gives appropriate history. [Rubric: 0 = History is unstructured or non-relevant, 1 = Relevant history but frequent clarification needed, 2 = Relevant history with few further questions needed, 3 = Comprehensive focused history]
6. Background (examination): Gives appropriate examination/observations. [Rubric: 0 = Observations are omitted or irrelevant, 1 = Observations reported but frequent clarification needed, 2 = Observations reported with few further questions needed, 3 = Comprehensive focused examination/observations]
7. Assessment: Makes logical assessment (correlates problem, history, exam, context). [Rubric: 0 = No logical assessment, 1 = Assessment only after extended questioning, 2 = Assessment after minimal questioning, 3 = Comprehensive logical assessment without questioning]
8. Recommendation (clear recommendation): Makes a clear recommendation. [Rubric: 0 = No recommendation, 1 = Clear recommendation only after extended questioning, 2 = Clear recommendation after minimal questioning, 3 = Clear comprehensive recommendation without questioning]
9. Recommendation (global rating scale): Global Rating Scale (GRS) - How confident am I that I received an accurate picture of the patient? [Rubric: 0 = Not at all confident, 1 = Confident but required extended questioning, 2 = Confident but required some further questioning, 3 = Confident and required little or no questioning]
10. Comments: Comments on the session. [Open-ended]

Responses:
--------------------

Respondent 10:
  Date: 2025-03-14
  SessionName: (MI)-VT
  Identification: 2
  Situation: 2
  Background (history): 2
  Background (examination): 2
  Assessment: 2
  Recommendation (clear recommendation): 2
  Recommendation (global rating scale): 2
  Comments: Time: (15:53-16:14)

Respondent 11:
  Date: 2025-04-04
  SessionName: IV (AF)
  Identification: 3
  Situation: 3
  Background (history): 3
  Background (examination): 3
  Assessment: 3
  Recommendation (clear recommendation): 3
  Recommendation (global rating scale): 3
  Comments: Clear communication and handover

Respondent 15:
  Date: 2025-05-04
  SessionName: III - Sepsis
  Identification: 3
  Situation: 3
  Background (history): 2
  Background (examination): 3
  Assessment: 2
  Recommendation (clear recommendation): 2
  Recommendation (global rating scale): 2
  Comments: Detailed Response - clear communication

Respondent 7:
  Date: 2025-03-14
  SessionName: III-Sepsis
  Identification: 3
  Situation: 3
  Background (history): 2
  Background (examination): 3
  Assessment: 2
  Recommendation (clear recommendation): 2
  Recommendation (global rating scale): 2
  Comments: Time: (1:00-1:17)

Respondent 17:
  Date: 2025-05-04
  SessionName: V (Hypoglycemia)
  Identification: 3
  Situation: 3
  Background (history): 3
  Background (examination): 3
  Assessment: 3
  Recommendation (clear recommendation): 3
  Recommendation (global rating scale): 2
  Comments: Concise - clear
Satisfactory

Respondent 16:
  Date: 2025-05-02
  SessionName: I - MI
  Identification: 3
  Situation: 3
  Background (history): 3
  Background (examination): 3
  Assessment: 3
  Recommendation (clear recommendation): 2
  Recommendation (global rating scale): 3
  Comments: Consent denied for video recordings
Satisfactory

Respondent 12:
  Date: 2025-05-02
  SessionName: II (Anaphylaxis)
  Identification: 3
  Situation: 3
  Background (history): 3
  Background (examination): 3
  Assessment: 2
  Recommendation (clear recommendation): 3
  Recommendation (global rating scale): 3
  Comments: Good

Respondent 18:
  Date: 2025-05-04
  SessionName: IV - VT
  Identification: 3
  Situation: 3
  Background (history): 2
  Background (examination): 2
  Assessment: 3
  Recommendation (clear recommendation): 2
  Recommendation (global rating scale): 2
  Comments: Not very concise or clear communication
Satisfactory

Respondent 2:
  Date: 2025-04-04
  SessionName: MI
  Identification: 3
  Situation: 3
  Background (history): 2
  Background (examination): 3
  Assessment: 3
  Recommendation (clear recommendation): 2
  Recommendation (global rating scale): 1
  Comments: 

Respondent 8:
  Date: 2025-05-02
  SessionName: III (Sepsis)
  Identification: 3
  Situation: 3
  Background (history): 3
  Background (examination): 2
  Assessment: 2
  Recommendation (clear recommendation): 2
  Recommendation (global rating scale): 3
  Comments: Clear communication during handover
Good


</questionnaire>

You are a meticulous data analyst AI. Your primary function is to accurately analyze structured data and provide precise, verifiable answers.

You will be given a dataset with two key parts:

A 'questions' section: This is your data dictionary or schema. It is the single source of truth for understanding what each field and score means. Refer to it carefully.

A 'responses' section: This contains the raw data from each individual respondent.

To answer the question correctly, you must first use the 'questions' schema to fully understand the context and meaning of the data points within the 'responses'. Do not rely on any prior knowledge outside of this provided data. Base your entire analysis on the information given.

Provide your final answer directly and concisely. Output must be the human-readable value, not an option code.

Rules:
- For MCQ fields, map any letter codes in the Responses (case-insensitive) to the corresponding option text from the Questions schema, and output only that text. Do NOT include the letter or both.
  Example: If the schema is ""[MCQ: A. Abnormal B. Inconclusive C. Normal]"" and the response is ""a"", output ""Abnormal"".
- For open-ended fields, output the exact text value.
- If the question asks for a count, provide only the number (e.g., ""42"").
- If the question asks for a list of names or IDs, provide a simple comma-separated list (e.g., ""17, 21, 23"").
- Preserve capitalization exactly as in the schema (e.g., output ""Abnormal"", not ""abnormal"" or ""A"").

<task>
List all respondents whose 'Recommendation (global rating scale)' is within 1 point of the lowest 'Assessment' for their session name.
</task>",EMPTY_MODEL_RESPONSE,False
case_42,rule_based_querying,Which respondents have a total score across all items that is lower than the average total score for all sessions on the same date?,"Survey Data
==================================================

Questions:
1. Date: What is the date of the session? [Open-ended]
2. SessionName: What is the name of the session? [Open-ended]
3. Identification: Identification of self, role, and patient. [Rubric: 0 = Requires direct prompting, 1 = Introduces themselves but only after a hint, 2 = Introduces themselves but information is incomplete, 3 = Introduces themselves and information is complete]
4. Situation: Identifies the main problem(s). [Rubric: 0 = Unable to identify the main problem(s), 1 = Identifies the main problem(s) after extended prompting, 2 = Identifies the main problem(s) with fewer prompts needed, 3 = Identifies and prioritizes the main problem(s) unprompted]
5. Background (history): Gives appropriate history. [Rubric: 0 = History is unstructured or non-relevant, 1 = Relevant history but frequent clarification needed, 2 = Relevant history with few further questions needed, 3 = Comprehensive focused history]
6. Background (examination): Gives appropriate examination/observations. [Rubric: 0 = Observations are omitted or irrelevant, 1 = Observations reported but frequent clarification needed, 2 = Observations reported with few further questions needed, 3 = Comprehensive focused examination/observations]
7. Assessment: Makes logical assessment (correlates problem, history, exam, context). [Rubric: 0 = No logical assessment, 1 = Assessment only after extended questioning, 2 = Assessment after minimal questioning, 3 = Comprehensive logical assessment without questioning]
8. Recommendation (clear recommendation): Makes a clear recommendation. [Rubric: 0 = No recommendation, 1 = Clear recommendation only after extended questioning, 2 = Clear recommendation after minimal questioning, 3 = Clear comprehensive recommendation without questioning]
9. Recommendation (global rating scale): Global Rating Scale (GRS) - How confident am I that I received an accurate picture of the patient? [Rubric: 0 = Not at all confident, 1 = Confident but required extended questioning, 2 = Confident but required some further questioning, 3 = Confident and required little or no questioning]
10. Comments: Comments on the session. [Open-ended]

Responses:
--------------------

Respondent 11:
  Date: 2025-04-04
  SessionName: IV (AF)
  Identification: 3
  Situation: 3
  Background (history): 3
  Background (examination): 3
  Assessment: 3
  Recommendation (clear recommendation): 3
  Recommendation (global rating scale): 3
  Comments: Clear communication and handover

Respondent 3:
  Date: 2025-04-04
  SessionName: III-Sepsis
  Identification: 0
  Situation: 2
  Background (history): 3
  Background (examination): 3
  Assessment: 3
  Recommendation (clear recommendation): 3
  Recommendation (global rating scale): 3
  Comments: The patient/simulation is not oriented in TPP.
Clear communication between Reg and colleague during handover

Respondent 10:
  Date: 2025-03-14
  SessionName: (MI)-VT
  Identification: 2
  Situation: 2
  Background (history): 2
  Background (examination): 2
  Assessment: 2
  Recommendation (clear recommendation): 2
  Recommendation (global rating scale): 2
  Comments: Time: (15:53-16:14)

Respondent 2:
  Date: 2025-04-04
  SessionName: MI
  Identification: 3
  Situation: 3
  Background (history): 2
  Background (examination): 3
  Assessment: 3
  Recommendation (clear recommendation): 2
  Recommendation (global rating scale): 1
  Comments: 

Respondent 4:
  Date: 2025-05-16
  SessionName: III (Sepsis)
  Identification: 3
  Situation: 3
  Background (history): 3
  Background (examination): 2
  Assessment: 2
  Recommendation (clear recommendation): 2
  Recommendation (global rating scale): 2
  Comments: Clinical handover and communication skills, satisfactory
No panic, no arrest team
Satisfactory

Respondent 1:
  Date: 2025-05-02
  SessionName: V (Hypoglycemia)
  Identification: -1
  Situation: 2
  Background (history): 2
  Background (examination): 2
  Assessment: 3
  Recommendation (clear recommendation): 2
  Recommendation (global rating scale): 2
  Comments: Satisfactory

Respondent 23:
  Date: 2025-03-14
  SessionName: II-Anaphylaxsis
  Identification: 3
  Situation: 3
  Background (history): 2
  Background (examination): 2
  Assessment: 3
  Recommendation (clear recommendation): 3
  Recommendation (global rating scale): 3
  Comments: Time: (11:43-11:58)
Talking to registrav could not summarize the condition of patient very clearly
DID: Sepsis I Anaphylaxsis given by team

Respondent 19:
  Date: 2025-05-16
  SessionName: I - MI
  Identification: 3
  Situation: 3
  Background (history): 3
  Background (examination): 3
  Assessment: 2
  Recommendation (clear recommendation): 3
  Recommendation (global rating scale): 3
  Comments: Wrong CPR position
Clarity is a bit low over whole case scenario
Satisfactory

Respondent 17:
  Date: 2025-05-04
  SessionName: V (Hypoglycemia)
  Identification: 3
  Situation: 3
  Background (history): 3
  Background (examination): 3
  Assessment: 3
  Recommendation (clear recommendation): 3
  Recommendation (global rating scale): 2
  Comments: Concise - clear
Satisfactory

Respondent 13:
  Date: 2025-03-14
  SessionName: I-VF
  Identification: 3
  Situation: 3
  Background (history): 2
  Background (examination): 1
  Assessment: 2
  Recommendation (clear recommendation): 2
  Recommendation (global rating scale): 2
  Comments: Time: (10:29-10:54)
Ventricular fibrillation (CVS)
Lack of communication btween 2 main interns
Further brief to patient, ask patent concerns

Respondent 22:
  Date: 2025-05-16
  SessionName: IV (VT)
  Identification: 3
  Situation: 3
  Background (history): 3
  Background (examination): 3
  Assessment: 2
  Recommendation (clear recommendation): 2
  Recommendation (global rating scale): 3
  Comments: Clear communication skills
Good

","['3', '10', '2', '4', '13']","<example>
List all respondents from the '(MI)-VT' session whose 'Recommendation (global rating scale)' is exactly 0.

DATA:

Survey Data
==================================================

Questions:
1. Date: What is the date of the session? [Open-ended]
2. SessionName: What is the name of the session? [Open-ended]
3. Identification: Identification of self, role, and patient. [Rubric: 0 = Requires direct prompting, 1 = Introduces themselves but only after a hint, 2 = Introduces themselves but information is incomplete, 3 = Introduces themselves and information is complete]
4. Situation: Identifies the main problem(s). [Rubric: 0 = Unable to identify the main problem(s), 1 = Identifies the main problem(s) after extended prompting, 2 = Identifies the main problem(s) with fewer prompts needed, 3 = Identifies and prioritizes the main problem(s) unprompted]
5. Background (history): Gives appropriate history. [Rubric: 0 = History is unstructured or non-relevant, 1 = Relevant history but frequent clarification needed, 2 = Relevant history with few further questions needed, 3 = Comprehensive focused history]
6. Background (examination): Gives appropriate examination/observations. [Rubric: 0 = Observations are omitted or irrelevant, 1 = Observations reported but frequent clarification needed, 2 = Observations reported with few further questions needed, 3 = Comprehensive focused examination/observations]
7. Assessment: Makes logical assessment (correlates problem, history, exam, context). [Rubric: 0 = No logical assessment, 1 = Assessment only after extended questioning, 2 = Assessment after minimal questioning, 3 = Comprehensive logical assessment without questioning]
8. Recommendation (clear recommendation): Makes a clear recommendation. [Rubric: 0 = No recommendation, 1 = Clear recommendation only after extended questioning, 2 = Clear recommendation after minimal questioning, 3 = Clear comprehensive recommendation without questioning]
9. Recommendation (global rating scale): Global Rating Scale (GRS) - How confident am I that I received an accurate picture of the patient? [Rubric: 0 = Not at all confident, 1 = Confident but required extended questioning, 2 = Confident but required some further questioning, 3 = Confident and required little or no questioning]
10. Comments: Comments on the session. [Open-ended]

Responses:
--------------------

Respondent 11:
  Date: 2025-04-04
  SessionName: IV (AF)
  Identification: 3
  Situation: 3
  Background (history): 3
  Background (examination): 3
  Assessment: 3
  Recommendation (clear recommendation): 3
  Recommendation (global rating scale): 3
  Comments: Clear communication and handover

Respondent 3:
  Date: 2025-04-04
  SessionName: III-Sepsis
  Identification: 0
  Situation: 2
  Background (history): 3
  Background (examination): 3
  Assessment: 3
  Recommendation (clear recommendation): 3
  Recommendation (global rating scale): 3
  Comments: The patient/simulation is not oriented in TPP.
Clear communication between Reg and colleague during handover

Respondent 10:
  Date: 2025-03-14
  SessionName: (MI)-VT
  Identification: 2
  Situation: 2
  Background (history): 2
  Background (examination): 2
  Assessment: 2
  Recommendation (clear recommendation): 2
  Recommendation (global rating scale): 2
  Comments: Time: (15:53-16:14)

Respondent 2:
  Date: 2025-04-04
  SessionName: MI
  Identification: 3
  Situation: 3
  Background (history): 2
  Background (examination): 3
  Assessment: 3
  Recommendation (clear recommendation): 2
  Recommendation (global rating scale): 1
  Comments: 

Respondent 4:
  Date: 2025-05-16
  SessionName: III (Sepsis)
  Identification: 3
  Situation: 3
  Background (history): 3
  Background (examination): 2
  Assessment: 2
  Recommendation (clear recommendation): 2
  Recommendation (global rating scale): 2
  Comments: Clinical handover and communication skills, satisfactory
No panic, no arrest team
Satisfactory

Respondent 1:
  Date: 2025-05-02
  SessionName: V (Hypoglycemia)
  Identification: -1
  Situation: 2
  Background (history): 2
  Background (examination): 2
  Assessment: 3
  Recommendation (clear recommendation): 2
  Recommendation (global rating scale): 2
  Comments: Satisfactory

Respondent 23:
  Date: 2025-03-14
  SessionName: II-Anaphylaxsis
  Identification: 3
  Situation: 3
  Background (history): 2
  Background (examination): 2
  Assessment: 3
  Recommendation (clear recommendation): 3
  Recommendation (global rating scale): 3
  Comments: Time: (11:43-11:58)
Talking to registrav could not summarize the condition of patient very clearly
DID: Sepsis I Anaphylaxsis given by team

Respondent 19:
  Date: 2025-05-16
  SessionName: I - MI
  Identification: 3
  Situation: 3
  Background (history): 3
  Background (examination): 3
  Assessment: 2
  Recommendation (clear recommendation): 3
  Recommendation (global rating scale): 3
  Comments: Wrong CPR position
Clarity is a bit low over whole case scenario
Satisfactory

Respondent 17:
  Date: 2025-05-04
  SessionName: V (Hypoglycemia)
  Identification: 3
  Situation: 3
  Background (history): 3
  Background (examination): 3
  Assessment: 3
  Recommendation (clear recommendation): 3
  Recommendation (global rating scale): 2
  Comments: Concise - clear
Satisfactory

Respondent 13:
  Date: 2025-03-14
  SessionName: I-VF
  Identification: 3
  Situation: 3
  Background (history): 2
  Background (examination): 1
  Assessment: 2
  Recommendation (clear recommendation): 2
  Recommendation (global rating scale): 2
  Comments: Time: (10:29-10:54)
Ventricular fibrillation (CVS)
Lack of communication btween 2 main interns
Further brief to patient, ask patent concerns

Respondent 22:
  Date: 2025-05-16
  SessionName: IV (VT)
  Identification: 3
  Situation: 3
  Background (history): 3
  Background (examination): 3
  Assessment: 2
  Recommendation (clear recommendation): 2
  Recommendation (global rating scale): 3
  Comments: Clear communication skills
Good



Answer: []
</example>

<questionnaire>
Survey Data
==================================================

Questions:
1. Date: What is the date of the session? [Open-ended]
2. SessionName: What is the name of the session? [Open-ended]
3. Identification: Identification of self, role, and patient. [Rubric: 0 = Requires direct prompting, 1 = Introduces themselves but only after a hint, 2 = Introduces themselves but information is incomplete, 3 = Introduces themselves and information is complete]
4. Situation: Identifies the main problem(s). [Rubric: 0 = Unable to identify the main problem(s), 1 = Identifies the main problem(s) after extended prompting, 2 = Identifies the main problem(s) with fewer prompts needed, 3 = Identifies and prioritizes the main problem(s) unprompted]
5. Background (history): Gives appropriate history. [Rubric: 0 = History is unstructured or non-relevant, 1 = Relevant history but frequent clarification needed, 2 = Relevant history with few further questions needed, 3 = Comprehensive focused history]
6. Background (examination): Gives appropriate examination/observations. [Rubric: 0 = Observations are omitted or irrelevant, 1 = Observations reported but frequent clarification needed, 2 = Observations reported with few further questions needed, 3 = Comprehensive focused examination/observations]
7. Assessment: Makes logical assessment (correlates problem, history, exam, context). [Rubric: 0 = No logical assessment, 1 = Assessment only after extended questioning, 2 = Assessment after minimal questioning, 3 = Comprehensive logical assessment without questioning]
8. Recommendation (clear recommendation): Makes a clear recommendation. [Rubric: 0 = No recommendation, 1 = Clear recommendation only after extended questioning, 2 = Clear recommendation after minimal questioning, 3 = Clear comprehensive recommendation without questioning]
9. Recommendation (global rating scale): Global Rating Scale (GRS) - How confident am I that I received an accurate picture of the patient? [Rubric: 0 = Not at all confident, 1 = Confident but required extended questioning, 2 = Confident but required some further questioning, 3 = Confident and required little or no questioning]
10. Comments: Comments on the session. [Open-ended]

Responses:
--------------------

Respondent 11:
  Date: 2025-04-04
  SessionName: IV (AF)
  Identification: 3
  Situation: 3
  Background (history): 3
  Background (examination): 3
  Assessment: 3
  Recommendation (clear recommendation): 3
  Recommendation (global rating scale): 3
  Comments: Clear communication and handover

Respondent 3:
  Date: 2025-04-04
  SessionName: III-Sepsis
  Identification: 0
  Situation: 2
  Background (history): 3
  Background (examination): 3
  Assessment: 3
  Recommendation (clear recommendation): 3
  Recommendation (global rating scale): 3
  Comments: The patient/simulation is not oriented in TPP.
Clear communication between Reg and colleague during handover

Respondent 10:
  Date: 2025-03-14
  SessionName: (MI)-VT
  Identification: 2
  Situation: 2
  Background (history): 2
  Background (examination): 2
  Assessment: 2
  Recommendation (clear recommendation): 2
  Recommendation (global rating scale): 2
  Comments: Time: (15:53-16:14)

Respondent 2:
  Date: 2025-04-04
  SessionName: MI
  Identification: 3
  Situation: 3
  Background (history): 2
  Background (examination): 3
  Assessment: 3
  Recommendation (clear recommendation): 2
  Recommendation (global rating scale): 1
  Comments: 

Respondent 4:
  Date: 2025-05-16
  SessionName: III (Sepsis)
  Identification: 3
  Situation: 3
  Background (history): 3
  Background (examination): 2
  Assessment: 2
  Recommendation (clear recommendation): 2
  Recommendation (global rating scale): 2
  Comments: Clinical handover and communication skills, satisfactory
No panic, no arrest team
Satisfactory

Respondent 1:
  Date: 2025-05-02
  SessionName: V (Hypoglycemia)
  Identification: -1
  Situation: 2
  Background (history): 2
  Background (examination): 2
  Assessment: 3
  Recommendation (clear recommendation): 2
  Recommendation (global rating scale): 2
  Comments: Satisfactory

Respondent 23:
  Date: 2025-03-14
  SessionName: II-Anaphylaxsis
  Identification: 3
  Situation: 3
  Background (history): 2
  Background (examination): 2
  Assessment: 3
  Recommendation (clear recommendation): 3
  Recommendation (global rating scale): 3
  Comments: Time: (11:43-11:58)
Talking to registrav could not summarize the condition of patient very clearly
DID: Sepsis I Anaphylaxsis given by team

Respondent 19:
  Date: 2025-05-16
  SessionName: I - MI
  Identification: 3
  Situation: 3
  Background (history): 3
  Background (examination): 3
  Assessment: 2
  Recommendation (clear recommendation): 3
  Recommendation (global rating scale): 3
  Comments: Wrong CPR position
Clarity is a bit low over whole case scenario
Satisfactory

Respondent 17:
  Date: 2025-05-04
  SessionName: V (Hypoglycemia)
  Identification: 3
  Situation: 3
  Background (history): 3
  Background (examination): 3
  Assessment: 3
  Recommendation (clear recommendation): 3
  Recommendation (global rating scale): 2
  Comments: Concise - clear
Satisfactory

Respondent 13:
  Date: 2025-03-14
  SessionName: I-VF
  Identification: 3
  Situation: 3
  Background (history): 2
  Background (examination): 1
  Assessment: 2
  Recommendation (clear recommendation): 2
  Recommendation (global rating scale): 2
  Comments: Time: (10:29-10:54)
Ventricular fibrillation (CVS)
Lack of communication btween 2 main interns
Further brief to patient, ask patent concerns

Respondent 22:
  Date: 2025-05-16
  SessionName: IV (VT)
  Identification: 3
  Situation: 3
  Background (history): 3
  Background (examination): 3
  Assessment: 2
  Recommendation (clear recommendation): 2
  Recommendation (global rating scale): 3
  Comments: Clear communication skills
Good


</questionnaire>

You are a meticulous data analyst AI. Your primary function is to accurately analyze structured data and provide precise, verifiable answers.

You will be given a dataset with two key parts:

A 'questions' section: This is your data dictionary or schema. It is the single source of truth for understanding what each field and score means. Refer to it carefully.

A 'responses' section: This contains the raw data from each individual respondent.

To answer the question correctly, you must first use the 'questions' schema to fully understand the context and meaning of the data points within the 'responses'. Do not rely on any prior knowledge outside of this provided data. Base your entire analysis on the information given.

Provide your final answer directly and concisely. Output must be the human-readable value, not an option code.

Rules:
- For MCQ fields, map any letter codes in the Responses (case-insensitive) to the corresponding option text from the Questions schema, and output only that text. Do NOT include the letter or both.
  Example: If the schema is ""[MCQ: A. Abnormal B. Inconclusive C. Normal]"" and the response is ""a"", output ""Abnormal"".
- For open-ended fields, output the exact text value.
- If the question asks for a count, provide only the number (e.g., ""42"").
- If the question asks for a list of names or IDs, provide a simple comma-separated list (e.g., ""17, 21, 23"").
- Preserve capitalization exactly as in the schema (e.g., output ""Abnormal"", not ""abnormal"" or ""A"").

<task>
Which respondents have a total score across all items that is lower than the average total score for all sessions on the same date?
</task>",EMPTY_MODEL_RESPONSE,False
case_43,rule_based_querying,Which respondents have a total score across all rubric items that is higher than the average total score for all respondents?,"""Survey Data
==================================================

Questions:
1. Date: What is the date of the session? [Open-ended]
2. SessionName: What is the name of the session? [Open-ended]
3. Identification: Identification of self, role, and patient. [Rubric: 0 = Requires direct prompting, 1 = Introduces themselves but only after a hint, 2 = Introduces themselves but information is incomplete, 3 = Introduces themselves and information is complete]
4. Situation: Identifies the main problem(s). [Rubric: 0 = Unable to identify the main problem(s), 1 = Identifies the main problem(s) after extended prompting, 2 = Identifies the main problem(s) with fewer prompts needed, 3 = Identifies and prioritizes the main problem(s) unprompted]
5. Background (history): Gives appropriate history. [Rubric: 0 = History is unstructured or non-relevant, 1 = Relevant history but frequent clarification needed, 2 = Relevant history with few further questions needed, 3 = Comprehensive focused history]
6. Background (examination): Gives appropriate examination/observations. [Rubric: 0 = Observations are omitted or irrelevant, 1 = Observations reported but frequent clarification needed, 2 = Observations reported with few further questions needed, 3 = Comprehensive focused examination/observations]
7. Assessment: Makes logical assessment (correlates problem, history, exam, context). [Rubric: 0 = No logical assessment, 1 = Assessment only after extended questioning, 2 = Assessment after minimal questioning, 3 = Comprehensive logical assessment without questioning]
8. Recommendation (clear recommendation): Makes a clear recommendation. [Rubric: 0 = No recommendation, 1 = Clear recommendation only after extended questioning, 2 = Clear recommendation after minimal questioning, 3 = Clear comprehensive recommendation without questioning]
9. Recommendation (global rating scale): Global Rating Scale (GRS) - How confident am I that I received an accurate picture of the patient? [Rubric: 0 = Not at all confident, 1 = Confident but required extended questioning, 2 = Confident but required some further questioning, 3 = Confident and required little or no questioning]
10. Comments: Comments on the session. [Open-ended]

Responses:
--------------------

Respondent 17:
  Date: 2025-05-04
  SessionName: V (Hypoglycemia)
  Identification: 3
  Situation: 3
  Background (history): 3
  Background (examination): 3
  Assessment: 3
  Recommendation (clear recommendation): 3
  Recommendation (global rating scale): 2
  Comments: Concise - clear
Satisfactory

Respondent 6:
  Date: 2025-04-04
  SessionName: II (Anaphylactic Shock)
  Identification: 3
  Situation: 2
  Background (history): 3
  Background (examination): 3
  Assessment: 2
  Recommendation (clear recommendation): 2
  Recommendation (global rating scale): 3
  Comments: 

Respondent 18:
  Date: 2025-05-04
  SessionName: IV - VT
  Identification: 3
  Situation: 3
  Background (history): 2
  Background (examination): 2
  Assessment: 3
  Recommendation (clear recommendation): 2
  Recommendation (global rating scale): 2
  Comments: Not very concise or clear communication
Satisfactory

Respondent 22:
  Date: 2025-05-16
  SessionName: IV (VT)
  Identification: 3
  Situation: 3
  Background (history): 3
  Background (examination): 3
  Assessment: 2
  Recommendation (clear recommendation): 2
  Recommendation (global rating scale): 3
  Comments: Clear communication skills
Good

Respondent 11:
  Date: 2025-04-04
  SessionName: IV (AF)
  Identification: 3
  Situation: 3
  Background (history): 3
  Background (examination): 3
  Assessment: 3
  Recommendation (clear recommendation): 3
  Recommendation (global rating scale): 3
  Comments: Clear communication and handover

Respondent 21:
  Date: 2025-05-16
  SessionName: I (Myocardial infarction)
  Identification: 3
  Situation: 2
  Background (history): 3
  Background (examination): 1
  Assessment: 2
  Recommendation (clear recommendation): 3
  Recommendation (global rating scale): 3
  Comments: Diagnostic clarity is present
Good and early assessment of condition is done

Respondent 14:
  Date: 2025-03-14
  SessionName: IV-Hypoglycemia
  Identification: 3
  Situation: 3
  Background (history): 2
  Background (examination): 2
  Assessment: 3
  Recommendation (clear recommendation): 1
  Recommendation (global rating scale): 2
  Comments: Time: (2:36-2:53)
Late response for considering consultation

Respondent 15:
  Date: 2025-05-04
  SessionName: III - Sepsis
  Identification: 3
  Situation: 3
  Background (history): 2
  Background (examination): 3
  Assessment: 2
  Recommendation (clear recommendation): 2
  Recommendation (global rating scale): 2
  Comments: Detailed Response - clear communication

Respondent 4:
  Date: 2025-05-16
  SessionName: III (Sepsis)
  Identification: 3
  Situation: 3
  Background (history): 3
  Background (examination): 2
  Assessment: 2
  Recommendation (clear recommendation): 2
  Recommendation (global rating scale): 2
  Comments: Clinical handover and communication skills, satisfactory
No panic, no arrest team
Satisfactory

""","""['17', '22', '11']""","""<example>
List all respondents from the '(MI)-VT' session whose 'Recommendation (global rating scale)' is exactly 0.

DATA:

Survey Data
==================================================

Questions:
1. Date: What is the date of the session? [Open-ended]
2. SessionName: What is the name of the session? [Open-ended]
3. Identification: Identification of self, role, and patient. [Rubric: 0 = Requires direct prompting, 1 = Introduces themselves but only after a hint, 2 = Introduces themselves but information is incomplete, 3 = Introduces themselves and information is complete]
4. Situation: Identifies the main problem(s). [Rubric: 0 = Unable to identify the main problem(s), 1 = Identifies the main problem(s) after extended prompting, 2 = Identifies the main problem(s) with fewer prompts needed, 3 = Identifies and prioritizes the main problem(s) unprompted]
5. Background (history): Gives appropriate history. [Rubric: 0 = History is unstructured or non-relevant, 1 = Relevant history but frequent clarification needed, 2 = Relevant history with few further questions needed, 3 = Comprehensive focused history]
6. Background (examination): Gives appropriate examination/observations. [Rubric: 0 = Observations are omitted or irrelevant, 1 = Observations reported but frequent clarification needed, 2 = Observations reported with few further questions needed, 3 = Comprehensive focused examination/observations]
7. Assessment: Makes logical assessment (correlates problem, history, exam, context). [Rubric: 0 = No logical assessment, 1 = Assessment only after extended questioning, 2 = Assessment after minimal questioning, 3 = Comprehensive logical assessment without questioning]
8. Recommendation (clear recommendation): Makes a clear recommendation. [Rubric: 0 = No recommendation, 1 = Clear recommendation only after extended questioning, 2 = Clear recommendation after minimal questioning, 3 = Clear comprehensive recommendation without questioning]
9. Recommendation (global rating scale): Global Rating Scale (GRS) - How confident am I that I received an accurate picture of the patient? [Rubric: 0 = Not at all confident, 1 = Confident but required extended questioning, 2 = Confident but required some further questioning, 3 = Confident and required little or no questioning]
10. Comments: Comments on the session. [Open-ended]

Responses:
--------------------

Respondent 17:
  Date: 2025-05-04
  SessionName: V (Hypoglycemia)
  Identification: 3
  Situation: 3
  Background (history): 3
  Background (examination): 3
  Assessment: 3
  Recommendation (clear recommendation): 3
  Recommendation (global rating scale): 2
  Comments: Concise - clear
Satisfactory

Respondent 6:
  Date: 2025-04-04
  SessionName: II (Anaphylactic Shock)
  Identification: 3
  Situation: 2
  Background (history): 3
  Background (examination): 3
  Assessment: 2
  Recommendation (clear recommendation): 2
  Recommendation (global rating scale): 3
  Comments: 

Respondent 18:
  Date: 2025-05-04
  SessionName: IV - VT
  Identification: 3
  Situation: 3
  Background (history): 2
  Background (examination): 2
  Assessment: 3
  Recommendation (clear recommendation): 2
  Recommendation (global rating scale): 2
  Comments: Not very concise or clear communication
Satisfactory

Respondent 22:
  Date: 2025-05-16
  SessionName: IV (VT)
  Identification: 3
  Situation: 3
  Background (history): 3
  Background (examination): 3
  Assessment: 2
  Recommendation (clear recommendation): 2
  Recommendation (global rating scale): 3
  Comments: Clear communication skills
Good

Respondent 11:
  Date: 2025-04-04
  SessionName: IV (AF)
  Identification: 3
  Situation: 3
  Background (history): 3
  Background (examination): 3
  Assessment: 3
  Recommendation (clear recommendation): 3
  Recommendation (global rating scale): 3
  Comments: Clear communication and handover

Respondent 21:
  Date: 2025-05-16
  SessionName: I (Myocardial infarction)
  Identification: 3
  Situation: 2
  Background (history): 3
  Background (examination): 1
  Assessment: 2
  Recommendation (clear recommendation): 3
  Recommendation (global rating scale): 3
  Comments: Diagnostic clarity is present
Good and early assessment of condition is done

Respondent 14:
  Date: 2025-03-14
  SessionName: IV-Hypoglycemia
  Identification: 3
  Situation: 3
  Background (history): 2
  Background (examination): 2
  Assessment: 3
  Recommendation (clear recommendation): 1
  Recommendation (global rating scale): 2
  Comments: Time: (2:36-2:53)
Late response for considering consultation

Respondent 15:
  Date: 2025-05-04
  SessionName: III - Sepsis
  Identification: 3
  Situation: 3
  Background (history): 2
  Background (examination): 3
  Assessment: 2
  Recommendation (clear recommendation): 2
  Recommendation (global rating scale): 2
  Comments: Detailed Response - clear communication

Respondent 4:
  Date: 2025-05-16
  SessionName: III (Sepsis)
  Identification: 3
  Situation: 3
  Background (history): 3
  Background (examination): 2
  Assessment: 2
  Recommendation (clear recommendation): 2
  Recommendation (global rating scale): 2
  Comments: Clinical handover and communication skills, satisfactory
No panic, no arrest team
Satisfactory



Answer: []
</example>

<questionnaire>
Survey Data
==================================================

Questions:
1. Date: What is the date of the session? [Open-ended]
2. SessionName: What is the name of the session? [Open-ended]
3. Identification: Identification of self, role, and patient. [Rubric: 0 = Requires direct prompting, 1 = Introduces themselves but only after a hint, 2 = Introduces themselves but information is incomplete, 3 = Introduces themselves and information is complete]
4. Situation: Identifies the main problem(s). [Rubric: 0 = Unable to identify the main problem(s), 1 = Identifies the main problem(s) after extended prompting, 2 = Identifies the main problem(s) with fewer prompts needed, 3 = Identifies and prioritizes the main problem(s) unprompted]
5. Background (history): Gives appropriate history. [Rubric: 0 = History is unstructured or non-relevant, 1 = Relevant history but frequent clarification needed, 2 = Relevant history with few further questions needed, 3 = Comprehensive focused history]
6. Background (examination): Gives appropriate examination/observations. [Rubric: 0 = Observations are omitted or irrelevant, 1 = Observations reported but frequent clarification needed, 2 = Observations reported with few further questions needed, 3 = Comprehensive focused examination/observations]
7. Assessment: Makes logical assessment (correlates problem, history, exam, context). [Rubric: 0 = No logical assessment, 1 = Assessment only after extended questioning, 2 = Assessment after minimal questioning, 3 = Comprehensive logical assessment without questioning]
8. Recommendation (clear recommendation): Makes a clear recommendation. [Rubric: 0 = No recommendation, 1 = Clear recommendation only after extended questioning, 2 = Clear recommendation after minimal questioning, 3 = Clear comprehensive recommendation without questioning]
9. Recommendation (global rating scale): Global Rating Scale (GRS) - How confident am I that I received an accurate picture of the patient? [Rubric: 0 = Not at all confident, 1 = Confident but required extended questioning, 2 = Confident but required some further questioning, 3 = Confident and required little or no questioning]
10. Comments: Comments on the session. [Open-ended]

Responses:
--------------------

Respondent 17:
  Date: 2025-05-04
  SessionName: V (Hypoglycemia)
  Identification: 3
  Situation: 3
  Background (history): 3
  Background (examination): 3
  Assessment: 3
  Recommendation (clear recommendation): 3
  Recommendation (global rating scale): 2
  Comments: Concise - clear
Satisfactory

Respondent 6:
  Date: 2025-04-04
  SessionName: II (Anaphylactic Shock)
  Identification: 3
  Situation: 2
  Background (history): 3
  Background (examination): 3
  Assessment: 2
  Recommendation (clear recommendation): 2
  Recommendation (global rating scale): 3
  Comments: 

Respondent 18:
  Date: 2025-05-04
  SessionName: IV - VT
  Identification: 3
  Situation: 3
  Background (history): 2
  Background (examination): 2
  Assessment: 3
  Recommendation (clear recommendation): 2
  Recommendation (global rating scale): 2
  Comments: Not very concise or clear communication
Satisfactory

Respondent 22:
  Date: 2025-05-16
  SessionName: IV (VT)
  Identification: 3
  Situation: 3
  Background (history): 3
  Background (examination): 3
  Assessment: 2
  Recommendation (clear recommendation): 2
  Recommendation (global rating scale): 3
  Comments: Clear communication skills
Good

Respondent 11:
  Date: 2025-04-04
  SessionName: IV (AF)
  Identification: 3
  Situation: 3
  Background (history): 3
  Background (examination): 3
  Assessment: 3
  Recommendation (clear recommendation): 3
  Recommendation (global rating scale): 3
  Comments: Clear communication and handover

Respondent 21:
  Date: 2025-05-16
  SessionName: I (Myocardial infarction)
  Identification: 3
  Situation: 2
  Background (history): 3
  Background (examination): 1
  Assessment: 2
  Recommendation (clear recommendation): 3
  Recommendation (global rating scale): 3
  Comments: Diagnostic clarity is present
Good and early assessment of condition is done

Respondent 14:
  Date: 2025-03-14
  SessionName: IV-Hypoglycemia
  Identification: 3
  Situation: 3
  Background (history): 2
  Background (examination): 2
  Assessment: 3
  Recommendation (clear recommendation): 1
  Recommendation (global rating scale): 2
  Comments: Time: (2:36-2:53)
Late response for considering consultation

Respondent 15:
  Date: 2025-05-04
  SessionName: III - Sepsis
  Identification: 3
  Situation: 3
  Background (history): 2
  Background (examination): 3
  Assessment: 2
  Recommendation (clear recommendation): 2
  Recommendation (global rating scale): 2
  Comments: Detailed Response - clear communication

Respondent 4:
  Date: 2025-05-16
  SessionName: III (Sepsis)
  Identification: 3
  Situation: 3
  Background (history): 3
  Background (examination): 2
  Assessment: 2
  Recommendation (clear recommendation): 2
  Recommendation (global rating scale): 2
  Comments: Clinical handover and communication skills, satisfactory
No panic, no arrest team
Satisfactory


</questionnaire>

You are a meticulous data analyst AI. Your primary function is to accurately analyze structured data and provide precise, verifiable answers.

You will be given a dataset with two key parts:

A 'questions' section: This is your data dictionary or schema. It is the single source of truth for understanding what each field and score means. Refer to it carefully.

A 'responses' section: This contains the raw data from each individual respondent.

To answer the question correctly, you must first use the 'questions' schema to fully understand the context and meaning of the data points within the 'responses'. Do not rely on any prior knowledge outside of this provided data. Base your entire analysis on the information given.

Provide your final answer directly and concisely. Output must be the human-readable value, not an option code.

Rules:
- For MCQ fields, map any letter codes in the Responses (case-insensitive) to the corresponding option text from the Questions schema, and output only that text. Do NOT include the letter or both.
  Example: If the schema is """"[MCQ: A. Abnormal B. Inconclusive C. Normal]"""" and the response is """"a"""", output """"Abnormal"""".
- For open-ended fields, output the exact text value.
- If the question asks for a count, provide only the number (e.g., """"42"""").
- If the question asks for a list of names or IDs, provide a simple comma-separated list (e.g., """"17, 21, 23"""").
- Preserve capitalization exactly as in the schema (e.g., output """"Abnormal"""", not """"abnormal"""" or """"A"""").

<task>
Which respondents have a total score across all rubric items that is higher than the average total score for all respondents?
</task>""","17, 22, 11",False
case_44,rule_based_querying,List all respondents whose 'Background (history)' is within 2 point of the lowest 'Recommendation (global rating scale)' for their session name.,"Survey Data
==================================================

Questions:
1. Date: What is the date of the session? [Open-ended]
2. SessionName: What is the name of the session? [Open-ended]
3. Identification: Identification of self, role, and patient. [Rubric: 0 = Requires direct prompting, 1 = Introduces themselves but only after a hint, 2 = Introduces themselves but information is incomplete, 3 = Introduces themselves and information is complete]
4. Situation: Identifies the main problem(s). [Rubric: 0 = Unable to identify the main problem(s), 1 = Identifies the main problem(s) after extended prompting, 2 = Identifies the main problem(s) with fewer prompts needed, 3 = Identifies and prioritizes the main problem(s) unprompted]
5. Background (history): Gives appropriate history. [Rubric: 0 = History is unstructured or non-relevant, 1 = Relevant history but frequent clarification needed, 2 = Relevant history with few further questions needed, 3 = Comprehensive focused history]
6. Background (examination): Gives appropriate examination/observations. [Rubric: 0 = Observations are omitted or irrelevant, 1 = Observations reported but frequent clarification needed, 2 = Observations reported with few further questions needed, 3 = Comprehensive focused examination/observations]
7. Assessment: Makes logical assessment (correlates problem, history, exam, context). [Rubric: 0 = No logical assessment, 1 = Assessment only after extended questioning, 2 = Assessment after minimal questioning, 3 = Comprehensive logical assessment without questioning]
8. Recommendation (clear recommendation): Makes a clear recommendation. [Rubric: 0 = No recommendation, 1 = Clear recommendation only after extended questioning, 2 = Clear recommendation after minimal questioning, 3 = Clear comprehensive recommendation without questioning]
9. Recommendation (global rating scale): Global Rating Scale (GRS) - How confident am I that I received an accurate picture of the patient? [Rubric: 0 = Not at all confident, 1 = Confident but required extended questioning, 2 = Confident but required some further questioning, 3 = Confident and required little or no questioning]
10. Comments: Comments on the session. [Open-ended]

Responses:
--------------------

Respondent 21:
  Date: 2025-05-16
  SessionName: I (Myocardial infarction)
  Identification: 3
  Situation: 2
  Background (history): 3
  Background (examination): 1
  Assessment: 2
  Recommendation (clear recommendation): 3
  Recommendation (global rating scale): 3
  Comments: Diagnostic clarity is present
Good and early assessment of condition is done

Respondent 6:
  Date: 2025-04-04
  SessionName: II (Anaphylactic Shock)
  Identification: 3
  Situation: 2
  Background (history): 3
  Background (examination): 3
  Assessment: 2
  Recommendation (clear recommendation): 2
  Recommendation (global rating scale): 3
  Comments: 

Respondent 22:
  Date: 2025-05-16
  SessionName: IV (VT)
  Identification: 3
  Situation: 3
  Background (history): 3
  Background (examination): 3
  Assessment: 2
  Recommendation (clear recommendation): 2
  Recommendation (global rating scale): 3
  Comments: Clear communication skills
Good

Respondent 14:
  Date: 2025-03-14
  SessionName: IV-Hypoglycemia
  Identification: 3
  Situation: 3
  Background (history): 2
  Background (examination): 2
  Assessment: 3
  Recommendation (clear recommendation): 1
  Recommendation (global rating scale): 2
  Comments: Time: (2:36-2:53)
Late response for considering consultation

Respondent 13:
  Date: 2025-03-14
  SessionName: I-VF
  Identification: 3
  Situation: 3
  Background (history): 2
  Background (examination): 1
  Assessment: 2
  Recommendation (clear recommendation): 2
  Recommendation (global rating scale): 2
  Comments: Time: (10:29-10:54)
Ventricular fibrillation (CVS)
Lack of communication btween 2 main interns
Further brief to patient, ask patent concerns

Respondent 1:
  Date: 2025-05-02
  SessionName: V (Hypoglycemia)
  Identification: -1
  Situation: 2
  Background (history): 2
  Background (examination): 2
  Assessment: 3
  Recommendation (clear recommendation): 2
  Recommendation (global rating scale): 2
  Comments: Satisfactory

Respondent 7:
  Date: 2025-03-14
  SessionName: III-Sepsis
  Identification: 3
  Situation: 3
  Background (history): 2
  Background (examination): 3
  Assessment: 2
  Recommendation (clear recommendation): 2
  Recommendation (global rating scale): 2
  Comments: Time: (1:00-1:17)

Respondent 15:
  Date: 2025-05-04
  SessionName: III - Sepsis
  Identification: 3
  Situation: 3
  Background (history): 2
  Background (examination): 3
  Assessment: 2
  Recommendation (clear recommendation): 2
  Recommendation (global rating scale): 2
  Comments: Detailed Response - clear communication

Respondent 10:
  Date: 2025-03-14
  SessionName: (MI)-VT
  Identification: 2
  Situation: 2
  Background (history): 2
  Background (examination): 2
  Assessment: 2
  Recommendation (clear recommendation): 2
  Recommendation (global rating scale): 2
  Comments: Time: (15:53-16:14)

Respondent 17:
  Date: 2025-05-04
  SessionName: V (Hypoglycemia)
  Identification: 3
  Situation: 3
  Background (history): 3
  Background (examination): 3
  Assessment: 3
  Recommendation (clear recommendation): 3
  Recommendation (global rating scale): 2
  Comments: Concise - clear
Satisfactory

Respondent 20:
  Date: 2025-05-02
  SessionName: IV (VT)
  Identification: 3
  Situation: 3
  Background (history): 2
  Background (examination): -1
  Assessment: 3
  Recommendation (clear recommendation): 2
  Recommendation (global rating scale): 3
  Comments: Good

","['21', '6', '22', '14', '13', '1', '7', '15', '10', '17', '20']","<example>
List all respondents from the '(MI)-VT' session whose 'Recommendation (global rating scale)' is exactly 0.

DATA:

Survey Data
==================================================

Questions:
1. Date: What is the date of the session? [Open-ended]
2. SessionName: What is the name of the session? [Open-ended]
3. Identification: Identification of self, role, and patient. [Rubric: 0 = Requires direct prompting, 1 = Introduces themselves but only after a hint, 2 = Introduces themselves but information is incomplete, 3 = Introduces themselves and information is complete]
4. Situation: Identifies the main problem(s). [Rubric: 0 = Unable to identify the main problem(s), 1 = Identifies the main problem(s) after extended prompting, 2 = Identifies the main problem(s) with fewer prompts needed, 3 = Identifies and prioritizes the main problem(s) unprompted]
5. Background (history): Gives appropriate history. [Rubric: 0 = History is unstructured or non-relevant, 1 = Relevant history but frequent clarification needed, 2 = Relevant history with few further questions needed, 3 = Comprehensive focused history]
6. Background (examination): Gives appropriate examination/observations. [Rubric: 0 = Observations are omitted or irrelevant, 1 = Observations reported but frequent clarification needed, 2 = Observations reported with few further questions needed, 3 = Comprehensive focused examination/observations]
7. Assessment: Makes logical assessment (correlates problem, history, exam, context). [Rubric: 0 = No logical assessment, 1 = Assessment only after extended questioning, 2 = Assessment after minimal questioning, 3 = Comprehensive logical assessment without questioning]
8. Recommendation (clear recommendation): Makes a clear recommendation. [Rubric: 0 = No recommendation, 1 = Clear recommendation only after extended questioning, 2 = Clear recommendation after minimal questioning, 3 = Clear comprehensive recommendation without questioning]
9. Recommendation (global rating scale): Global Rating Scale (GRS) - How confident am I that I received an accurate picture of the patient? [Rubric: 0 = Not at all confident, 1 = Confident but required extended questioning, 2 = Confident but required some further questioning, 3 = Confident and required little or no questioning]
10. Comments: Comments on the session. [Open-ended]

Responses:
--------------------

Respondent 21:
  Date: 2025-05-16
  SessionName: I (Myocardial infarction)
  Identification: 3
  Situation: 2
  Background (history): 3
  Background (examination): 1
  Assessment: 2
  Recommendation (clear recommendation): 3
  Recommendation (global rating scale): 3
  Comments: Diagnostic clarity is present
Good and early assessment of condition is done

Respondent 6:
  Date: 2025-04-04
  SessionName: II (Anaphylactic Shock)
  Identification: 3
  Situation: 2
  Background (history): 3
  Background (examination): 3
  Assessment: 2
  Recommendation (clear recommendation): 2
  Recommendation (global rating scale): 3
  Comments: 

Respondent 22:
  Date: 2025-05-16
  SessionName: IV (VT)
  Identification: 3
  Situation: 3
  Background (history): 3
  Background (examination): 3
  Assessment: 2
  Recommendation (clear recommendation): 2
  Recommendation (global rating scale): 3
  Comments: Clear communication skills
Good

Respondent 14:
  Date: 2025-03-14
  SessionName: IV-Hypoglycemia
  Identification: 3
  Situation: 3
  Background (history): 2
  Background (examination): 2
  Assessment: 3
  Recommendation (clear recommendation): 1
  Recommendation (global rating scale): 2
  Comments: Time: (2:36-2:53)
Late response for considering consultation

Respondent 13:
  Date: 2025-03-14
  SessionName: I-VF
  Identification: 3
  Situation: 3
  Background (history): 2
  Background (examination): 1
  Assessment: 2
  Recommendation (clear recommendation): 2
  Recommendation (global rating scale): 2
  Comments: Time: (10:29-10:54)
Ventricular fibrillation (CVS)
Lack of communication btween 2 main interns
Further brief to patient, ask patent concerns

Respondent 1:
  Date: 2025-05-02
  SessionName: V (Hypoglycemia)
  Identification: -1
  Situation: 2
  Background (history): 2
  Background (examination): 2
  Assessment: 3
  Recommendation (clear recommendation): 2
  Recommendation (global rating scale): 2
  Comments: Satisfactory

Respondent 7:
  Date: 2025-03-14
  SessionName: III-Sepsis
  Identification: 3
  Situation: 3
  Background (history): 2
  Background (examination): 3
  Assessment: 2
  Recommendation (clear recommendation): 2
  Recommendation (global rating scale): 2
  Comments: Time: (1:00-1:17)

Respondent 15:
  Date: 2025-05-04
  SessionName: III - Sepsis
  Identification: 3
  Situation: 3
  Background (history): 2
  Background (examination): 3
  Assessment: 2
  Recommendation (clear recommendation): 2
  Recommendation (global rating scale): 2
  Comments: Detailed Response - clear communication

Respondent 10:
  Date: 2025-03-14
  SessionName: (MI)-VT
  Identification: 2
  Situation: 2
  Background (history): 2
  Background (examination): 2
  Assessment: 2
  Recommendation (clear recommendation): 2
  Recommendation (global rating scale): 2
  Comments: Time: (15:53-16:14)

Respondent 17:
  Date: 2025-05-04
  SessionName: V (Hypoglycemia)
  Identification: 3
  Situation: 3
  Background (history): 3
  Background (examination): 3
  Assessment: 3
  Recommendation (clear recommendation): 3
  Recommendation (global rating scale): 2
  Comments: Concise - clear
Satisfactory

Respondent 20:
  Date: 2025-05-02
  SessionName: IV (VT)
  Identification: 3
  Situation: 3
  Background (history): 2
  Background (examination): -1
  Assessment: 3
  Recommendation (clear recommendation): 2
  Recommendation (global rating scale): 3
  Comments: Good



Answer: []
</example>

<questionnaire>
Survey Data
==================================================

Questions:
1. Date: What is the date of the session? [Open-ended]
2. SessionName: What is the name of the session? [Open-ended]
3. Identification: Identification of self, role, and patient. [Rubric: 0 = Requires direct prompting, 1 = Introduces themselves but only after a hint, 2 = Introduces themselves but information is incomplete, 3 = Introduces themselves and information is complete]
4. Situation: Identifies the main problem(s). [Rubric: 0 = Unable to identify the main problem(s), 1 = Identifies the main problem(s) after extended prompting, 2 = Identifies the main problem(s) with fewer prompts needed, 3 = Identifies and prioritizes the main problem(s) unprompted]
5. Background (history): Gives appropriate history. [Rubric: 0 = History is unstructured or non-relevant, 1 = Relevant history but frequent clarification needed, 2 = Relevant history with few further questions needed, 3 = Comprehensive focused history]
6. Background (examination): Gives appropriate examination/observations. [Rubric: 0 = Observations are omitted or irrelevant, 1 = Observations reported but frequent clarification needed, 2 = Observations reported with few further questions needed, 3 = Comprehensive focused examination/observations]
7. Assessment: Makes logical assessment (correlates problem, history, exam, context). [Rubric: 0 = No logical assessment, 1 = Assessment only after extended questioning, 2 = Assessment after minimal questioning, 3 = Comprehensive logical assessment without questioning]
8. Recommendation (clear recommendation): Makes a clear recommendation. [Rubric: 0 = No recommendation, 1 = Clear recommendation only after extended questioning, 2 = Clear recommendation after minimal questioning, 3 = Clear comprehensive recommendation without questioning]
9. Recommendation (global rating scale): Global Rating Scale (GRS) - How confident am I that I received an accurate picture of the patient? [Rubric: 0 = Not at all confident, 1 = Confident but required extended questioning, 2 = Confident but required some further questioning, 3 = Confident and required little or no questioning]
10. Comments: Comments on the session. [Open-ended]

Responses:
--------------------

Respondent 21:
  Date: 2025-05-16
  SessionName: I (Myocardial infarction)
  Identification: 3
  Situation: 2
  Background (history): 3
  Background (examination): 1
  Assessment: 2
  Recommendation (clear recommendation): 3
  Recommendation (global rating scale): 3
  Comments: Diagnostic clarity is present
Good and early assessment of condition is done

Respondent 6:
  Date: 2025-04-04
  SessionName: II (Anaphylactic Shock)
  Identification: 3
  Situation: 2
  Background (history): 3
  Background (examination): 3
  Assessment: 2
  Recommendation (clear recommendation): 2
  Recommendation (global rating scale): 3
  Comments: 

Respondent 22:
  Date: 2025-05-16
  SessionName: IV (VT)
  Identification: 3
  Situation: 3
  Background (history): 3
  Background (examination): 3
  Assessment: 2
  Recommendation (clear recommendation): 2
  Recommendation (global rating scale): 3
  Comments: Clear communication skills
Good

Respondent 14:
  Date: 2025-03-14
  SessionName: IV-Hypoglycemia
  Identification: 3
  Situation: 3
  Background (history): 2
  Background (examination): 2
  Assessment: 3
  Recommendation (clear recommendation): 1
  Recommendation (global rating scale): 2
  Comments: Time: (2:36-2:53)
Late response for considering consultation

Respondent 13:
  Date: 2025-03-14
  SessionName: I-VF
  Identification: 3
  Situation: 3
  Background (history): 2
  Background (examination): 1
  Assessment: 2
  Recommendation (clear recommendation): 2
  Recommendation (global rating scale): 2
  Comments: Time: (10:29-10:54)
Ventricular fibrillation (CVS)
Lack of communication btween 2 main interns
Further brief to patient, ask patent concerns

Respondent 1:
  Date: 2025-05-02
  SessionName: V (Hypoglycemia)
  Identification: -1
  Situation: 2
  Background (history): 2
  Background (examination): 2
  Assessment: 3
  Recommendation (clear recommendation): 2
  Recommendation (global rating scale): 2
  Comments: Satisfactory

Respondent 7:
  Date: 2025-03-14
  SessionName: III-Sepsis
  Identification: 3
  Situation: 3
  Background (history): 2
  Background (examination): 3
  Assessment: 2
  Recommendation (clear recommendation): 2
  Recommendation (global rating scale): 2
  Comments: Time: (1:00-1:17)

Respondent 15:
  Date: 2025-05-04
  SessionName: III - Sepsis
  Identification: 3
  Situation: 3
  Background (history): 2
  Background (examination): 3
  Assessment: 2
  Recommendation (clear recommendation): 2
  Recommendation (global rating scale): 2
  Comments: Detailed Response - clear communication

Respondent 10:
  Date: 2025-03-14
  SessionName: (MI)-VT
  Identification: 2
  Situation: 2
  Background (history): 2
  Background (examination): 2
  Assessment: 2
  Recommendation (clear recommendation): 2
  Recommendation (global rating scale): 2
  Comments: Time: (15:53-16:14)

Respondent 17:
  Date: 2025-05-04
  SessionName: V (Hypoglycemia)
  Identification: 3
  Situation: 3
  Background (history): 3
  Background (examination): 3
  Assessment: 3
  Recommendation (clear recommendation): 3
  Recommendation (global rating scale): 2
  Comments: Concise - clear
Satisfactory

Respondent 20:
  Date: 2025-05-02
  SessionName: IV (VT)
  Identification: 3
  Situation: 3
  Background (history): 2
  Background (examination): -1
  Assessment: 3
  Recommendation (clear recommendation): 2
  Recommendation (global rating scale): 3
  Comments: Good


</questionnaire>

You are a meticulous data analyst AI. Your primary function is to accurately analyze structured data and provide precise, verifiable answers.

You will be given a dataset with two key parts:

A 'questions' section: This is your data dictionary or schema. It is the single source of truth for understanding what each field and score means. Refer to it carefully.

A 'responses' section: This contains the raw data from each individual respondent.

To answer the question correctly, you must first use the 'questions' schema to fully understand the context and meaning of the data points within the 'responses'. Do not rely on any prior knowledge outside of this provided data. Base your entire analysis on the information given.

Provide your final answer directly and concisely. Output must be the human-readable value, not an option code.

Rules:
- For MCQ fields, map any letter codes in the Responses (case-insensitive) to the corresponding option text from the Questions schema, and output only that text. Do NOT include the letter or both.
  Example: If the schema is ""[MCQ: A. Abnormal B. Inconclusive C. Normal]"" and the response is ""a"", output ""Abnormal"".
- For open-ended fields, output the exact text value.
- If the question asks for a count, provide only the number (e.g., ""42"").
- If the question asks for a list of names or IDs, provide a simple comma-separated list (e.g., ""17, 21, 23"").
- Preserve capitalization exactly as in the schema (e.g., output ""Abnormal"", not ""abnormal"" or ""A"").

<task>
List all respondents whose 'Background (history)' is within 2 point of the lowest 'Recommendation (global rating scale)' for their session name.
</task>",EMPTY_MODEL_RESPONSE,False
case_45,rule_based_querying,Find all respondents whose 'Background (examination)' is greater than the average 'Background (examination)' for their session name.,"""Survey Data
==================================================

Questions:
1. Date: What is the date of the session? [Open-ended]
2. SessionName: What is the name of the session? [Open-ended]
3. Identification: Identification of self, role, and patient. [Rubric: 0 = Requires direct prompting, 1 = Introduces themselves but only after a hint, 2 = Introduces themselves but information is incomplete, 3 = Introduces themselves and information is complete]
4. Situation: Identifies the main problem(s). [Rubric: 0 = Unable to identify the main problem(s), 1 = Identifies the main problem(s) after extended prompting, 2 = Identifies the main problem(s) with fewer prompts needed, 3 = Identifies and prioritizes the main problem(s) unprompted]
5. Background (history): Gives appropriate history. [Rubric: 0 = History is unstructured or non-relevant, 1 = Relevant history but frequent clarification needed, 2 = Relevant history with few further questions needed, 3 = Comprehensive focused history]
6. Background (examination): Gives appropriate examination/observations. [Rubric: 0 = Observations are omitted or irrelevant, 1 = Observations reported but frequent clarification needed, 2 = Observations reported with few further questions needed, 3 = Comprehensive focused examination/observations]
7. Assessment: Makes logical assessment (correlates problem, history, exam, context). [Rubric: 0 = No logical assessment, 1 = Assessment only after extended questioning, 2 = Assessment after minimal questioning, 3 = Comprehensive logical assessment without questioning]
8. Recommendation (clear recommendation): Makes a clear recommendation. [Rubric: 0 = No recommendation, 1 = Clear recommendation only after extended questioning, 2 = Clear recommendation after minimal questioning, 3 = Clear comprehensive recommendation without questioning]
9. Recommendation (global rating scale): Global Rating Scale (GRS) - How confident am I that I received an accurate picture of the patient? [Rubric: 0 = Not at all confident, 1 = Confident but required extended questioning, 2 = Confident but required some further questioning, 3 = Confident and required little or no questioning]
10. Comments: Comments on the session. [Open-ended]

Responses:
--------------------

Respondent 23:
  Date: 2025-03-14
  SessionName: II-Anaphylaxsis
  Identification: 3
  Situation: 3
  Background (history): 2
  Background (examination): 2
  Assessment: 3
  Recommendation (clear recommendation): 3
  Recommendation (global rating scale): 3
  Comments: Time: (11:43-11:58)
Talking to registrav could not summarize the condition of patient very clearly
DID: Sepsis I Anaphylaxsis given by team

Respondent 7:
  Date: 2025-03-14
  SessionName: III-Sepsis
  Identification: 3
  Situation: 3
  Background (history): 2
  Background (examination): 3
  Assessment: 2
  Recommendation (clear recommendation): 2
  Recommendation (global rating scale): 2
  Comments: Time: (1:00-1:17)

Respondent 22:
  Date: 2025-05-16
  SessionName: IV (VT)
  Identification: 3
  Situation: 3
  Background (history): 3
  Background (examination): 3
  Assessment: 2
  Recommendation (clear recommendation): 2
  Recommendation (global rating scale): 3
  Comments: Clear communication skills
Good

Respondent 9:
  Date: 2025-05-04
  SessionName: II (Anaphylaxsis)
  Identification: 3
  Situation: 3
  Background (history): 2
  Background (examination): 2
  Assessment: 2
  Recommendation (clear recommendation): 3
  Recommendation (global rating scale): 2
  Comments: Overall a bit unclear communication reflected

Respondent 3:
  Date: 2025-04-04
  SessionName: III-Sepsis
  Identification: 0
  Situation: 2
  Background (history): 3
  Background (examination): 3
  Assessment: 3
  Recommendation (clear recommendation): 3
  Recommendation (global rating scale): 3
  Comments: The patient/simulation is not oriented in TPP.
Clear communication between Reg and colleague during handover

Respondent 4:
  Date: 2025-05-16
  SessionName: III (Sepsis)
  Identification: 3
  Situation: 3
  Background (history): 3
  Background (examination): 2
  Assessment: 2
  Recommendation (clear recommendation): 2
  Recommendation (global rating scale): 2
  Comments: Clinical handover and communication skills, satisfactory
No panic, no arrest team
Satisfactory

Respondent 6:
  Date: 2025-04-04
  SessionName: II (Anaphylactic Shock)
  Identification: 3
  Situation: 2
  Background (history): 3
  Background (examination): 3
  Assessment: 2
  Recommendation (clear recommendation): 2
  Recommendation (global rating scale): 3
  Comments: 

Respondent 12:
  Date: 2025-05-02
  SessionName: II (Anaphylaxis)
  Identification: 3
  Situation: 3
  Background (history): 3
  Background (examination): 3
  Assessment: 2
  Recommendation (clear recommendation): 3
  Recommendation (global rating scale): 3
  Comments: Good

""",[],"""<example>
List all respondents from the '(MI)-VT' session whose 'Recommendation (global rating scale)' is exactly 0.

DATA:

Survey Data
==================================================

Questions:
1. Date: What is the date of the session? [Open-ended]
2. SessionName: What is the name of the session? [Open-ended]
3. Identification: Identification of self, role, and patient. [Rubric: 0 = Requires direct prompting, 1 = Introduces themselves but only after a hint, 2 = Introduces themselves but information is incomplete, 3 = Introduces themselves and information is complete]
4. Situation: Identifies the main problem(s). [Rubric: 0 = Unable to identify the main problem(s), 1 = Identifies the main problem(s) after extended prompting, 2 = Identifies the main problem(s) with fewer prompts needed, 3 = Identifies and prioritizes the main problem(s) unprompted]
5. Background (history): Gives appropriate history. [Rubric: 0 = History is unstructured or non-relevant, 1 = Relevant history but frequent clarification needed, 2 = Relevant history with few further questions needed, 3 = Comprehensive focused history]
6. Background (examination): Gives appropriate examination/observations. [Rubric: 0 = Observations are omitted or irrelevant, 1 = Observations reported but frequent clarification needed, 2 = Observations reported with few further questions needed, 3 = Comprehensive focused examination/observations]
7. Assessment: Makes logical assessment (correlates problem, history, exam, context). [Rubric: 0 = No logical assessment, 1 = Assessment only after extended questioning, 2 = Assessment after minimal questioning, 3 = Comprehensive logical assessment without questioning]
8. Recommendation (clear recommendation): Makes a clear recommendation. [Rubric: 0 = No recommendation, 1 = Clear recommendation only after extended questioning, 2 = Clear recommendation after minimal questioning, 3 = Clear comprehensive recommendation without questioning]
9. Recommendation (global rating scale): Global Rating Scale (GRS) - How confident am I that I received an accurate picture of the patient? [Rubric: 0 = Not at all confident, 1 = Confident but required extended questioning, 2 = Confident but required some further questioning, 3 = Confident and required little or no questioning]
10. Comments: Comments on the session. [Open-ended]

Responses:
--------------------

Respondent 23:
  Date: 2025-03-14
  SessionName: II-Anaphylaxsis
  Identification: 3
  Situation: 3
  Background (history): 2
  Background (examination): 2
  Assessment: 3
  Recommendation (clear recommendation): 3
  Recommendation (global rating scale): 3
  Comments: Time: (11:43-11:58)
Talking to registrav could not summarize the condition of patient very clearly
DID: Sepsis I Anaphylaxsis given by team

Respondent 7:
  Date: 2025-03-14
  SessionName: III-Sepsis
  Identification: 3
  Situation: 3
  Background (history): 2
  Background (examination): 3
  Assessment: 2
  Recommendation (clear recommendation): 2
  Recommendation (global rating scale): 2
  Comments: Time: (1:00-1:17)

Respondent 22:
  Date: 2025-05-16
  SessionName: IV (VT)
  Identification: 3
  Situation: 3
  Background (history): 3
  Background (examination): 3
  Assessment: 2
  Recommendation (clear recommendation): 2
  Recommendation (global rating scale): 3
  Comments: Clear communication skills
Good

Respondent 9:
  Date: 2025-05-04
  SessionName: II (Anaphylaxsis)
  Identification: 3
  Situation: 3
  Background (history): 2
  Background (examination): 2
  Assessment: 2
  Recommendation (clear recommendation): 3
  Recommendation (global rating scale): 2
  Comments: Overall a bit unclear communication reflected

Respondent 3:
  Date: 2025-04-04
  SessionName: III-Sepsis
  Identification: 0
  Situation: 2
  Background (history): 3
  Background (examination): 3
  Assessment: 3
  Recommendation (clear recommendation): 3
  Recommendation (global rating scale): 3
  Comments: The patient/simulation is not oriented in TPP.
Clear communication between Reg and colleague during handover

Respondent 4:
  Date: 2025-05-16
  SessionName: III (Sepsis)
  Identification: 3
  Situation: 3
  Background (history): 3
  Background (examination): 2
  Assessment: 2
  Recommendation (clear recommendation): 2
  Recommendation (global rating scale): 2
  Comments: Clinical handover and communication skills, satisfactory
No panic, no arrest team
Satisfactory

Respondent 6:
  Date: 2025-04-04
  SessionName: II (Anaphylactic Shock)
  Identification: 3
  Situation: 2
  Background (history): 3
  Background (examination): 3
  Assessment: 2
  Recommendation (clear recommendation): 2
  Recommendation (global rating scale): 3
  Comments: 

Respondent 12:
  Date: 2025-05-02
  SessionName: II (Anaphylaxis)
  Identification: 3
  Situation: 3
  Background (history): 3
  Background (examination): 3
  Assessment: 2
  Recommendation (clear recommendation): 3
  Recommendation (global rating scale): 3
  Comments: Good



Answer: []
</example>

<questionnaire>
Survey Data
==================================================

Questions:
1. Date: What is the date of the session? [Open-ended]
2. SessionName: What is the name of the session? [Open-ended]
3. Identification: Identification of self, role, and patient. [Rubric: 0 = Requires direct prompting, 1 = Introduces themselves but only after a hint, 2 = Introduces themselves but information is incomplete, 3 = Introduces themselves and information is complete]
4. Situation: Identifies the main problem(s). [Rubric: 0 = Unable to identify the main problem(s), 1 = Identifies the main problem(s) after extended prompting, 2 = Identifies the main problem(s) with fewer prompts needed, 3 = Identifies and prioritizes the main problem(s) unprompted]
5. Background (history): Gives appropriate history. [Rubric: 0 = History is unstructured or non-relevant, 1 = Relevant history but frequent clarification needed, 2 = Relevant history with few further questions needed, 3 = Comprehensive focused history]
6. Background (examination): Gives appropriate examination/observations. [Rubric: 0 = Observations are omitted or irrelevant, 1 = Observations reported but frequent clarification needed, 2 = Observations reported with few further questions needed, 3 = Comprehensive focused examination/observations]
7. Assessment: Makes logical assessment (correlates problem, history, exam, context). [Rubric: 0 = No logical assessment, 1 = Assessment only after extended questioning, 2 = Assessment after minimal questioning, 3 = Comprehensive logical assessment without questioning]
8. Recommendation (clear recommendation): Makes a clear recommendation. [Rubric: 0 = No recommendation, 1 = Clear recommendation only after extended questioning, 2 = Clear recommendation after minimal questioning, 3 = Clear comprehensive recommendation without questioning]
9. Recommendation (global rating scale): Global Rating Scale (GRS) - How confident am I that I received an accurate picture of the patient? [Rubric: 0 = Not at all confident, 1 = Confident but required extended questioning, 2 = Confident but required some further questioning, 3 = Confident and required little or no questioning]
10. Comments: Comments on the session. [Open-ended]

Responses:
--------------------

Respondent 23:
  Date: 2025-03-14
  SessionName: II-Anaphylaxsis
  Identification: 3
  Situation: 3
  Background (history): 2
  Background (examination): 2
  Assessment: 3
  Recommendation (clear recommendation): 3
  Recommendation (global rating scale): 3
  Comments: Time: (11:43-11:58)
Talking to registrav could not summarize the condition of patient very clearly
DID: Sepsis I Anaphylaxsis given by team

Respondent 7:
  Date: 2025-03-14
  SessionName: III-Sepsis
  Identification: 3
  Situation: 3
  Background (history): 2
  Background (examination): 3
  Assessment: 2
  Recommendation (clear recommendation): 2
  Recommendation (global rating scale): 2
  Comments: Time: (1:00-1:17)

Respondent 22:
  Date: 2025-05-16
  SessionName: IV (VT)
  Identification: 3
  Situation: 3
  Background (history): 3
  Background (examination): 3
  Assessment: 2
  Recommendation (clear recommendation): 2
  Recommendation (global rating scale): 3
  Comments: Clear communication skills
Good

Respondent 9:
  Date: 2025-05-04
  SessionName: II (Anaphylaxsis)
  Identification: 3
  Situation: 3
  Background (history): 2
  Background (examination): 2
  Assessment: 2
  Recommendation (clear recommendation): 3
  Recommendation (global rating scale): 2
  Comments: Overall a bit unclear communication reflected

Respondent 3:
  Date: 2025-04-04
  SessionName: III-Sepsis
  Identification: 0
  Situation: 2
  Background (history): 3
  Background (examination): 3
  Assessment: 3
  Recommendation (clear recommendation): 3
  Recommendation (global rating scale): 3
  Comments: The patient/simulation is not oriented in TPP.
Clear communication between Reg and colleague during handover

Respondent 4:
  Date: 2025-05-16
  SessionName: III (Sepsis)
  Identification: 3
  Situation: 3
  Background (history): 3
  Background (examination): 2
  Assessment: 2
  Recommendation (clear recommendation): 2
  Recommendation (global rating scale): 2
  Comments: Clinical handover and communication skills, satisfactory
No panic, no arrest team
Satisfactory

Respondent 6:
  Date: 2025-04-04
  SessionName: II (Anaphylactic Shock)
  Identification: 3
  Situation: 2
  Background (history): 3
  Background (examination): 3
  Assessment: 2
  Recommendation (clear recommendation): 2
  Recommendation (global rating scale): 3
  Comments: 

Respondent 12:
  Date: 2025-05-02
  SessionName: II (Anaphylaxis)
  Identification: 3
  Situation: 3
  Background (history): 3
  Background (examination): 3
  Assessment: 2
  Recommendation (clear recommendation): 3
  Recommendation (global rating scale): 3
  Comments: Good


</questionnaire>

You are a meticulous data analyst AI. Your primary function is to accurately analyze structured data and provide precise, verifiable answers.

You will be given a dataset with two key parts:

A 'questions' section: This is your data dictionary or schema. It is the single source of truth for understanding what each field and score means. Refer to it carefully.

A 'responses' section: This contains the raw data from each individual respondent.

To answer the question correctly, you must first use the 'questions' schema to fully understand the context and meaning of the data points within the 'responses'. Do not rely on any prior knowledge outside of this provided data. Base your entire analysis on the information given.

Provide your final answer directly and concisely. Output must be the human-readable value, not an option code.

Rules:
- For MCQ fields, map any letter codes in the Responses (case-insensitive) to the corresponding option text from the Questions schema, and output only that text. Do NOT include the letter or both.
  Example: If the schema is """"[MCQ: A. Abnormal B. Inconclusive C. Normal]"""" and the response is """"a"""", output """"Abnormal"""".
- For open-ended fields, output the exact text value.
- If the question asks for a count, provide only the number (e.g., """"42"""").
- If the question asks for a list of names or IDs, provide a simple comma-separated list (e.g., """"17, 21, 23"""").
- Preserve capitalization exactly as in the schema (e.g., output """"Abnormal"""", not """"abnormal"""" or """"A"""").

<task>
Find all respondents whose 'Background (examination)' is greater than the average 'Background (examination)' for their session name.
</task>""",[],True
case_46,rule_based_querying,Which respondents have a total score across all items that is lower than the average total score for all sessions on the same date?,"Survey Data
==================================================

Questions:
1. Date: What is the date of the session? [Open-ended]
2. SessionName: What is the name of the session? [Open-ended]
3. Identification: Identification of self, role, and patient. [Rubric: 0 = Requires direct prompting, 1 = Introduces themselves but only after a hint, 2 = Introduces themselves but information is incomplete, 3 = Introduces themselves and information is complete]
4. Situation: Identifies the main problem(s). [Rubric: 0 = Unable to identify the main problem(s), 1 = Identifies the main problem(s) after extended prompting, 2 = Identifies the main problem(s) with fewer prompts needed, 3 = Identifies and prioritizes the main problem(s) unprompted]
5. Background (history): Gives appropriate history. [Rubric: 0 = History is unstructured or non-relevant, 1 = Relevant history but frequent clarification needed, 2 = Relevant history with few further questions needed, 3 = Comprehensive focused history]
6. Background (examination): Gives appropriate examination/observations. [Rubric: 0 = Observations are omitted or irrelevant, 1 = Observations reported but frequent clarification needed, 2 = Observations reported with few further questions needed, 3 = Comprehensive focused examination/observations]
7. Assessment: Makes logical assessment (correlates problem, history, exam, context). [Rubric: 0 = No logical assessment, 1 = Assessment only after extended questioning, 2 = Assessment after minimal questioning, 3 = Comprehensive logical assessment without questioning]
8. Recommendation (clear recommendation): Makes a clear recommendation. [Rubric: 0 = No recommendation, 1 = Clear recommendation only after extended questioning, 2 = Clear recommendation after minimal questioning, 3 = Clear comprehensive recommendation without questioning]
9. Recommendation (global rating scale): Global Rating Scale (GRS) - How confident am I that I received an accurate picture of the patient? [Rubric: 0 = Not at all confident, 1 = Confident but required extended questioning, 2 = Confident but required some further questioning, 3 = Confident and required little or no questioning]
10. Comments: Comments on the session. [Open-ended]

Responses:
--------------------

Respondent 7:
  Date: 2025-03-14
  SessionName: III-Sepsis
  Identification: 3
  Situation: 3
  Background (history): 2
  Background (examination): 3
  Assessment: 2
  Recommendation (clear recommendation): 2
  Recommendation (global rating scale): 2
  Comments: Time: (1:00-1:17)

Respondent 15:
  Date: 2025-05-04
  SessionName: III - Sepsis
  Identification: 3
  Situation: 3
  Background (history): 2
  Background (examination): 3
  Assessment: 2
  Recommendation (clear recommendation): 2
  Recommendation (global rating scale): 2
  Comments: Detailed Response - clear communication

Respondent 4:
  Date: 2025-05-16
  SessionName: III (Sepsis)
  Identification: 3
  Situation: 3
  Background (history): 3
  Background (examination): 2
  Assessment: 2
  Recommendation (clear recommendation): 2
  Recommendation (global rating scale): 2
  Comments: Clinical handover and communication skills, satisfactory
No panic, no arrest team
Satisfactory

Respondent 9:
  Date: 2025-05-04
  SessionName: II (Anaphylaxsis)
  Identification: 3
  Situation: 3
  Background (history): 2
  Background (examination): 2
  Assessment: 2
  Recommendation (clear recommendation): 3
  Recommendation (global rating scale): 2
  Comments: Overall a bit unclear communication reflected

Respondent 16:
  Date: 2025-05-02
  SessionName: I - MI
  Identification: 3
  Situation: 3
  Background (history): 3
  Background (examination): 3
  Assessment: 3
  Recommendation (clear recommendation): 2
  Recommendation (global rating scale): 3
  Comments: Consent denied for video recordings
Satisfactory

Respondent 17:
  Date: 2025-05-04
  SessionName: V (Hypoglycemia)
  Identification: 3
  Situation: 3
  Background (history): 3
  Background (examination): 3
  Assessment: 3
  Recommendation (clear recommendation): 3
  Recommendation (global rating scale): 2
  Comments: Concise - clear
Satisfactory

Respondent 11:
  Date: 2025-04-04
  SessionName: IV (AF)
  Identification: 3
  Situation: 3
  Background (history): 3
  Background (examination): 3
  Assessment: 3
  Recommendation (clear recommendation): 3
  Recommendation (global rating scale): 3
  Comments: Clear communication and handover

Respondent 13:
  Date: 2025-03-14
  SessionName: I-VF
  Identification: 3
  Situation: 3
  Background (history): 2
  Background (examination): 1
  Assessment: 2
  Recommendation (clear recommendation): 2
  Recommendation (global rating scale): 2
  Comments: Time: (10:29-10:54)
Ventricular fibrillation (CVS)
Lack of communication btween 2 main interns
Further brief to patient, ask patent concerns

Respondent 10:
  Date: 2025-03-14
  SessionName: (MI)-VT
  Identification: 2
  Situation: 2
  Background (history): 2
  Background (examination): 2
  Assessment: 2
  Recommendation (clear recommendation): 2
  Recommendation (global rating scale): 2
  Comments: Time: (15:53-16:14)

Respondent 23:
  Date: 2025-03-14
  SessionName: II-Anaphylaxsis
  Identification: 3
  Situation: 3
  Background (history): 2
  Background (examination): 2
  Assessment: 3
  Recommendation (clear recommendation): 3
  Recommendation (global rating scale): 3
  Comments: Time: (11:43-11:58)
Talking to registrav could not summarize the condition of patient very clearly
DID: Sepsis I Anaphylaxsis given by team

","['15', '9', '13', '10']","<example>
List all respondents from the '(MI)-VT' session whose 'Recommendation (global rating scale)' is exactly 0.

DATA:

Survey Data
==================================================

Questions:
1. Date: What is the date of the session? [Open-ended]
2. SessionName: What is the name of the session? [Open-ended]
3. Identification: Identification of self, role, and patient. [Rubric: 0 = Requires direct prompting, 1 = Introduces themselves but only after a hint, 2 = Introduces themselves but information is incomplete, 3 = Introduces themselves and information is complete]
4. Situation: Identifies the main problem(s). [Rubric: 0 = Unable to identify the main problem(s), 1 = Identifies the main problem(s) after extended prompting, 2 = Identifies the main problem(s) with fewer prompts needed, 3 = Identifies and prioritizes the main problem(s) unprompted]
5. Background (history): Gives appropriate history. [Rubric: 0 = History is unstructured or non-relevant, 1 = Relevant history but frequent clarification needed, 2 = Relevant history with few further questions needed, 3 = Comprehensive focused history]
6. Background (examination): Gives appropriate examination/observations. [Rubric: 0 = Observations are omitted or irrelevant, 1 = Observations reported but frequent clarification needed, 2 = Observations reported with few further questions needed, 3 = Comprehensive focused examination/observations]
7. Assessment: Makes logical assessment (correlates problem, history, exam, context). [Rubric: 0 = No logical assessment, 1 = Assessment only after extended questioning, 2 = Assessment after minimal questioning, 3 = Comprehensive logical assessment without questioning]
8. Recommendation (clear recommendation): Makes a clear recommendation. [Rubric: 0 = No recommendation, 1 = Clear recommendation only after extended questioning, 2 = Clear recommendation after minimal questioning, 3 = Clear comprehensive recommendation without questioning]
9. Recommendation (global rating scale): Global Rating Scale (GRS) - How confident am I that I received an accurate picture of the patient? [Rubric: 0 = Not at all confident, 1 = Confident but required extended questioning, 2 = Confident but required some further questioning, 3 = Confident and required little or no questioning]
10. Comments: Comments on the session. [Open-ended]

Responses:
--------------------

Respondent 7:
  Date: 2025-03-14
  SessionName: III-Sepsis
  Identification: 3
  Situation: 3
  Background (history): 2
  Background (examination): 3
  Assessment: 2
  Recommendation (clear recommendation): 2
  Recommendation (global rating scale): 2
  Comments: Time: (1:00-1:17)

Respondent 15:
  Date: 2025-05-04
  SessionName: III - Sepsis
  Identification: 3
  Situation: 3
  Background (history): 2
  Background (examination): 3
  Assessment: 2
  Recommendation (clear recommendation): 2
  Recommendation (global rating scale): 2
  Comments: Detailed Response - clear communication

Respondent 4:
  Date: 2025-05-16
  SessionName: III (Sepsis)
  Identification: 3
  Situation: 3
  Background (history): 3
  Background (examination): 2
  Assessment: 2
  Recommendation (clear recommendation): 2
  Recommendation (global rating scale): 2
  Comments: Clinical handover and communication skills, satisfactory
No panic, no arrest team
Satisfactory

Respondent 9:
  Date: 2025-05-04
  SessionName: II (Anaphylaxsis)
  Identification: 3
  Situation: 3
  Background (history): 2
  Background (examination): 2
  Assessment: 2
  Recommendation (clear recommendation): 3
  Recommendation (global rating scale): 2
  Comments: Overall a bit unclear communication reflected

Respondent 16:
  Date: 2025-05-02
  SessionName: I - MI
  Identification: 3
  Situation: 3
  Background (history): 3
  Background (examination): 3
  Assessment: 3
  Recommendation (clear recommendation): 2
  Recommendation (global rating scale): 3
  Comments: Consent denied for video recordings
Satisfactory

Respondent 17:
  Date: 2025-05-04
  SessionName: V (Hypoglycemia)
  Identification: 3
  Situation: 3
  Background (history): 3
  Background (examination): 3
  Assessment: 3
  Recommendation (clear recommendation): 3
  Recommendation (global rating scale): 2
  Comments: Concise - clear
Satisfactory

Respondent 11:
  Date: 2025-04-04
  SessionName: IV (AF)
  Identification: 3
  Situation: 3
  Background (history): 3
  Background (examination): 3
  Assessment: 3
  Recommendation (clear recommendation): 3
  Recommendation (global rating scale): 3
  Comments: Clear communication and handover

Respondent 13:
  Date: 2025-03-14
  SessionName: I-VF
  Identification: 3
  Situation: 3
  Background (history): 2
  Background (examination): 1
  Assessment: 2
  Recommendation (clear recommendation): 2
  Recommendation (global rating scale): 2
  Comments: Time: (10:29-10:54)
Ventricular fibrillation (CVS)
Lack of communication btween 2 main interns
Further brief to patient, ask patent concerns

Respondent 10:
  Date: 2025-03-14
  SessionName: (MI)-VT
  Identification: 2
  Situation: 2
  Background (history): 2
  Background (examination): 2
  Assessment: 2
  Recommendation (clear recommendation): 2
  Recommendation (global rating scale): 2
  Comments: Time: (15:53-16:14)

Respondent 23:
  Date: 2025-03-14
  SessionName: II-Anaphylaxsis
  Identification: 3
  Situation: 3
  Background (history): 2
  Background (examination): 2
  Assessment: 3
  Recommendation (clear recommendation): 3
  Recommendation (global rating scale): 3
  Comments: Time: (11:43-11:58)
Talking to registrav could not summarize the condition of patient very clearly
DID: Sepsis I Anaphylaxsis given by team



Answer: []
</example>

<questionnaire>
Survey Data
==================================================

Questions:
1. Date: What is the date of the session? [Open-ended]
2. SessionName: What is the name of the session? [Open-ended]
3. Identification: Identification of self, role, and patient. [Rubric: 0 = Requires direct prompting, 1 = Introduces themselves but only after a hint, 2 = Introduces themselves but information is incomplete, 3 = Introduces themselves and information is complete]
4. Situation: Identifies the main problem(s). [Rubric: 0 = Unable to identify the main problem(s), 1 = Identifies the main problem(s) after extended prompting, 2 = Identifies the main problem(s) with fewer prompts needed, 3 = Identifies and prioritizes the main problem(s) unprompted]
5. Background (history): Gives appropriate history. [Rubric: 0 = History is unstructured or non-relevant, 1 = Relevant history but frequent clarification needed, 2 = Relevant history with few further questions needed, 3 = Comprehensive focused history]
6. Background (examination): Gives appropriate examination/observations. [Rubric: 0 = Observations are omitted or irrelevant, 1 = Observations reported but frequent clarification needed, 2 = Observations reported with few further questions needed, 3 = Comprehensive focused examination/observations]
7. Assessment: Makes logical assessment (correlates problem, history, exam, context). [Rubric: 0 = No logical assessment, 1 = Assessment only after extended questioning, 2 = Assessment after minimal questioning, 3 = Comprehensive logical assessment without questioning]
8. Recommendation (clear recommendation): Makes a clear recommendation. [Rubric: 0 = No recommendation, 1 = Clear recommendation only after extended questioning, 2 = Clear recommendation after minimal questioning, 3 = Clear comprehensive recommendation without questioning]
9. Recommendation (global rating scale): Global Rating Scale (GRS) - How confident am I that I received an accurate picture of the patient? [Rubric: 0 = Not at all confident, 1 = Confident but required extended questioning, 2 = Confident but required some further questioning, 3 = Confident and required little or no questioning]
10. Comments: Comments on the session. [Open-ended]

Responses:
--------------------

Respondent 7:
  Date: 2025-03-14
  SessionName: III-Sepsis
  Identification: 3
  Situation: 3
  Background (history): 2
  Background (examination): 3
  Assessment: 2
  Recommendation (clear recommendation): 2
  Recommendation (global rating scale): 2
  Comments: Time: (1:00-1:17)

Respondent 15:
  Date: 2025-05-04
  SessionName: III - Sepsis
  Identification: 3
  Situation: 3
  Background (history): 2
  Background (examination): 3
  Assessment: 2
  Recommendation (clear recommendation): 2
  Recommendation (global rating scale): 2
  Comments: Detailed Response - clear communication

Respondent 4:
  Date: 2025-05-16
  SessionName: III (Sepsis)
  Identification: 3
  Situation: 3
  Background (history): 3
  Background (examination): 2
  Assessment: 2
  Recommendation (clear recommendation): 2
  Recommendation (global rating scale): 2
  Comments: Clinical handover and communication skills, satisfactory
No panic, no arrest team
Satisfactory

Respondent 9:
  Date: 2025-05-04
  SessionName: II (Anaphylaxsis)
  Identification: 3
  Situation: 3
  Background (history): 2
  Background (examination): 2
  Assessment: 2
  Recommendation (clear recommendation): 3
  Recommendation (global rating scale): 2
  Comments: Overall a bit unclear communication reflected

Respondent 16:
  Date: 2025-05-02
  SessionName: I - MI
  Identification: 3
  Situation: 3
  Background (history): 3
  Background (examination): 3
  Assessment: 3
  Recommendation (clear recommendation): 2
  Recommendation (global rating scale): 3
  Comments: Consent denied for video recordings
Satisfactory

Respondent 17:
  Date: 2025-05-04
  SessionName: V (Hypoglycemia)
  Identification: 3
  Situation: 3
  Background (history): 3
  Background (examination): 3
  Assessment: 3
  Recommendation (clear recommendation): 3
  Recommendation (global rating scale): 2
  Comments: Concise - clear
Satisfactory

Respondent 11:
  Date: 2025-04-04
  SessionName: IV (AF)
  Identification: 3
  Situation: 3
  Background (history): 3
  Background (examination): 3
  Assessment: 3
  Recommendation (clear recommendation): 3
  Recommendation (global rating scale): 3
  Comments: Clear communication and handover

Respondent 13:
  Date: 2025-03-14
  SessionName: I-VF
  Identification: 3
  Situation: 3
  Background (history): 2
  Background (examination): 1
  Assessment: 2
  Recommendation (clear recommendation): 2
  Recommendation (global rating scale): 2
  Comments: Time: (10:29-10:54)
Ventricular fibrillation (CVS)
Lack of communication btween 2 main interns
Further brief to patient, ask patent concerns

Respondent 10:
  Date: 2025-03-14
  SessionName: (MI)-VT
  Identification: 2
  Situation: 2
  Background (history): 2
  Background (examination): 2
  Assessment: 2
  Recommendation (clear recommendation): 2
  Recommendation (global rating scale): 2
  Comments: Time: (15:53-16:14)

Respondent 23:
  Date: 2025-03-14
  SessionName: II-Anaphylaxsis
  Identification: 3
  Situation: 3
  Background (history): 2
  Background (examination): 2
  Assessment: 3
  Recommendation (clear recommendation): 3
  Recommendation (global rating scale): 3
  Comments: Time: (11:43-11:58)
Talking to registrav could not summarize the condition of patient very clearly
DID: Sepsis I Anaphylaxsis given by team


</questionnaire>

You are a meticulous data analyst AI. Your primary function is to accurately analyze structured data and provide precise, verifiable answers.

You will be given a dataset with two key parts:

A 'questions' section: This is your data dictionary or schema. It is the single source of truth for understanding what each field and score means. Refer to it carefully.

A 'responses' section: This contains the raw data from each individual respondent.

To answer the question correctly, you must first use the 'questions' schema to fully understand the context and meaning of the data points within the 'responses'. Do not rely on any prior knowledge outside of this provided data. Base your entire analysis on the information given.

Provide your final answer directly and concisely. Output must be the human-readable value, not an option code.

Rules:
- For MCQ fields, map any letter codes in the Responses (case-insensitive) to the corresponding option text from the Questions schema, and output only that text. Do NOT include the letter or both.
  Example: If the schema is ""[MCQ: A. Abnormal B. Inconclusive C. Normal]"" and the response is ""a"", output ""Abnormal"".
- For open-ended fields, output the exact text value.
- If the question asks for a count, provide only the number (e.g., ""42"").
- If the question asks for a list of names or IDs, provide a simple comma-separated list (e.g., ""17, 21, 23"").
- Preserve capitalization exactly as in the schema (e.g., output ""Abnormal"", not ""abnormal"" or ""A"").

<task>
Which respondents have a total score across all items that is lower than the average total score for all sessions on the same date?
</task>",EMPTY_MODEL_RESPONSE,False
case_47,rule_based_querying,Which respondents have a total score across all items that is lower than the average total score for all sessions on the same date?,"Survey Data
==================================================

Questions:
1. Date: What is the date of the session? [Open-ended]
2. SessionName: What is the name of the session? [Open-ended]
3. Identification: Identification of self, role, and patient. [Rubric: 0 = Requires direct prompting, 1 = Introduces themselves but only after a hint, 2 = Introduces themselves but information is incomplete, 3 = Introduces themselves and information is complete]
4. Situation: Identifies the main problem(s). [Rubric: 0 = Unable to identify the main problem(s), 1 = Identifies the main problem(s) after extended prompting, 2 = Identifies the main problem(s) with fewer prompts needed, 3 = Identifies and prioritizes the main problem(s) unprompted]
5. Background (history): Gives appropriate history. [Rubric: 0 = History is unstructured or non-relevant, 1 = Relevant history but frequent clarification needed, 2 = Relevant history with few further questions needed, 3 = Comprehensive focused history]
6. Background (examination): Gives appropriate examination/observations. [Rubric: 0 = Observations are omitted or irrelevant, 1 = Observations reported but frequent clarification needed, 2 = Observations reported with few further questions needed, 3 = Comprehensive focused examination/observations]
7. Assessment: Makes logical assessment (correlates problem, history, exam, context). [Rubric: 0 = No logical assessment, 1 = Assessment only after extended questioning, 2 = Assessment after minimal questioning, 3 = Comprehensive logical assessment without questioning]
8. Recommendation (clear recommendation): Makes a clear recommendation. [Rubric: 0 = No recommendation, 1 = Clear recommendation only after extended questioning, 2 = Clear recommendation after minimal questioning, 3 = Clear comprehensive recommendation without questioning]
9. Recommendation (global rating scale): Global Rating Scale (GRS) - How confident am I that I received an accurate picture of the patient? [Rubric: 0 = Not at all confident, 1 = Confident but required extended questioning, 2 = Confident but required some further questioning, 3 = Confident and required little or no questioning]
10. Comments: Comments on the session. [Open-ended]

Responses:
--------------------

Respondent 4:
  Date: 2025-05-16
  SessionName: III (Sepsis)
  Identification: 3
  Situation: 3
  Background (history): 3
  Background (examination): 2
  Assessment: 2
  Recommendation (clear recommendation): 2
  Recommendation (global rating scale): 2
  Comments: Clinical handover and communication skills, satisfactory
No panic, no arrest team
Satisfactory

Respondent 12:
  Date: 2025-05-02
  SessionName: II (Anaphylaxis)
  Identification: 3
  Situation: 3
  Background (history): 3
  Background (examination): 3
  Assessment: 2
  Recommendation (clear recommendation): 3
  Recommendation (global rating scale): 3
  Comments: Good

Respondent 22:
  Date: 2025-05-16
  SessionName: IV (VT)
  Identification: 3
  Situation: 3
  Background (history): 3
  Background (examination): 3
  Assessment: 2
  Recommendation (clear recommendation): 2
  Recommendation (global rating scale): 3
  Comments: Clear communication skills
Good

Respondent 15:
  Date: 2025-05-04
  SessionName: III - Sepsis
  Identification: 3
  Situation: 3
  Background (history): 2
  Background (examination): 3
  Assessment: 2
  Recommendation (clear recommendation): 2
  Recommendation (global rating scale): 2
  Comments: Detailed Response - clear communication

Respondent 6:
  Date: 2025-04-04
  SessionName: II (Anaphylactic Shock)
  Identification: 3
  Situation: 2
  Background (history): 3
  Background (examination): 3
  Assessment: 2
  Recommendation (clear recommendation): 2
  Recommendation (global rating scale): 3
  Comments: 

Respondent 10:
  Date: 2025-03-14
  SessionName: (MI)-VT
  Identification: 2
  Situation: 2
  Background (history): 2
  Background (examination): 2
  Assessment: 2
  Recommendation (clear recommendation): 2
  Recommendation (global rating scale): 2
  Comments: Time: (15:53-16:14)

Respondent 3:
  Date: 2025-04-04
  SessionName: III-Sepsis
  Identification: 0
  Situation: 2
  Background (history): 3
  Background (examination): 3
  Assessment: 3
  Recommendation (clear recommendation): 3
  Recommendation (global rating scale): 3
  Comments: The patient/simulation is not oriented in TPP.
Clear communication between Reg and colleague during handover

Respondent 5:
  Date: 2025-05-04
  SessionName: II - Anaphylaxsis
  Identification: 3
  Situation: 3
  Background (history): 3
  Background (examination): 3
  Assessment: 3
  Recommendation (clear recommendation): 2
  Recommendation (global rating scale): 3
  Comments: Good clear and precise clinical handover
Good

Respondent 19:
  Date: 2025-05-16
  SessionName: I - MI
  Identification: 3
  Situation: 3
  Background (history): 3
  Background (examination): 3
  Assessment: 2
  Recommendation (clear recommendation): 3
  Recommendation (global rating scale): 3
  Comments: Wrong CPR position
Clarity is a bit low over whole case scenario
Satisfactory

Respondent 2:
  Date: 2025-04-04
  SessionName: MI
  Identification: 3
  Situation: 3
  Background (history): 2
  Background (examination): 3
  Assessment: 3
  Recommendation (clear recommendation): 2
  Recommendation (global rating scale): 1
  Comments: 

Respondent 23:
  Date: 2025-03-14
  SessionName: II-Anaphylaxsis
  Identification: 3
  Situation: 3
  Background (history): 2
  Background (examination): 2
  Assessment: 3
  Recommendation (clear recommendation): 3
  Recommendation (global rating scale): 3
  Comments: Time: (11:43-11:58)
Talking to registrav could not summarize the condition of patient very clearly
DID: Sepsis I Anaphylaxsis given by team

Respondent 16:
  Date: 2025-05-02
  SessionName: I - MI
  Identification: 3
  Situation: 3
  Background (history): 3
  Background (examination): 3
  Assessment: 3
  Recommendation (clear recommendation): 2
  Recommendation (global rating scale): 3
  Comments: Consent denied for video recordings
Satisfactory

","['4', '15', '10', '3', '2']","<example>
List all respondents from the '(MI)-VT' session whose 'Recommendation (global rating scale)' is exactly 0.

DATA:

Survey Data
==================================================

Questions:
1. Date: What is the date of the session? [Open-ended]
2. SessionName: What is the name of the session? [Open-ended]
3. Identification: Identification of self, role, and patient. [Rubric: 0 = Requires direct prompting, 1 = Introduces themselves but only after a hint, 2 = Introduces themselves but information is incomplete, 3 = Introduces themselves and information is complete]
4. Situation: Identifies the main problem(s). [Rubric: 0 = Unable to identify the main problem(s), 1 = Identifies the main problem(s) after extended prompting, 2 = Identifies the main problem(s) with fewer prompts needed, 3 = Identifies and prioritizes the main problem(s) unprompted]
5. Background (history): Gives appropriate history. [Rubric: 0 = History is unstructured or non-relevant, 1 = Relevant history but frequent clarification needed, 2 = Relevant history with few further questions needed, 3 = Comprehensive focused history]
6. Background (examination): Gives appropriate examination/observations. [Rubric: 0 = Observations are omitted or irrelevant, 1 = Observations reported but frequent clarification needed, 2 = Observations reported with few further questions needed, 3 = Comprehensive focused examination/observations]
7. Assessment: Makes logical assessment (correlates problem, history, exam, context). [Rubric: 0 = No logical assessment, 1 = Assessment only after extended questioning, 2 = Assessment after minimal questioning, 3 = Comprehensive logical assessment without questioning]
8. Recommendation (clear recommendation): Makes a clear recommendation. [Rubric: 0 = No recommendation, 1 = Clear recommendation only after extended questioning, 2 = Clear recommendation after minimal questioning, 3 = Clear comprehensive recommendation without questioning]
9. Recommendation (global rating scale): Global Rating Scale (GRS) - How confident am I that I received an accurate picture of the patient? [Rubric: 0 = Not at all confident, 1 = Confident but required extended questioning, 2 = Confident but required some further questioning, 3 = Confident and required little or no questioning]
10. Comments: Comments on the session. [Open-ended]

Responses:
--------------------

Respondent 4:
  Date: 2025-05-16
  SessionName: III (Sepsis)
  Identification: 3
  Situation: 3
  Background (history): 3
  Background (examination): 2
  Assessment: 2
  Recommendation (clear recommendation): 2
  Recommendation (global rating scale): 2
  Comments: Clinical handover and communication skills, satisfactory
No panic, no arrest team
Satisfactory

Respondent 12:
  Date: 2025-05-02
  SessionName: II (Anaphylaxis)
  Identification: 3
  Situation: 3
  Background (history): 3
  Background (examination): 3
  Assessment: 2
  Recommendation (clear recommendation): 3
  Recommendation (global rating scale): 3
  Comments: Good

Respondent 22:
  Date: 2025-05-16
  SessionName: IV (VT)
  Identification: 3
  Situation: 3
  Background (history): 3
  Background (examination): 3
  Assessment: 2
  Recommendation (clear recommendation): 2
  Recommendation (global rating scale): 3
  Comments: Clear communication skills
Good

Respondent 15:
  Date: 2025-05-04
  SessionName: III - Sepsis
  Identification: 3
  Situation: 3
  Background (history): 2
  Background (examination): 3
  Assessment: 2
  Recommendation (clear recommendation): 2
  Recommendation (global rating scale): 2
  Comments: Detailed Response - clear communication

Respondent 6:
  Date: 2025-04-04
  SessionName: II (Anaphylactic Shock)
  Identification: 3
  Situation: 2
  Background (history): 3
  Background (examination): 3
  Assessment: 2
  Recommendation (clear recommendation): 2
  Recommendation (global rating scale): 3
  Comments: 

Respondent 10:
  Date: 2025-03-14
  SessionName: (MI)-VT
  Identification: 2
  Situation: 2
  Background (history): 2
  Background (examination): 2
  Assessment: 2
  Recommendation (clear recommendation): 2
  Recommendation (global rating scale): 2
  Comments: Time: (15:53-16:14)

Respondent 3:
  Date: 2025-04-04
  SessionName: III-Sepsis
  Identification: 0
  Situation: 2
  Background (history): 3
  Background (examination): 3
  Assessment: 3
  Recommendation (clear recommendation): 3
  Recommendation (global rating scale): 3
  Comments: The patient/simulation is not oriented in TPP.
Clear communication between Reg and colleague during handover

Respondent 5:
  Date: 2025-05-04
  SessionName: II - Anaphylaxsis
  Identification: 3
  Situation: 3
  Background (history): 3
  Background (examination): 3
  Assessment: 3
  Recommendation (clear recommendation): 2
  Recommendation (global rating scale): 3
  Comments: Good clear and precise clinical handover
Good

Respondent 19:
  Date: 2025-05-16
  SessionName: I - MI
  Identification: 3
  Situation: 3
  Background (history): 3
  Background (examination): 3
  Assessment: 2
  Recommendation (clear recommendation): 3
  Recommendation (global rating scale): 3
  Comments: Wrong CPR position
Clarity is a bit low over whole case scenario
Satisfactory

Respondent 2:
  Date: 2025-04-04
  SessionName: MI
  Identification: 3
  Situation: 3
  Background (history): 2
  Background (examination): 3
  Assessment: 3
  Recommendation (clear recommendation): 2
  Recommendation (global rating scale): 1
  Comments: 

Respondent 23:
  Date: 2025-03-14
  SessionName: II-Anaphylaxsis
  Identification: 3
  Situation: 3
  Background (history): 2
  Background (examination): 2
  Assessment: 3
  Recommendation (clear recommendation): 3
  Recommendation (global rating scale): 3
  Comments: Time: (11:43-11:58)
Talking to registrav could not summarize the condition of patient very clearly
DID: Sepsis I Anaphylaxsis given by team

Respondent 16:
  Date: 2025-05-02
  SessionName: I - MI
  Identification: 3
  Situation: 3
  Background (history): 3
  Background (examination): 3
  Assessment: 3
  Recommendation (clear recommendation): 2
  Recommendation (global rating scale): 3
  Comments: Consent denied for video recordings
Satisfactory



Answer: []
</example>

<questionnaire>
Survey Data
==================================================

Questions:
1. Date: What is the date of the session? [Open-ended]
2. SessionName: What is the name of the session? [Open-ended]
3. Identification: Identification of self, role, and patient. [Rubric: 0 = Requires direct prompting, 1 = Introduces themselves but only after a hint, 2 = Introduces themselves but information is incomplete, 3 = Introduces themselves and information is complete]
4. Situation: Identifies the main problem(s). [Rubric: 0 = Unable to identify the main problem(s), 1 = Identifies the main problem(s) after extended prompting, 2 = Identifies the main problem(s) with fewer prompts needed, 3 = Identifies and prioritizes the main problem(s) unprompted]
5. Background (history): Gives appropriate history. [Rubric: 0 = History is unstructured or non-relevant, 1 = Relevant history but frequent clarification needed, 2 = Relevant history with few further questions needed, 3 = Comprehensive focused history]
6. Background (examination): Gives appropriate examination/observations. [Rubric: 0 = Observations are omitted or irrelevant, 1 = Observations reported but frequent clarification needed, 2 = Observations reported with few further questions needed, 3 = Comprehensive focused examination/observations]
7. Assessment: Makes logical assessment (correlates problem, history, exam, context). [Rubric: 0 = No logical assessment, 1 = Assessment only after extended questioning, 2 = Assessment after minimal questioning, 3 = Comprehensive logical assessment without questioning]
8. Recommendation (clear recommendation): Makes a clear recommendation. [Rubric: 0 = No recommendation, 1 = Clear recommendation only after extended questioning, 2 = Clear recommendation after minimal questioning, 3 = Clear comprehensive recommendation without questioning]
9. Recommendation (global rating scale): Global Rating Scale (GRS) - How confident am I that I received an accurate picture of the patient? [Rubric: 0 = Not at all confident, 1 = Confident but required extended questioning, 2 = Confident but required some further questioning, 3 = Confident and required little or no questioning]
10. Comments: Comments on the session. [Open-ended]

Responses:
--------------------

Respondent 4:
  Date: 2025-05-16
  SessionName: III (Sepsis)
  Identification: 3
  Situation: 3
  Background (history): 3
  Background (examination): 2
  Assessment: 2
  Recommendation (clear recommendation): 2
  Recommendation (global rating scale): 2
  Comments: Clinical handover and communication skills, satisfactory
No panic, no arrest team
Satisfactory

Respondent 12:
  Date: 2025-05-02
  SessionName: II (Anaphylaxis)
  Identification: 3
  Situation: 3
  Background (history): 3
  Background (examination): 3
  Assessment: 2
  Recommendation (clear recommendation): 3
  Recommendation (global rating scale): 3
  Comments: Good

Respondent 22:
  Date: 2025-05-16
  SessionName: IV (VT)
  Identification: 3
  Situation: 3
  Background (history): 3
  Background (examination): 3
  Assessment: 2
  Recommendation (clear recommendation): 2
  Recommendation (global rating scale): 3
  Comments: Clear communication skills
Good

Respondent 15:
  Date: 2025-05-04
  SessionName: III - Sepsis
  Identification: 3
  Situation: 3
  Background (history): 2
  Background (examination): 3
  Assessment: 2
  Recommendation (clear recommendation): 2
  Recommendation (global rating scale): 2
  Comments: Detailed Response - clear communication

Respondent 6:
  Date: 2025-04-04
  SessionName: II (Anaphylactic Shock)
  Identification: 3
  Situation: 2
  Background (history): 3
  Background (examination): 3
  Assessment: 2
  Recommendation (clear recommendation): 2
  Recommendation (global rating scale): 3
  Comments: 

Respondent 10:
  Date: 2025-03-14
  SessionName: (MI)-VT
  Identification: 2
  Situation: 2
  Background (history): 2
  Background (examination): 2
  Assessment: 2
  Recommendation (clear recommendation): 2
  Recommendation (global rating scale): 2
  Comments: Time: (15:53-16:14)

Respondent 3:
  Date: 2025-04-04
  SessionName: III-Sepsis
  Identification: 0
  Situation: 2
  Background (history): 3
  Background (examination): 3
  Assessment: 3
  Recommendation (clear recommendation): 3
  Recommendation (global rating scale): 3
  Comments: The patient/simulation is not oriented in TPP.
Clear communication between Reg and colleague during handover

Respondent 5:
  Date: 2025-05-04
  SessionName: II - Anaphylaxsis
  Identification: 3
  Situation: 3
  Background (history): 3
  Background (examination): 3
  Assessment: 3
  Recommendation (clear recommendation): 2
  Recommendation (global rating scale): 3
  Comments: Good clear and precise clinical handover
Good

Respondent 19:
  Date: 2025-05-16
  SessionName: I - MI
  Identification: 3
  Situation: 3
  Background (history): 3
  Background (examination): 3
  Assessment: 2
  Recommendation (clear recommendation): 3
  Recommendation (global rating scale): 3
  Comments: Wrong CPR position
Clarity is a bit low over whole case scenario
Satisfactory

Respondent 2:
  Date: 2025-04-04
  SessionName: MI
  Identification: 3
  Situation: 3
  Background (history): 2
  Background (examination): 3
  Assessment: 3
  Recommendation (clear recommendation): 2
  Recommendation (global rating scale): 1
  Comments: 

Respondent 23:
  Date: 2025-03-14
  SessionName: II-Anaphylaxsis
  Identification: 3
  Situation: 3
  Background (history): 2
  Background (examination): 2
  Assessment: 3
  Recommendation (clear recommendation): 3
  Recommendation (global rating scale): 3
  Comments: Time: (11:43-11:58)
Talking to registrav could not summarize the condition of patient very clearly
DID: Sepsis I Anaphylaxsis given by team

Respondent 16:
  Date: 2025-05-02
  SessionName: I - MI
  Identification: 3
  Situation: 3
  Background (history): 3
  Background (examination): 3
  Assessment: 3
  Recommendation (clear recommendation): 2
  Recommendation (global rating scale): 3
  Comments: Consent denied for video recordings
Satisfactory


</questionnaire>

You are a meticulous data analyst AI. Your primary function is to accurately analyze structured data and provide precise, verifiable answers.

You will be given a dataset with two key parts:

A 'questions' section: This is your data dictionary or schema. It is the single source of truth for understanding what each field and score means. Refer to it carefully.

A 'responses' section: This contains the raw data from each individual respondent.

To answer the question correctly, you must first use the 'questions' schema to fully understand the context and meaning of the data points within the 'responses'. Do not rely on any prior knowledge outside of this provided data. Base your entire analysis on the information given.

Provide your final answer directly and concisely. Output must be the human-readable value, not an option code.

Rules:
- For MCQ fields, map any letter codes in the Responses (case-insensitive) to the corresponding option text from the Questions schema, and output only that text. Do NOT include the letter or both.
  Example: If the schema is ""[MCQ: A. Abnormal B. Inconclusive C. Normal]"" and the response is ""a"", output ""Abnormal"".
- For open-ended fields, output the exact text value.
- If the question asks for a count, provide only the number (e.g., ""42"").
- If the question asks for a list of names or IDs, provide a simple comma-separated list (e.g., ""17, 21, 23"").
- Preserve capitalization exactly as in the schema (e.g., output ""Abnormal"", not ""abnormal"" or ""A"").

<task>
Which respondents have a total score across all items that is lower than the average total score for all sessions on the same date?
</task>",EMPTY_MODEL_RESPONSE,False
case_48,rule_based_querying,Which respondents have a total score across all rubric items that is higher than the average total score for all respondents?,"""Survey Data
==================================================

Questions:
1. Date: What is the date of the session? [Open-ended]
2. SessionName: What is the name of the session? [Open-ended]
3. Identification: Identification of self, role, and patient. [Rubric: 0 = Requires direct prompting, 1 = Introduces themselves but only after a hint, 2 = Introduces themselves but information is incomplete, 3 = Introduces themselves and information is complete]
4. Situation: Identifies the main problem(s). [Rubric: 0 = Unable to identify the main problem(s), 1 = Identifies the main problem(s) after extended prompting, 2 = Identifies the main problem(s) with fewer prompts needed, 3 = Identifies and prioritizes the main problem(s) unprompted]
5. Background (history): Gives appropriate history. [Rubric: 0 = History is unstructured or non-relevant, 1 = Relevant history but frequent clarification needed, 2 = Relevant history with few further questions needed, 3 = Comprehensive focused history]
6. Background (examination): Gives appropriate examination/observations. [Rubric: 0 = Observations are omitted or irrelevant, 1 = Observations reported but frequent clarification needed, 2 = Observations reported with few further questions needed, 3 = Comprehensive focused examination/observations]
7. Assessment: Makes logical assessment (correlates problem, history, exam, context). [Rubric: 0 = No logical assessment, 1 = Assessment only after extended questioning, 2 = Assessment after minimal questioning, 3 = Comprehensive logical assessment without questioning]
8. Recommendation (clear recommendation): Makes a clear recommendation. [Rubric: 0 = No recommendation, 1 = Clear recommendation only after extended questioning, 2 = Clear recommendation after minimal questioning, 3 = Clear comprehensive recommendation without questioning]
9. Recommendation (global rating scale): Global Rating Scale (GRS) - How confident am I that I received an accurate picture of the patient? [Rubric: 0 = Not at all confident, 1 = Confident but required extended questioning, 2 = Confident but required some further questioning, 3 = Confident and required little or no questioning]
10. Comments: Comments on the session. [Open-ended]

Responses:
--------------------

Respondent 6:
  Date: 2025-04-04
  SessionName: II (Anaphylactic Shock)
  Identification: 3
  Situation: 2
  Background (history): 3
  Background (examination): 3
  Assessment: 2
  Recommendation (clear recommendation): 2
  Recommendation (global rating scale): 3
  Comments: 

Respondent 12:
  Date: 2025-05-02
  SessionName: II (Anaphylaxis)
  Identification: 3
  Situation: 3
  Background (history): 3
  Background (examination): 3
  Assessment: 2
  Recommendation (clear recommendation): 3
  Recommendation (global rating scale): 3
  Comments: Good

Respondent 5:
  Date: 2025-05-04
  SessionName: II - Anaphylaxsis
  Identification: 3
  Situation: 3
  Background (history): 3
  Background (examination): 3
  Assessment: 3
  Recommendation (clear recommendation): 2
  Recommendation (global rating scale): 3
  Comments: Good clear and precise clinical handover
Good

Respondent 17:
  Date: 2025-05-04
  SessionName: V (Hypoglycemia)
  Identification: 3
  Situation: 3
  Background (history): 3
  Background (examination): 3
  Assessment: 3
  Recommendation (clear recommendation): 3
  Recommendation (global rating scale): 2
  Comments: Concise - clear
Satisfactory

Respondent 13:
  Date: 2025-03-14
  SessionName: I-VF
  Identification: 3
  Situation: 3
  Background (history): 2
  Background (examination): 1
  Assessment: 2
  Recommendation (clear recommendation): 2
  Recommendation (global rating scale): 2
  Comments: Time: (10:29-10:54)
Ventricular fibrillation (CVS)
Lack of communication btween 2 main interns
Further brief to patient, ask patent concerns

Respondent 14:
  Date: 2025-03-14
  SessionName: IV-Hypoglycemia
  Identification: 3
  Situation: 3
  Background (history): 2
  Background (examination): 2
  Assessment: 3
  Recommendation (clear recommendation): 1
  Recommendation (global rating scale): 2
  Comments: Time: (2:36-2:53)
Late response for considering consultation

Respondent 21:
  Date: 2025-05-16
  SessionName: I (Myocardial infarction)
  Identification: 3
  Situation: 2
  Background (history): 3
  Background (examination): 1
  Assessment: 2
  Recommendation (clear recommendation): 3
  Recommendation (global rating scale): 3
  Comments: Diagnostic clarity is present
Good and early assessment of condition is done

Respondent 19:
  Date: 2025-05-16
  SessionName: I - MI
  Identification: 3
  Situation: 3
  Background (history): 3
  Background (examination): 3
  Assessment: 2
  Recommendation (clear recommendation): 3
  Recommendation (global rating scale): 3
  Comments: Wrong CPR position
Clarity is a bit low over whole case scenario
Satisfactory

""","""['12', '5', '17', '19']""","""<example>
List all respondents from the '(MI)-VT' session whose 'Recommendation (global rating scale)' is exactly 0.

DATA:

Survey Data
==================================================

Questions:
1. Date: What is the date of the session? [Open-ended]
2. SessionName: What is the name of the session? [Open-ended]
3. Identification: Identification of self, role, and patient. [Rubric: 0 = Requires direct prompting, 1 = Introduces themselves but only after a hint, 2 = Introduces themselves but information is incomplete, 3 = Introduces themselves and information is complete]
4. Situation: Identifies the main problem(s). [Rubric: 0 = Unable to identify the main problem(s), 1 = Identifies the main problem(s) after extended prompting, 2 = Identifies the main problem(s) with fewer prompts needed, 3 = Identifies and prioritizes the main problem(s) unprompted]
5. Background (history): Gives appropriate history. [Rubric: 0 = History is unstructured or non-relevant, 1 = Relevant history but frequent clarification needed, 2 = Relevant history with few further questions needed, 3 = Comprehensive focused history]
6. Background (examination): Gives appropriate examination/observations. [Rubric: 0 = Observations are omitted or irrelevant, 1 = Observations reported but frequent clarification needed, 2 = Observations reported with few further questions needed, 3 = Comprehensive focused examination/observations]
7. Assessment: Makes logical assessment (correlates problem, history, exam, context). [Rubric: 0 = No logical assessment, 1 = Assessment only after extended questioning, 2 = Assessment after minimal questioning, 3 = Comprehensive logical assessment without questioning]
8. Recommendation (clear recommendation): Makes a clear recommendation. [Rubric: 0 = No recommendation, 1 = Clear recommendation only after extended questioning, 2 = Clear recommendation after minimal questioning, 3 = Clear comprehensive recommendation without questioning]
9. Recommendation (global rating scale): Global Rating Scale (GRS) - How confident am I that I received an accurate picture of the patient? [Rubric: 0 = Not at all confident, 1 = Confident but required extended questioning, 2 = Confident but required some further questioning, 3 = Confident and required little or no questioning]
10. Comments: Comments on the session. [Open-ended]

Responses:
--------------------

Respondent 6:
  Date: 2025-04-04
  SessionName: II (Anaphylactic Shock)
  Identification: 3
  Situation: 2
  Background (history): 3
  Background (examination): 3
  Assessment: 2
  Recommendation (clear recommendation): 2
  Recommendation (global rating scale): 3
  Comments: 

Respondent 12:
  Date: 2025-05-02
  SessionName: II (Anaphylaxis)
  Identification: 3
  Situation: 3
  Background (history): 3
  Background (examination): 3
  Assessment: 2
  Recommendation (clear recommendation): 3
  Recommendation (global rating scale): 3
  Comments: Good

Respondent 5:
  Date: 2025-05-04
  SessionName: II - Anaphylaxsis
  Identification: 3
  Situation: 3
  Background (history): 3
  Background (examination): 3
  Assessment: 3
  Recommendation (clear recommendation): 2
  Recommendation (global rating scale): 3
  Comments: Good clear and precise clinical handover
Good

Respondent 17:
  Date: 2025-05-04
  SessionName: V (Hypoglycemia)
  Identification: 3
  Situation: 3
  Background (history): 3
  Background (examination): 3
  Assessment: 3
  Recommendation (clear recommendation): 3
  Recommendation (global rating scale): 2
  Comments: Concise - clear
Satisfactory

Respondent 13:
  Date: 2025-03-14
  SessionName: I-VF
  Identification: 3
  Situation: 3
  Background (history): 2
  Background (examination): 1
  Assessment: 2
  Recommendation (clear recommendation): 2
  Recommendation (global rating scale): 2
  Comments: Time: (10:29-10:54)
Ventricular fibrillation (CVS)
Lack of communication btween 2 main interns
Further brief to patient, ask patent concerns

Respondent 14:
  Date: 2025-03-14
  SessionName: IV-Hypoglycemia
  Identification: 3
  Situation: 3
  Background (history): 2
  Background (examination): 2
  Assessment: 3
  Recommendation (clear recommendation): 1
  Recommendation (global rating scale): 2
  Comments: Time: (2:36-2:53)
Late response for considering consultation

Respondent 21:
  Date: 2025-05-16
  SessionName: I (Myocardial infarction)
  Identification: 3
  Situation: 2
  Background (history): 3
  Background (examination): 1
  Assessment: 2
  Recommendation (clear recommendation): 3
  Recommendation (global rating scale): 3
  Comments: Diagnostic clarity is present
Good and early assessment of condition is done

Respondent 19:
  Date: 2025-05-16
  SessionName: I - MI
  Identification: 3
  Situation: 3
  Background (history): 3
  Background (examination): 3
  Assessment: 2
  Recommendation (clear recommendation): 3
  Recommendation (global rating scale): 3
  Comments: Wrong CPR position
Clarity is a bit low over whole case scenario
Satisfactory



Answer: []
</example>

<questionnaire>
Survey Data
==================================================

Questions:
1. Date: What is the date of the session? [Open-ended]
2. SessionName: What is the name of the session? [Open-ended]
3. Identification: Identification of self, role, and patient. [Rubric: 0 = Requires direct prompting, 1 = Introduces themselves but only after a hint, 2 = Introduces themselves but information is incomplete, 3 = Introduces themselves and information is complete]
4. Situation: Identifies the main problem(s). [Rubric: 0 = Unable to identify the main problem(s), 1 = Identifies the main problem(s) after extended prompting, 2 = Identifies the main problem(s) with fewer prompts needed, 3 = Identifies and prioritizes the main problem(s) unprompted]
5. Background (history): Gives appropriate history. [Rubric: 0 = History is unstructured or non-relevant, 1 = Relevant history but frequent clarification needed, 2 = Relevant history with few further questions needed, 3 = Comprehensive focused history]
6. Background (examination): Gives appropriate examination/observations. [Rubric: 0 = Observations are omitted or irrelevant, 1 = Observations reported but frequent clarification needed, 2 = Observations reported with few further questions needed, 3 = Comprehensive focused examination/observations]
7. Assessment: Makes logical assessment (correlates problem, history, exam, context). [Rubric: 0 = No logical assessment, 1 = Assessment only after extended questioning, 2 = Assessment after minimal questioning, 3 = Comprehensive logical assessment without questioning]
8. Recommendation (clear recommendation): Makes a clear recommendation. [Rubric: 0 = No recommendation, 1 = Clear recommendation only after extended questioning, 2 = Clear recommendation after minimal questioning, 3 = Clear comprehensive recommendation without questioning]
9. Recommendation (global rating scale): Global Rating Scale (GRS) - How confident am I that I received an accurate picture of the patient? [Rubric: 0 = Not at all confident, 1 = Confident but required extended questioning, 2 = Confident but required some further questioning, 3 = Confident and required little or no questioning]
10. Comments: Comments on the session. [Open-ended]

Responses:
--------------------

Respondent 6:
  Date: 2025-04-04
  SessionName: II (Anaphylactic Shock)
  Identification: 3
  Situation: 2
  Background (history): 3
  Background (examination): 3
  Assessment: 2
  Recommendation (clear recommendation): 2
  Recommendation (global rating scale): 3
  Comments: 

Respondent 12:
  Date: 2025-05-02
  SessionName: II (Anaphylaxis)
  Identification: 3
  Situation: 3
  Background (history): 3
  Background (examination): 3
  Assessment: 2
  Recommendation (clear recommendation): 3
  Recommendation (global rating scale): 3
  Comments: Good

Respondent 5:
  Date: 2025-05-04
  SessionName: II - Anaphylaxsis
  Identification: 3
  Situation: 3
  Background (history): 3
  Background (examination): 3
  Assessment: 3
  Recommendation (clear recommendation): 2
  Recommendation (global rating scale): 3
  Comments: Good clear and precise clinical handover
Good

Respondent 17:
  Date: 2025-05-04
  SessionName: V (Hypoglycemia)
  Identification: 3
  Situation: 3
  Background (history): 3
  Background (examination): 3
  Assessment: 3
  Recommendation (clear recommendation): 3
  Recommendation (global rating scale): 2
  Comments: Concise - clear
Satisfactory

Respondent 13:
  Date: 2025-03-14
  SessionName: I-VF
  Identification: 3
  Situation: 3
  Background (history): 2
  Background (examination): 1
  Assessment: 2
  Recommendation (clear recommendation): 2
  Recommendation (global rating scale): 2
  Comments: Time: (10:29-10:54)
Ventricular fibrillation (CVS)
Lack of communication btween 2 main interns
Further brief to patient, ask patent concerns

Respondent 14:
  Date: 2025-03-14
  SessionName: IV-Hypoglycemia
  Identification: 3
  Situation: 3
  Background (history): 2
  Background (examination): 2
  Assessment: 3
  Recommendation (clear recommendation): 1
  Recommendation (global rating scale): 2
  Comments: Time: (2:36-2:53)
Late response for considering consultation

Respondent 21:
  Date: 2025-05-16
  SessionName: I (Myocardial infarction)
  Identification: 3
  Situation: 2
  Background (history): 3
  Background (examination): 1
  Assessment: 2
  Recommendation (clear recommendation): 3
  Recommendation (global rating scale): 3
  Comments: Diagnostic clarity is present
Good and early assessment of condition is done

Respondent 19:
  Date: 2025-05-16
  SessionName: I - MI
  Identification: 3
  Situation: 3
  Background (history): 3
  Background (examination): 3
  Assessment: 2
  Recommendation (clear recommendation): 3
  Recommendation (global rating scale): 3
  Comments: Wrong CPR position
Clarity is a bit low over whole case scenario
Satisfactory


</questionnaire>

You are a meticulous data analyst AI. Your primary function is to accurately analyze structured data and provide precise, verifiable answers.

You will be given a dataset with two key parts:

A 'questions' section: This is your data dictionary or schema. It is the single source of truth for understanding what each field and score means. Refer to it carefully.

A 'responses' section: This contains the raw data from each individual respondent.

To answer the question correctly, you must first use the 'questions' schema to fully understand the context and meaning of the data points within the 'responses'. Do not rely on any prior knowledge outside of this provided data. Base your entire analysis on the information given.

Provide your final answer directly and concisely. Output must be the human-readable value, not an option code.

Rules:
- For MCQ fields, map any letter codes in the Responses (case-insensitive) to the corresponding option text from the Questions schema, and output only that text. Do NOT include the letter or both.
  Example: If the schema is """"[MCQ: A. Abnormal B. Inconclusive C. Normal]"""" and the response is """"a"""", output """"Abnormal"""".
- For open-ended fields, output the exact text value.
- If the question asks for a count, provide only the number (e.g., """"42"""").
- If the question asks for a list of names or IDs, provide a simple comma-separated list (e.g., """"17, 21, 23"""").
- Preserve capitalization exactly as in the schema (e.g., output """"Abnormal"""", not """"abnormal"""" or """"A"""").

<task>
Which respondents have a total score across all rubric items that is higher than the average total score for all respondents?
</task>""","12, 5, 17, 19",False
case_49,rule_based_querying,Find all respondents whose 'Assessment' is greater than the average 'Assessment' for their session name.,"""Survey Data
==================================================

Questions:
1. Date: What is the date of the session? [Open-ended]
2. SessionName: What is the name of the session? [Open-ended]
3. Identification: Identification of self, role, and patient. [Rubric: 0 = Requires direct prompting, 1 = Introduces themselves but only after a hint, 2 = Introduces themselves but information is incomplete, 3 = Introduces themselves and information is complete]
4. Situation: Identifies the main problem(s). [Rubric: 0 = Unable to identify the main problem(s), 1 = Identifies the main problem(s) after extended prompting, 2 = Identifies the main problem(s) with fewer prompts needed, 3 = Identifies and prioritizes the main problem(s) unprompted]
5. Background (history): Gives appropriate history. [Rubric: 0 = History is unstructured or non-relevant, 1 = Relevant history but frequent clarification needed, 2 = Relevant history with few further questions needed, 3 = Comprehensive focused history]
6. Background (examination): Gives appropriate examination/observations. [Rubric: 0 = Observations are omitted or irrelevant, 1 = Observations reported but frequent clarification needed, 2 = Observations reported with few further questions needed, 3 = Comprehensive focused examination/observations]
7. Assessment: Makes logical assessment (correlates problem, history, exam, context). [Rubric: 0 = No logical assessment, 1 = Assessment only after extended questioning, 2 = Assessment after minimal questioning, 3 = Comprehensive logical assessment without questioning]
8. Recommendation (clear recommendation): Makes a clear recommendation. [Rubric: 0 = No recommendation, 1 = Clear recommendation only after extended questioning, 2 = Clear recommendation after minimal questioning, 3 = Clear comprehensive recommendation without questioning]
9. Recommendation (global rating scale): Global Rating Scale (GRS) - How confident am I that I received an accurate picture of the patient? [Rubric: 0 = Not at all confident, 1 = Confident but required extended questioning, 2 = Confident but required some further questioning, 3 = Confident and required little or no questioning]
10. Comments: Comments on the session. [Open-ended]

Responses:
--------------------

Respondent 6:
  Date: 2025-04-04
  SessionName: II (Anaphylactic Shock)
  Identification: 3
  Situation: 2
  Background (history): 3
  Background (examination): 3
  Assessment: 2
  Recommendation (clear recommendation): 2
  Recommendation (global rating scale): 3
  Comments: 

Respondent 16:
  Date: 2025-05-02
  SessionName: I - MI
  Identification: 3
  Situation: 3
  Background (history): 3
  Background (examination): 3
  Assessment: 3
  Recommendation (clear recommendation): 2
  Recommendation (global rating scale): 3
  Comments: Consent denied for video recordings
Satisfactory

Respondent 21:
  Date: 2025-05-16
  SessionName: I (Myocardial infarction)
  Identification: 3
  Situation: 2
  Background (history): 3
  Background (examination): 1
  Assessment: 2
  Recommendation (clear recommendation): 3
  Recommendation (global rating scale): 3
  Comments: Diagnostic clarity is present
Good and early assessment of condition is done

Respondent 18:
  Date: 2025-05-04
  SessionName: IV - VT
  Identification: 3
  Situation: 3
  Background (history): 2
  Background (examination): 2
  Assessment: 3
  Recommendation (clear recommendation): 2
  Recommendation (global rating scale): 2
  Comments: Not very concise or clear communication
Satisfactory

Respondent 23:
  Date: 2025-03-14
  SessionName: II-Anaphylaxsis
  Identification: 3
  Situation: 3
  Background (history): 2
  Background (examination): 2
  Assessment: 3
  Recommendation (clear recommendation): 3
  Recommendation (global rating scale): 3
  Comments: Time: (11:43-11:58)
Talking to registrav could not summarize the condition of patient very clearly
DID: Sepsis I Anaphylaxsis given by team

Respondent 20:
  Date: 2025-05-02
  SessionName: IV (VT)
  Identification: 3
  Situation: 3
  Background (history): 2
  Background (examination): -1
  Assessment: 3
  Recommendation (clear recommendation): 2
  Recommendation (global rating scale): 3
  Comments: Good

Respondent 19:
  Date: 2025-05-16
  SessionName: I - MI
  Identification: 3
  Situation: 3
  Background (history): 3
  Background (examination): 3
  Assessment: 2
  Recommendation (clear recommendation): 3
  Recommendation (global rating scale): 3
  Comments: Wrong CPR position
Clarity is a bit low over whole case scenario
Satisfactory

Respondent 22:
  Date: 2025-05-16
  SessionName: IV (VT)
  Identification: 3
  Situation: 3
  Background (history): 3
  Background (examination): 3
  Assessment: 2
  Recommendation (clear recommendation): 2
  Recommendation (global rating scale): 3
  Comments: Clear communication skills
Good

Respondent 5:
  Date: 2025-05-04
  SessionName: II - Anaphylaxsis
  Identification: 3
  Situation: 3
  Background (history): 3
  Background (examination): 3
  Assessment: 3
  Recommendation (clear recommendation): 2
  Recommendation (global rating scale): 3
  Comments: Good clear and precise clinical handover
Good

Respondent 3:
  Date: 2025-04-04
  SessionName: III-Sepsis
  Identification: 0
  Situation: 2
  Background (history): 3
  Background (examination): 3
  Assessment: 3
  Recommendation (clear recommendation): 3
  Recommendation (global rating scale): 3
  Comments: The patient/simulation is not oriented in TPP.
Clear communication between Reg and colleague during handover

Respondent 14:
  Date: 2025-03-14
  SessionName: IV-Hypoglycemia
  Identification: 3
  Situation: 3
  Background (history): 2
  Background (examination): 2
  Assessment: 3
  Recommendation (clear recommendation): 1
  Recommendation (global rating scale): 2
  Comments: Time: (2:36-2:53)
Late response for considering consultation

""","""['16', '20']""","""<example>
List all respondents from the '(MI)-VT' session whose 'Recommendation (global rating scale)' is exactly 0.

DATA:

Survey Data
==================================================

Questions:
1. Date: What is the date of the session? [Open-ended]
2. SessionName: What is the name of the session? [Open-ended]
3. Identification: Identification of self, role, and patient. [Rubric: 0 = Requires direct prompting, 1 = Introduces themselves but only after a hint, 2 = Introduces themselves but information is incomplete, 3 = Introduces themselves and information is complete]
4. Situation: Identifies the main problem(s). [Rubric: 0 = Unable to identify the main problem(s), 1 = Identifies the main problem(s) after extended prompting, 2 = Identifies the main problem(s) with fewer prompts needed, 3 = Identifies and prioritizes the main problem(s) unprompted]
5. Background (history): Gives appropriate history. [Rubric: 0 = History is unstructured or non-relevant, 1 = Relevant history but frequent clarification needed, 2 = Relevant history with few further questions needed, 3 = Comprehensive focused history]
6. Background (examination): Gives appropriate examination/observations. [Rubric: 0 = Observations are omitted or irrelevant, 1 = Observations reported but frequent clarification needed, 2 = Observations reported with few further questions needed, 3 = Comprehensive focused examination/observations]
7. Assessment: Makes logical assessment (correlates problem, history, exam, context). [Rubric: 0 = No logical assessment, 1 = Assessment only after extended questioning, 2 = Assessment after minimal questioning, 3 = Comprehensive logical assessment without questioning]
8. Recommendation (clear recommendation): Makes a clear recommendation. [Rubric: 0 = No recommendation, 1 = Clear recommendation only after extended questioning, 2 = Clear recommendation after minimal questioning, 3 = Clear comprehensive recommendation without questioning]
9. Recommendation (global rating scale): Global Rating Scale (GRS) - How confident am I that I received an accurate picture of the patient? [Rubric: 0 = Not at all confident, 1 = Confident but required extended questioning, 2 = Confident but required some further questioning, 3 = Confident and required little or no questioning]
10. Comments: Comments on the session. [Open-ended]

Responses:
--------------------

Respondent 6:
  Date: 2025-04-04
  SessionName: II (Anaphylactic Shock)
  Identification: 3
  Situation: 2
  Background (history): 3
  Background (examination): 3
  Assessment: 2
  Recommendation (clear recommendation): 2
  Recommendation (global rating scale): 3
  Comments: 

Respondent 16:
  Date: 2025-05-02
  SessionName: I - MI
  Identification: 3
  Situation: 3
  Background (history): 3
  Background (examination): 3
  Assessment: 3
  Recommendation (clear recommendation): 2
  Recommendation (global rating scale): 3
  Comments: Consent denied for video recordings
Satisfactory

Respondent 21:
  Date: 2025-05-16
  SessionName: I (Myocardial infarction)
  Identification: 3
  Situation: 2
  Background (history): 3
  Background (examination): 1
  Assessment: 2
  Recommendation (clear recommendation): 3
  Recommendation (global rating scale): 3
  Comments: Diagnostic clarity is present
Good and early assessment of condition is done

Respondent 18:
  Date: 2025-05-04
  SessionName: IV - VT
  Identification: 3
  Situation: 3
  Background (history): 2
  Background (examination): 2
  Assessment: 3
  Recommendation (clear recommendation): 2
  Recommendation (global rating scale): 2
  Comments: Not very concise or clear communication
Satisfactory

Respondent 23:
  Date: 2025-03-14
  SessionName: II-Anaphylaxsis
  Identification: 3
  Situation: 3
  Background (history): 2
  Background (examination): 2
  Assessment: 3
  Recommendation (clear recommendation): 3
  Recommendation (global rating scale): 3
  Comments: Time: (11:43-11:58)
Talking to registrav could not summarize the condition of patient very clearly
DID: Sepsis I Anaphylaxsis given by team

Respondent 20:
  Date: 2025-05-02
  SessionName: IV (VT)
  Identification: 3
  Situation: 3
  Background (history): 2
  Background (examination): -1
  Assessment: 3
  Recommendation (clear recommendation): 2
  Recommendation (global rating scale): 3
  Comments: Good

Respondent 19:
  Date: 2025-05-16
  SessionName: I - MI
  Identification: 3
  Situation: 3
  Background (history): 3
  Background (examination): 3
  Assessment: 2
  Recommendation (clear recommendation): 3
  Recommendation (global rating scale): 3
  Comments: Wrong CPR position
Clarity is a bit low over whole case scenario
Satisfactory

Respondent 22:
  Date: 2025-05-16
  SessionName: IV (VT)
  Identification: 3
  Situation: 3
  Background (history): 3
  Background (examination): 3
  Assessment: 2
  Recommendation (clear recommendation): 2
  Recommendation (global rating scale): 3
  Comments: Clear communication skills
Good

Respondent 5:
  Date: 2025-05-04
  SessionName: II - Anaphylaxsis
  Identification: 3
  Situation: 3
  Background (history): 3
  Background (examination): 3
  Assessment: 3
  Recommendation (clear recommendation): 2
  Recommendation (global rating scale): 3
  Comments: Good clear and precise clinical handover
Good

Respondent 3:
  Date: 2025-04-04
  SessionName: III-Sepsis
  Identification: 0
  Situation: 2
  Background (history): 3
  Background (examination): 3
  Assessment: 3
  Recommendation (clear recommendation): 3
  Recommendation (global rating scale): 3
  Comments: The patient/simulation is not oriented in TPP.
Clear communication between Reg and colleague during handover

Respondent 14:
  Date: 2025-03-14
  SessionName: IV-Hypoglycemia
  Identification: 3
  Situation: 3
  Background (history): 2
  Background (examination): 2
  Assessment: 3
  Recommendation (clear recommendation): 1
  Recommendation (global rating scale): 2
  Comments: Time: (2:36-2:53)
Late response for considering consultation



Answer: []
</example>

<questionnaire>
Survey Data
==================================================

Questions:
1. Date: What is the date of the session? [Open-ended]
2. SessionName: What is the name of the session? [Open-ended]
3. Identification: Identification of self, role, and patient. [Rubric: 0 = Requires direct prompting, 1 = Introduces themselves but only after a hint, 2 = Introduces themselves but information is incomplete, 3 = Introduces themselves and information is complete]
4. Situation: Identifies the main problem(s). [Rubric: 0 = Unable to identify the main problem(s), 1 = Identifies the main problem(s) after extended prompting, 2 = Identifies the main problem(s) with fewer prompts needed, 3 = Identifies and prioritizes the main problem(s) unprompted]
5. Background (history): Gives appropriate history. [Rubric: 0 = History is unstructured or non-relevant, 1 = Relevant history but frequent clarification needed, 2 = Relevant history with few further questions needed, 3 = Comprehensive focused history]
6. Background (examination): Gives appropriate examination/observations. [Rubric: 0 = Observations are omitted or irrelevant, 1 = Observations reported but frequent clarification needed, 2 = Observations reported with few further questions needed, 3 = Comprehensive focused examination/observations]
7. Assessment: Makes logical assessment (correlates problem, history, exam, context). [Rubric: 0 = No logical assessment, 1 = Assessment only after extended questioning, 2 = Assessment after minimal questioning, 3 = Comprehensive logical assessment without questioning]
8. Recommendation (clear recommendation): Makes a clear recommendation. [Rubric: 0 = No recommendation, 1 = Clear recommendation only after extended questioning, 2 = Clear recommendation after minimal questioning, 3 = Clear comprehensive recommendation without questioning]
9. Recommendation (global rating scale): Global Rating Scale (GRS) - How confident am I that I received an accurate picture of the patient? [Rubric: 0 = Not at all confident, 1 = Confident but required extended questioning, 2 = Confident but required some further questioning, 3 = Confident and required little or no questioning]
10. Comments: Comments on the session. [Open-ended]

Responses:
--------------------

Respondent 6:
  Date: 2025-04-04
  SessionName: II (Anaphylactic Shock)
  Identification: 3
  Situation: 2
  Background (history): 3
  Background (examination): 3
  Assessment: 2
  Recommendation (clear recommendation): 2
  Recommendation (global rating scale): 3
  Comments: 

Respondent 16:
  Date: 2025-05-02
  SessionName: I - MI
  Identification: 3
  Situation: 3
  Background (history): 3
  Background (examination): 3
  Assessment: 3
  Recommendation (clear recommendation): 2
  Recommendation (global rating scale): 3
  Comments: Consent denied for video recordings
Satisfactory

Respondent 21:
  Date: 2025-05-16
  SessionName: I (Myocardial infarction)
  Identification: 3
  Situation: 2
  Background (history): 3
  Background (examination): 1
  Assessment: 2
  Recommendation (clear recommendation): 3
  Recommendation (global rating scale): 3
  Comments: Diagnostic clarity is present
Good and early assessment of condition is done

Respondent 18:
  Date: 2025-05-04
  SessionName: IV - VT
  Identification: 3
  Situation: 3
  Background (history): 2
  Background (examination): 2
  Assessment: 3
  Recommendation (clear recommendation): 2
  Recommendation (global rating scale): 2
  Comments: Not very concise or clear communication
Satisfactory

Respondent 23:
  Date: 2025-03-14
  SessionName: II-Anaphylaxsis
  Identification: 3
  Situation: 3
  Background (history): 2
  Background (examination): 2
  Assessment: 3
  Recommendation (clear recommendation): 3
  Recommendation (global rating scale): 3
  Comments: Time: (11:43-11:58)
Talking to registrav could not summarize the condition of patient very clearly
DID: Sepsis I Anaphylaxsis given by team

Respondent 20:
  Date: 2025-05-02
  SessionName: IV (VT)
  Identification: 3
  Situation: 3
  Background (history): 2
  Background (examination): -1
  Assessment: 3
  Recommendation (clear recommendation): 2
  Recommendation (global rating scale): 3
  Comments: Good

Respondent 19:
  Date: 2025-05-16
  SessionName: I - MI
  Identification: 3
  Situation: 3
  Background (history): 3
  Background (examination): 3
  Assessment: 2
  Recommendation (clear recommendation): 3
  Recommendation (global rating scale): 3
  Comments: Wrong CPR position
Clarity is a bit low over whole case scenario
Satisfactory

Respondent 22:
  Date: 2025-05-16
  SessionName: IV (VT)
  Identification: 3
  Situation: 3
  Background (history): 3
  Background (examination): 3
  Assessment: 2
  Recommendation (clear recommendation): 2
  Recommendation (global rating scale): 3
  Comments: Clear communication skills
Good

Respondent 5:
  Date: 2025-05-04
  SessionName: II - Anaphylaxsis
  Identification: 3
  Situation: 3
  Background (history): 3
  Background (examination): 3
  Assessment: 3
  Recommendation (clear recommendation): 2
  Recommendation (global rating scale): 3
  Comments: Good clear and precise clinical handover
Good

Respondent 3:
  Date: 2025-04-04
  SessionName: III-Sepsis
  Identification: 0
  Situation: 2
  Background (history): 3
  Background (examination): 3
  Assessment: 3
  Recommendation (clear recommendation): 3
  Recommendation (global rating scale): 3
  Comments: The patient/simulation is not oriented in TPP.
Clear communication between Reg and colleague during handover

Respondent 14:
  Date: 2025-03-14
  SessionName: IV-Hypoglycemia
  Identification: 3
  Situation: 3
  Background (history): 2
  Background (examination): 2
  Assessment: 3
  Recommendation (clear recommendation): 1
  Recommendation (global rating scale): 2
  Comments: Time: (2:36-2:53)
Late response for considering consultation


</questionnaire>

You are a meticulous data analyst AI. Your primary function is to accurately analyze structured data and provide precise, verifiable answers.

You will be given a dataset with two key parts:

A 'questions' section: This is your data dictionary or schema. It is the single source of truth for understanding what each field and score means. Refer to it carefully.

A 'responses' section: This contains the raw data from each individual respondent.

To answer the question correctly, you must first use the 'questions' schema to fully understand the context and meaning of the data points within the 'responses'. Do not rely on any prior knowledge outside of this provided data. Base your entire analysis on the information given.

Provide your final answer directly and concisely. Output must be the human-readable value, not an option code.

Rules:
- For MCQ fields, map any letter codes in the Responses (case-insensitive) to the corresponding option text from the Questions schema, and output only that text. Do NOT include the letter or both.
  Example: If the schema is """"[MCQ: A. Abnormal B. Inconclusive C. Normal]"""" and the response is """"a"""", output """"Abnormal"""".
- For open-ended fields, output the exact text value.
- If the question asks for a count, provide only the number (e.g., """"42"""").
- If the question asks for a list of names or IDs, provide a simple comma-separated list (e.g., """"17, 21, 23"""").
- Preserve capitalization exactly as in the schema (e.g., output """"Abnormal"""", not """"abnormal"""" or """"A"""").

<task>
Find all respondents whose 'Assessment' is greater than the average 'Assessment' for their session name.
</task>""","16, 20",False
case_50,rule_based_querying,List all respondents whose 'Background (history)' is within 1 point of the lowest 'Identification' for their session name.,"Survey Data
==================================================

Questions:
1. Date: What is the date of the session? [Open-ended]
2. SessionName: What is the name of the session? [Open-ended]
3. Identification: Identification of self, role, and patient. [Rubric: 0 = Requires direct prompting, 1 = Introduces themselves but only after a hint, 2 = Introduces themselves but information is incomplete, 3 = Introduces themselves and information is complete]
4. Situation: Identifies the main problem(s). [Rubric: 0 = Unable to identify the main problem(s), 1 = Identifies the main problem(s) after extended prompting, 2 = Identifies the main problem(s) with fewer prompts needed, 3 = Identifies and prioritizes the main problem(s) unprompted]
5. Background (history): Gives appropriate history. [Rubric: 0 = History is unstructured or non-relevant, 1 = Relevant history but frequent clarification needed, 2 = Relevant history with few further questions needed, 3 = Comprehensive focused history]
6. Background (examination): Gives appropriate examination/observations. [Rubric: 0 = Observations are omitted or irrelevant, 1 = Observations reported but frequent clarification needed, 2 = Observations reported with few further questions needed, 3 = Comprehensive focused examination/observations]
7. Assessment: Makes logical assessment (correlates problem, history, exam, context). [Rubric: 0 = No logical assessment, 1 = Assessment only after extended questioning, 2 = Assessment after minimal questioning, 3 = Comprehensive logical assessment without questioning]
8. Recommendation (clear recommendation): Makes a clear recommendation. [Rubric: 0 = No recommendation, 1 = Clear recommendation only after extended questioning, 2 = Clear recommendation after minimal questioning, 3 = Clear comprehensive recommendation without questioning]
9. Recommendation (global rating scale): Global Rating Scale (GRS) - How confident am I that I received an accurate picture of the patient? [Rubric: 0 = Not at all confident, 1 = Confident but required extended questioning, 2 = Confident but required some further questioning, 3 = Confident and required little or no questioning]
10. Comments: Comments on the session. [Open-ended]

Responses:
--------------------

Respondent 15:
  Date: 2025-05-04
  SessionName: III - Sepsis
  Identification: 3
  Situation: 3
  Background (history): 2
  Background (examination): 3
  Assessment: 2
  Recommendation (clear recommendation): 2
  Recommendation (global rating scale): 2
  Comments: Detailed Response - clear communication

Respondent 20:
  Date: 2025-05-02
  SessionName: IV (VT)
  Identification: 3
  Situation: 3
  Background (history): 2
  Background (examination): -1
  Assessment: 3
  Recommendation (clear recommendation): 2
  Recommendation (global rating scale): 3
  Comments: Good

Respondent 2:
  Date: 2025-04-04
  SessionName: MI
  Identification: 3
  Situation: 3
  Background (history): 2
  Background (examination): 3
  Assessment: 3
  Recommendation (clear recommendation): 2
  Recommendation (global rating scale): 1
  Comments: 

Respondent 12:
  Date: 2025-05-02
  SessionName: II (Anaphylaxis)
  Identification: 3
  Situation: 3
  Background (history): 3
  Background (examination): 3
  Assessment: 2
  Recommendation (clear recommendation): 3
  Recommendation (global rating scale): 3
  Comments: Good

Respondent 1:
  Date: 2025-05-02
  SessionName: V (Hypoglycemia)
  Identification: -1
  Situation: 2
  Background (history): 2
  Background (examination): 2
  Assessment: 3
  Recommendation (clear recommendation): 2
  Recommendation (global rating scale): 2
  Comments: Satisfactory

Respondent 16:
  Date: 2025-05-02
  SessionName: I - MI
  Identification: 3
  Situation: 3
  Background (history): 3
  Background (examination): 3
  Assessment: 3
  Recommendation (clear recommendation): 2
  Recommendation (global rating scale): 3
  Comments: Consent denied for video recordings
Satisfactory

Respondent 5:
  Date: 2025-05-04
  SessionName: II - Anaphylaxsis
  Identification: 3
  Situation: 3
  Background (history): 3
  Background (examination): 3
  Assessment: 3
  Recommendation (clear recommendation): 2
  Recommendation (global rating scale): 3
  Comments: Good clear and precise clinical handover
Good

Respondent 7:
  Date: 2025-03-14
  SessionName: III-Sepsis
  Identification: 3
  Situation: 3
  Background (history): 2
  Background (examination): 3
  Assessment: 2
  Recommendation (clear recommendation): 2
  Recommendation (global rating scale): 2
  Comments: Time: (1:00-1:17)

Respondent 14:
  Date: 2025-03-14
  SessionName: IV-Hypoglycemia
  Identification: 3
  Situation: 3
  Background (history): 2
  Background (examination): 2
  Assessment: 3
  Recommendation (clear recommendation): 1
  Recommendation (global rating scale): 2
  Comments: Time: (2:36-2:53)
Late response for considering consultation

Respondent 18:
  Date: 2025-05-04
  SessionName: IV - VT
  Identification: 3
  Situation: 3
  Background (history): 2
  Background (examination): 2
  Assessment: 3
  Recommendation (clear recommendation): 2
  Recommendation (global rating scale): 2
  Comments: Not very concise or clear communication
Satisfactory

","['15', '20', '2', '12', '16', '5', '7', '14', '18']","<example>
List all respondents from the '(MI)-VT' session whose 'Recommendation (global rating scale)' is exactly 0.

DATA:

Survey Data
==================================================

Questions:
1. Date: What is the date of the session? [Open-ended]
2. SessionName: What is the name of the session? [Open-ended]
3. Identification: Identification of self, role, and patient. [Rubric: 0 = Requires direct prompting, 1 = Introduces themselves but only after a hint, 2 = Introduces themselves but information is incomplete, 3 = Introduces themselves and information is complete]
4. Situation: Identifies the main problem(s). [Rubric: 0 = Unable to identify the main problem(s), 1 = Identifies the main problem(s) after extended prompting, 2 = Identifies the main problem(s) with fewer prompts needed, 3 = Identifies and prioritizes the main problem(s) unprompted]
5. Background (history): Gives appropriate history. [Rubric: 0 = History is unstructured or non-relevant, 1 = Relevant history but frequent clarification needed, 2 = Relevant history with few further questions needed, 3 = Comprehensive focused history]
6. Background (examination): Gives appropriate examination/observations. [Rubric: 0 = Observations are omitted or irrelevant, 1 = Observations reported but frequent clarification needed, 2 = Observations reported with few further questions needed, 3 = Comprehensive focused examination/observations]
7. Assessment: Makes logical assessment (correlates problem, history, exam, context). [Rubric: 0 = No logical assessment, 1 = Assessment only after extended questioning, 2 = Assessment after minimal questioning, 3 = Comprehensive logical assessment without questioning]
8. Recommendation (clear recommendation): Makes a clear recommendation. [Rubric: 0 = No recommendation, 1 = Clear recommendation only after extended questioning, 2 = Clear recommendation after minimal questioning, 3 = Clear comprehensive recommendation without questioning]
9. Recommendation (global rating scale): Global Rating Scale (GRS) - How confident am I that I received an accurate picture of the patient? [Rubric: 0 = Not at all confident, 1 = Confident but required extended questioning, 2 = Confident but required some further questioning, 3 = Confident and required little or no questioning]
10. Comments: Comments on the session. [Open-ended]

Responses:
--------------------

Respondent 15:
  Date: 2025-05-04
  SessionName: III - Sepsis
  Identification: 3
  Situation: 3
  Background (history): 2
  Background (examination): 3
  Assessment: 2
  Recommendation (clear recommendation): 2
  Recommendation (global rating scale): 2
  Comments: Detailed Response - clear communication

Respondent 20:
  Date: 2025-05-02
  SessionName: IV (VT)
  Identification: 3
  Situation: 3
  Background (history): 2
  Background (examination): -1
  Assessment: 3
  Recommendation (clear recommendation): 2
  Recommendation (global rating scale): 3
  Comments: Good

Respondent 2:
  Date: 2025-04-04
  SessionName: MI
  Identification: 3
  Situation: 3
  Background (history): 2
  Background (examination): 3
  Assessment: 3
  Recommendation (clear recommendation): 2
  Recommendation (global rating scale): 1
  Comments: 

Respondent 12:
  Date: 2025-05-02
  SessionName: II (Anaphylaxis)
  Identification: 3
  Situation: 3
  Background (history): 3
  Background (examination): 3
  Assessment: 2
  Recommendation (clear recommendation): 3
  Recommendation (global rating scale): 3
  Comments: Good

Respondent 1:
  Date: 2025-05-02
  SessionName: V (Hypoglycemia)
  Identification: -1
  Situation: 2
  Background (history): 2
  Background (examination): 2
  Assessment: 3
  Recommendation (clear recommendation): 2
  Recommendation (global rating scale): 2
  Comments: Satisfactory

Respondent 16:
  Date: 2025-05-02
  SessionName: I - MI
  Identification: 3
  Situation: 3
  Background (history): 3
  Background (examination): 3
  Assessment: 3
  Recommendation (clear recommendation): 2
  Recommendation (global rating scale): 3
  Comments: Consent denied for video recordings
Satisfactory

Respondent 5:
  Date: 2025-05-04
  SessionName: II - Anaphylaxsis
  Identification: 3
  Situation: 3
  Background (history): 3
  Background (examination): 3
  Assessment: 3
  Recommendation (clear recommendation): 2
  Recommendation (global rating scale): 3
  Comments: Good clear and precise clinical handover
Good

Respondent 7:
  Date: 2025-03-14
  SessionName: III-Sepsis
  Identification: 3
  Situation: 3
  Background (history): 2
  Background (examination): 3
  Assessment: 2
  Recommendation (clear recommendation): 2
  Recommendation (global rating scale): 2
  Comments: Time: (1:00-1:17)

Respondent 14:
  Date: 2025-03-14
  SessionName: IV-Hypoglycemia
  Identification: 3
  Situation: 3
  Background (history): 2
  Background (examination): 2
  Assessment: 3
  Recommendation (clear recommendation): 1
  Recommendation (global rating scale): 2
  Comments: Time: (2:36-2:53)
Late response for considering consultation

Respondent 18:
  Date: 2025-05-04
  SessionName: IV - VT
  Identification: 3
  Situation: 3
  Background (history): 2
  Background (examination): 2
  Assessment: 3
  Recommendation (clear recommendation): 2
  Recommendation (global rating scale): 2
  Comments: Not very concise or clear communication
Satisfactory



Answer: []
</example>

<questionnaire>
Survey Data
==================================================

Questions:
1. Date: What is the date of the session? [Open-ended]
2. SessionName: What is the name of the session? [Open-ended]
3. Identification: Identification of self, role, and patient. [Rubric: 0 = Requires direct prompting, 1 = Introduces themselves but only after a hint, 2 = Introduces themselves but information is incomplete, 3 = Introduces themselves and information is complete]
4. Situation: Identifies the main problem(s). [Rubric: 0 = Unable to identify the main problem(s), 1 = Identifies the main problem(s) after extended prompting, 2 = Identifies the main problem(s) with fewer prompts needed, 3 = Identifies and prioritizes the main problem(s) unprompted]
5. Background (history): Gives appropriate history. [Rubric: 0 = History is unstructured or non-relevant, 1 = Relevant history but frequent clarification needed, 2 = Relevant history with few further questions needed, 3 = Comprehensive focused history]
6. Background (examination): Gives appropriate examination/observations. [Rubric: 0 = Observations are omitted or irrelevant, 1 = Observations reported but frequent clarification needed, 2 = Observations reported with few further questions needed, 3 = Comprehensive focused examination/observations]
7. Assessment: Makes logical assessment (correlates problem, history, exam, context). [Rubric: 0 = No logical assessment, 1 = Assessment only after extended questioning, 2 = Assessment after minimal questioning, 3 = Comprehensive logical assessment without questioning]
8. Recommendation (clear recommendation): Makes a clear recommendation. [Rubric: 0 = No recommendation, 1 = Clear recommendation only after extended questioning, 2 = Clear recommendation after minimal questioning, 3 = Clear comprehensive recommendation without questioning]
9. Recommendation (global rating scale): Global Rating Scale (GRS) - How confident am I that I received an accurate picture of the patient? [Rubric: 0 = Not at all confident, 1 = Confident but required extended questioning, 2 = Confident but required some further questioning, 3 = Confident and required little or no questioning]
10. Comments: Comments on the session. [Open-ended]

Responses:
--------------------

Respondent 15:
  Date: 2025-05-04
  SessionName: III - Sepsis
  Identification: 3
  Situation: 3
  Background (history): 2
  Background (examination): 3
  Assessment: 2
  Recommendation (clear recommendation): 2
  Recommendation (global rating scale): 2
  Comments: Detailed Response - clear communication

Respondent 20:
  Date: 2025-05-02
  SessionName: IV (VT)
  Identification: 3
  Situation: 3
  Background (history): 2
  Background (examination): -1
  Assessment: 3
  Recommendation (clear recommendation): 2
  Recommendation (global rating scale): 3
  Comments: Good

Respondent 2:
  Date: 2025-04-04
  SessionName: MI
  Identification: 3
  Situation: 3
  Background (history): 2
  Background (examination): 3
  Assessment: 3
  Recommendation (clear recommendation): 2
  Recommendation (global rating scale): 1
  Comments: 

Respondent 12:
  Date: 2025-05-02
  SessionName: II (Anaphylaxis)
  Identification: 3
  Situation: 3
  Background (history): 3
  Background (examination): 3
  Assessment: 2
  Recommendation (clear recommendation): 3
  Recommendation (global rating scale): 3
  Comments: Good

Respondent 1:
  Date: 2025-05-02
  SessionName: V (Hypoglycemia)
  Identification: -1
  Situation: 2
  Background (history): 2
  Background (examination): 2
  Assessment: 3
  Recommendation (clear recommendation): 2
  Recommendation (global rating scale): 2
  Comments: Satisfactory

Respondent 16:
  Date: 2025-05-02
  SessionName: I - MI
  Identification: 3
  Situation: 3
  Background (history): 3
  Background (examination): 3
  Assessment: 3
  Recommendation (clear recommendation): 2
  Recommendation (global rating scale): 3
  Comments: Consent denied for video recordings
Satisfactory

Respondent 5:
  Date: 2025-05-04
  SessionName: II - Anaphylaxsis
  Identification: 3
  Situation: 3
  Background (history): 3
  Background (examination): 3
  Assessment: 3
  Recommendation (clear recommendation): 2
  Recommendation (global rating scale): 3
  Comments: Good clear and precise clinical handover
Good

Respondent 7:
  Date: 2025-03-14
  SessionName: III-Sepsis
  Identification: 3
  Situation: 3
  Background (history): 2
  Background (examination): 3
  Assessment: 2
  Recommendation (clear recommendation): 2
  Recommendation (global rating scale): 2
  Comments: Time: (1:00-1:17)

Respondent 14:
  Date: 2025-03-14
  SessionName: IV-Hypoglycemia
  Identification: 3
  Situation: 3
  Background (history): 2
  Background (examination): 2
  Assessment: 3
  Recommendation (clear recommendation): 1
  Recommendation (global rating scale): 2
  Comments: Time: (2:36-2:53)
Late response for considering consultation

Respondent 18:
  Date: 2025-05-04
  SessionName: IV - VT
  Identification: 3
  Situation: 3
  Background (history): 2
  Background (examination): 2
  Assessment: 3
  Recommendation (clear recommendation): 2
  Recommendation (global rating scale): 2
  Comments: Not very concise or clear communication
Satisfactory


</questionnaire>

You are a meticulous data analyst AI. Your primary function is to accurately analyze structured data and provide precise, verifiable answers.

You will be given a dataset with two key parts:

A 'questions' section: This is your data dictionary or schema. It is the single source of truth for understanding what each field and score means. Refer to it carefully.

A 'responses' section: This contains the raw data from each individual respondent.

To answer the question correctly, you must first use the 'questions' schema to fully understand the context and meaning of the data points within the 'responses'. Do not rely on any prior knowledge outside of this provided data. Base your entire analysis on the information given.

Provide your final answer directly and concisely. Output must be the human-readable value, not an option code.

Rules:
- For MCQ fields, map any letter codes in the Responses (case-insensitive) to the corresponding option text from the Questions schema, and output only that text. Do NOT include the letter or both.
  Example: If the schema is ""[MCQ: A. Abnormal B. Inconclusive C. Normal]"" and the response is ""a"", output ""Abnormal"".
- For open-ended fields, output the exact text value.
- If the question asks for a count, provide only the number (e.g., ""42"").
- If the question asks for a list of names or IDs, provide a simple comma-separated list (e.g., ""17, 21, 23"").
- Preserve capitalization exactly as in the schema (e.g., output ""Abnormal"", not ""abnormal"" or ""A"").

<task>
List all respondents whose 'Background (history)' is within 1 point of the lowest 'Identification' for their session name.
</task>",EMPTY_MODEL_RESPONSE,False
